Time,CH1
0.0,2.6345725
2.0E-6,2.6345725
4.0E-6,2.6345725
6.0E-6,2.6808028
8.0E-6,2.6808028
1.0E-5,2.6808028
1.2E-5,2.6808028
1.4E-5,2.6808028
1.6E-5,2.6808028
1.8E-5,2.6808028
2.0E-5,2.6808028
2.2E-5,2.6808028
2.4E-5,2.6808028
2.6E-5,2.6808028
2.8E-5,2.6808028
3.0E-5,2.6808028
3.2E-5,2.6808028
3.4E-5,2.6808028
3.6E-5,2.6808028
3.8E-5,2.6808028
4.0E-5,2.6808028
4.2E-5,2.6808028
4.4E-5,2.6808028
4.6E-5,2.6808028
4.8E-5,2.6808028
5.0E-5,2.6808028
5.2E-5,2.6808028
5.4E-5,2.6808028
5.6E-5,2.6808028
5.8E-5,2.6808028
6.0E-5,2.6808028
6.2E-5,2.6808028
6.4E-5,2.6808028
6.6E-5,2.6808028
6.8E-5,2.6808028
7.0E-5,2.6808028
7.2E-5,2.6808028
7.4E-5,2.6808028
7.6E-5,2.6808028
7.8E-5,2.6808028
8.0E-5,2.6808028
8.2E-5,2.6808028
8.4E-5,2.6808028
8.6E-5,2.6808028
8.8E-5,2.6808028
9.0E-5,2.6808028
9.2E-5,2.6808028
9.4E-5,2.6808028
9.6E-5,2.6808028
9.8E-5,2.6808028
1.0E-4,2.6808028
1.02E-4,2.6808028
1.04E-4,2.6808028
1.06E-4,2.6808028
1.08E-4,2.6808028
1.1E-4,2.6808028
1.12E-4,2.6808028
1.14E-4,2.6808028
1.16E-4,2.6808028
1.17999996E-4,2.6808028
1.2E-4,2.6808028
1.22E-4,2.6808028
1.24E-4,2.6808028
1.26E-4,2.6808028
1.28E-4,2.6808028
1.3E-4,2.6808028
1.32E-4,2.6808028
1.34E-4,2.6808028
1.36E-4,2.6808028
1.38E-4,2.6808028
1.4E-4,2.6808028
1.42E-4,2.6808028
1.44E-4,2.6808028
1.46E-4,2.6808028
1.48E-4,2.6808028
1.4999999E-4,2.6808028
1.52E-4,2.6808028
1.54E-4,2.6808028
1.56E-4,2.6808028
1.58E-4,2.6808028
1.6E-4,2.6808028
1.62E-4,2.6808028
1.64E-4,2.6808028
1.66E-4,2.6808028
1.68E-4,2.6808028
1.7E-4,2.6808028
1.72E-4,2.6808028
1.74E-4,2.6808028
1.76E-4,2.6808028
1.78E-4,2.6808028
1.8E-4,2.6808028
1.82E-4,2.6808028
1.84E-4,2.6808028
1.86E-4,2.6808028
1.88E-4,2.6808028
1.9E-4,2.6808028
1.92E-4,2.6808028
1.94E-4,2.6808028
1.96E-4,2.6808028
1.98E-4,2.6808028
2.0E-4,2.6808028
2.02E-4,2.6808028
2.04E-4,2.6808028
2.06E-4,2.6808028
2.08E-4,2.6808028
2.1E-4,2.6808028
2.12E-4,2.6808028
2.14E-4,2.6808028
2.16E-4,2.6808028
2.18E-4,2.6808028
2.2E-4,2.6808028
2.22E-4,2.6808028
2.24E-4,2.6808028
2.26E-4,2.6808028
2.28E-4,2.6808028
2.3E-4,2.6808028
2.32E-4,2.6808028
2.34E-4,2.6808028
2.3599999E-4,2.6808028
2.38E-4,2.6808028
2.4E-4,2.6808028
2.42E-4,2.6808028
2.44E-4,2.6808028
2.46E-4,2.6808028
2.48E-4,2.6808028
2.5E-4,2.6808028
2.52E-4,2.6808028
2.54E-4,2.6808028
2.56E-4,2.6808028
2.58E-4,2.6808028
2.6E-4,2.6808028
2.62E-4,2.6808028
2.64E-4,2.6808028
2.66E-4,2.6808028
2.68E-4,2.6808028
2.7E-4,2.6808028
2.72E-4,2.6808028
2.74E-4,2.6808028
2.76E-4,2.6808028
2.78E-4,2.6808028
2.8E-4,2.6808028
2.82E-4,2.6808028
2.84E-4,2.6808028
2.86E-4,2.6808028
2.88E-4,2.6808028
2.9E-4,2.6808028
2.92E-4,2.6808028
2.94E-4,2.6808028
2.96E-4,2.6808028
2.98E-4,2.6808028
2.9999999E-4,2.6808028
3.02E-4,2.6808028
3.04E-4,2.6808028
3.06E-4,2.6808028
3.08E-4,2.6808028
3.1E-4,2.6808028
3.12E-4,2.6808028
3.14E-4,2.6808028
3.16E-4,2.6808028
3.18E-4,3.8365874
3.2E-4,3.92905
3.22E-4,3.92905
3.24E-4,3.92905
3.26E-4,3.92905
3.28E-4,3.9752812
3.3E-4,3.9752812
3.32E-4,3.9752812
3.34E-4,3.9752812
3.36E-4,3.9752812
3.38E-4,3.9752812
3.4E-4,3.9752812
3.4199998E-4,3.9752812
3.44E-4,3.9752812
3.46E-4,3.9752812
3.48E-4,3.9752812
3.5E-4,3.9752812
3.52E-4,3.9752812
3.54E-4,3.9752812
3.56E-4,3.9752812
3.58E-4,3.9752812
3.6E-4,3.9752812
3.62E-4,3.9752812
3.64E-4,3.9752812
3.66E-4,3.9752812
3.68E-4,3.9752812
3.7E-4,3.9752812
3.72E-4,3.9752812
3.74E-4,3.9752812
3.76E-4,3.9752812
3.78E-4,3.9752812
3.8E-4,3.9752812
3.82E-4,3.9752812
3.84E-4,3.9752812
3.86E-4,3.9752812
3.88E-4,3.9752812
3.9E-4,3.9752812
3.92E-4,3.9752812
3.94E-4,3.9752812
3.96E-4,3.9752812
3.98E-4,3.9752812
4.0E-4,3.9752812
4.02E-4,3.9752812
4.04E-4,3.9752812
4.06E-4,3.9752812
4.08E-4,3.9752812
4.1E-4,3.9752812
4.12E-4,3.9752812
4.14E-4,3.9752812
4.16E-4,3.9752812
4.18E-4,3.9752812
4.2E-4,3.9752812
4.22E-4,3.9752812
4.24E-4,3.9752812
4.26E-4,3.9752812
4.28E-4,3.9752812
4.3E-4,3.9752812
4.32E-4,3.9752812
4.34E-4,3.9752812
4.36E-4,3.9752812
4.38E-4,3.9752812
4.4E-4,3.9752812
4.42E-4,3.9752812
4.44E-4,3.9752812
4.46E-4,3.9752812
4.48E-4,3.9752812
4.5E-4,3.9752812
4.52E-4,3.9752812
4.54E-4,3.9752812
4.56E-4,3.9752812
4.58E-4,3.9752812
4.6E-4,3.9752812
4.62E-4,3.9752812
4.64E-4,3.9752812
4.66E-4,3.9752812
4.68E-4,3.9752812
4.7E-4,3.9752812
4.7199999E-4,3.9752812
4.74E-4,3.9752812
4.76E-4,3.9752812
4.78E-4,3.9752812
4.8E-4,3.9752812
4.82E-4,3.9752812
4.84E-4,3.9752812
4.86E-4,3.9752812
4.88E-4,3.9752812
4.9E-4,3.9752812
4.92E-4,3.9752812
4.94E-4,3.9752812
4.96E-4,3.9752812
4.98E-4,3.9752812
5.0E-4,3.9752812
5.02E-4,3.9752812
5.04E-4,3.9752812
5.06E-4,3.9752812
5.08E-4,3.9752812
5.1E-4,3.9752812
5.12E-4,3.9752812
5.14E-4,3.9752812
5.16E-4,3.9752812
5.18E-4,3.9752812
5.2E-4,3.9752812
5.22E-4,3.9752812
5.24E-4,3.9752812
5.26E-4,3.9752812
5.28E-4,3.9752812
5.3E-4,3.9752812
5.32E-4,3.9752812
5.34E-4,3.9752812
5.36E-4,3.9752812
5.38E-4,3.9752812
5.4E-4,3.9752812
5.42E-4,3.9752812
5.44E-4,3.9752812
5.46E-4,3.9752812
5.48E-4,3.9752812
5.5E-4,3.9752812
5.52E-4,3.9752812
5.54E-4,3.9752812
5.56E-4,3.9752812
5.58E-4,3.9752812
5.6E-4,3.9752812
5.62E-4,3.9752812
5.64E-4,3.9752812
5.66E-4,3.9752812
5.68E-4,3.9752812
5.7E-4,3.9752812
5.72E-4,3.9752812
5.74E-4,3.9752812
5.76E-4,3.9752812
5.78E-4,3.9752812
5.8E-4,3.9752812
5.82E-4,3.9752812
5.84E-4,3.9752812
5.86E-4,3.9752812
5.88E-4,3.9752812
5.9E-4,3.9752812
5.92E-4,3.9752812
5.94E-4,3.9752812
5.96E-4,3.9752812
5.98E-4,3.9752812
5.9999997E-4,3.9752812
6.02E-4,3.9752812
6.04E-4,3.9752812
6.06E-4,3.9752812
6.08E-4,3.9752812
6.1E-4,3.9752812
6.12E-4,3.9752812
6.14E-4,3.9752812
6.16E-4,3.9752812
6.18E-4,3.9752812
6.2E-4,3.9752812
6.22E-4,3.9752812
6.24E-4,3.9752812
6.26E-4,3.9752812
6.28E-4,3.9752812
6.3E-4,3.9752812
6.32E-4,3.9752812
6.34E-4,3.9752812
6.36E-4,3.9752812
6.38E-4,3.9752812
6.4E-4,3.9752812
6.42E-4,3.9752812
6.44E-4,3.9752812
6.46E-4,3.9752812
6.48E-4,3.9752812
6.5E-4,3.9752812
6.52E-4,3.9752812
6.54E-4,3.9752812
6.56E-4,3.9752812
6.58E-4,3.9752812
6.6E-4,3.9752812
6.62E-4,3.9752812
6.64E-4,3.9752812
6.66E-4,3.9752812
6.68E-4,3.9752812
6.7E-4,3.9752812
6.72E-4,3.9752812
6.74E-4,3.9752812
6.76E-4,3.9752812
6.78E-4,3.9752812
6.8E-4,3.9752812
6.82E-4,3.9752812
6.8399997E-4,3.9752812
6.86E-4,3.9752812
6.88E-4,3.9752812
6.9E-4,3.9752812
6.92E-4,3.9752812
6.94E-4,3.9752812
6.96E-4,3.9752812
6.98E-4,3.9752812
7.0E-4,3.9752812
7.02E-4,3.9752812
7.04E-4,3.9752812
7.06E-4,3.9752812
7.08E-4,3.9752812
7.1E-4,3.9752812
7.12E-4,3.9752812
7.14E-4,3.9752812
7.16E-4,3.9752812
7.18E-4,3.9752812
7.2E-4,3.9752812
7.22E-4,3.9752812
7.24E-4,3.9752812
7.26E-4,3.9752812
7.28E-4,3.9752812
7.2999997E-4,3.9752812
7.32E-4,3.9752812
7.34E-4,3.9752812
7.36E-4,3.9752812
7.38E-4,3.9752812
7.4E-4,3.9752812
7.42E-4,3.9752812
7.44E-4,3.9752812
7.46E-4,3.9752812
7.48E-4,3.9752812
7.5E-4,3.9752812
7.52E-4,3.9752812
7.54E-4,3.9752812
7.56E-4,3.9752812
7.58E-4,3.9752812
7.6E-4,3.9752812
7.62E-4,3.9752812
7.64E-4,3.9752812
7.66E-4,3.9752812
7.68E-4,3.9752812
7.7E-4,3.9752812
7.72E-4,3.9752812
7.74E-4,3.9752812
7.76E-4,3.9752812
7.78E-4,3.9752812
7.8E-4,3.9752812
7.82E-4,3.9752812
7.84E-4,3.9752812
7.86E-4,3.9752812
7.88E-4,3.9752812
7.9E-4,3.9752812
7.92E-4,3.9752812
7.94E-4,3.9752812
7.96E-4,3.9752812
7.98E-4,3.9752812
8.0E-4,3.9752812
8.02E-4,3.9752812
8.04E-4,3.9752812
8.06E-4,3.9752812
8.08E-4,3.9752812
8.1E-4,3.9752812
8.12E-4,3.9752812
8.1399997E-4,3.9752812
8.16E-4,3.9752812
8.18E-4,3.9752812
8.2E-4,3.9752812
8.22E-4,3.9752812
8.24E-4,3.9752812
8.26E-4,3.9752812
8.28E-4,3.9752812
8.3E-4,3.9752812
8.32E-4,3.9752812
8.34E-4,3.9752812
8.36E-4,3.9752812
8.38E-4,3.9752812
8.4E-4,3.9752812
8.42E-4,3.9752812
8.44E-4,3.9752812
8.46E-4,3.9752812
8.48E-4,3.9752812
8.5E-4,3.9752812
8.52E-4,3.9752812
8.54E-4,3.9752812
8.56E-4,3.9752812
8.58E-4,3.9752812
8.6E-4,3.9752812
8.62E-4,3.9752812
8.64E-4,3.9752812
8.66E-4,3.9752812
8.68E-4,3.9752812
8.7E-4,3.9752812
8.72E-4,3.9752812
8.74E-4,3.9752812
8.76E-4,3.9752812
8.78E-4,3.9752812
8.8E-4,3.9752812
8.82E-4,3.9752812
8.84E-4,3.9752812
8.86E-4,3.9752812
8.88E-4,3.9752812
8.9E-4,3.9752812
8.92E-4,3.9752812
8.94E-4,3.9752812
8.96E-4,3.9752812
8.9799997E-4,3.9752812
9.0E-4,3.9752812
9.02E-4,3.9752812
9.04E-4,3.9752812
9.06E-4,3.9752812
9.08E-4,3.9752812
9.1E-4,3.9752812
9.12E-4,3.9752812
9.14E-4,3.9752812
9.16E-4,3.9752812
9.18E-4,3.9752812
9.2E-4,3.9752812
9.22E-4,3.9752812
9.24E-4,3.9752812
9.26E-4,3.9752812
9.28E-4,3.9752812
9.3E-4,3.9752812
9.32E-4,3.9752812
9.34E-4,3.9752812
9.36E-4,3.9752812
9.38E-4,3.9752812
9.4E-4,3.9752812
9.42E-4,3.9752812
9.4399997E-4,3.9752812
9.46E-4,3.9752812
9.48E-4,3.9752812
9.5E-4,3.9752812
9.52E-4,3.9752812
9.54E-4,3.9752812
9.56E-4,3.9752812
9.58E-4,3.9752812
9.6E-4,3.9752812
9.62E-4,3.9752812
9.64E-4,3.9752812
9.66E-4,3.9752812
9.68E-4,3.9752812
9.7E-4,3.9752812
9.72E-4,3.9752812
9.74E-4,3.9752812
9.76E-4,3.9752812
9.78E-4,3.9752812
9.8E-4,3.9752812
9.82E-4,3.9752812
9.84E-4,3.9752812
9.859999E-4,3.9752812
9.88E-4,3.9752812
9.9E-4,3.9752812
9.92E-4,3.9752812
9.94E-4,3.9752812
9.96E-4,3.9752812
9.98E-4,3.9752812
0.001,3.9752812
0.001002,3.9752812
0.001004,3.9752812
0.001006,3.9752812
0.001008,3.9752812
0.00101,3.9752812
0.001012,3.9752812
0.001014,3.9752812
0.001016,3.9752812
0.001018,3.9752812
0.00102,3.9752812
0.001022,3.9752812
0.001024,3.9752812
0.001026,3.9752812
0.001028,3.9752812
0.00103,3.9752812
0.001032,3.9752812
0.001034,3.9752812
0.001036,3.9752812
0.001038,3.9752812
0.00104,3.9752812
0.001042,3.9752812
0.001044,3.9752812
0.001046,3.9752812
0.001048,3.9752812
0.00105,3.9752812
0.001052,3.9752812
0.001054,3.9752812
0.001056,3.9752812
0.001058,3.9752812
0.00106,3.9752812
0.001062,3.9752812
0.001064,3.9752812
0.001066,3.9752812
0.001068,3.9752812
0.00107,3.9752812
0.001072,3.9752812
0.001074,3.9752812
0.001076,3.9752812
0.001078,3.9752812
0.00108,3.9752812
0.001082,3.9752812
0.001084,3.9752812
0.001086,3.9752812
0.001088,3.9752812
0.00109,3.9752812
0.001092,3.9752812
0.001094,3.9752812
0.001096,3.9752812
0.001098,3.9752812
0.0011,3.9752812
0.001102,3.9752812
0.001104,3.9752812
0.001106,3.9752812
0.001108,3.9752812
0.00111,3.9752812
0.001112,3.9752812
0.001114,3.9752812
0.001116,3.9752812
0.001118,3.9752812
0.00112,3.9752812
0.001122,3.9752812
0.001124,3.9752812
0.001126,3.9752812
0.001128,3.9752812
0.00113,3.9752812
0.001132,3.9752812
0.001134,3.9752812
0.001136,3.9752812
0.001138,3.9752812
0.00114,3.9752812
0.001142,3.9752812
0.001144,3.9752812
0.001146,3.9752812
0.001148,3.9752812
0.00115,3.9752812
0.001152,3.9752812
0.0011539999,3.9752812
0.001156,3.9752812
0.001158,3.9752812
0.00116,3.9752812
0.001162,3.9752812
0.001164,3.9752812
0.001166,3.9752812
0.001168,3.9752812
0.00117,3.9752812
0.001172,3.9752812
0.001174,3.9752812
0.001176,3.9752812
0.001178,3.9752812
0.00118,3.9752812
0.001182,3.9752812
0.001184,3.9752812
0.001186,3.9752812
0.001188,3.9752812
0.00119,3.9752812
0.001192,3.9752812
0.001194,3.9752812
0.001196,3.9752812
0.001198,3.9752812
0.0011999999,3.9752812
0.001202,3.9752812
0.001204,3.9752812
0.001206,3.9752812
0.001208,3.9752812
0.00121,3.9752812
0.001212,3.9752812
0.001214,3.9752812
0.001216,3.9752812
0.001218,3.9752812
0.00122,3.9752812
0.001222,3.9752812
0.001224,3.9752812
0.001226,3.9752812
0.001228,3.9752812
0.00123,3.9752812
0.001232,3.9752812
0.001234,3.9752812
0.001236,3.9752812
0.001238,3.9752812
0.00124,3.9752812
0.001242,3.9752812
0.001244,3.9752812
0.0012459999,3.9752812
0.001248,3.9752812
0.00125,3.9752812
0.001252,3.9752812
0.001254,3.9752812
0.001256,3.9752812
0.001258,3.9752812
0.00126,3.9752812
0.001262,3.9752812
0.001264,3.9752812
0.001266,3.9752812
0.001268,3.9752812
0.00127,3.9752812
0.001272,3.9752812
0.001274,3.9752812
0.001276,3.9752812
0.001278,3.9752812
0.00128,3.9752812
0.001282,3.9752812
0.001284,3.9752812
0.001286,3.9752812
0.001288,3.9752812
0.00129,3.9752812
0.001292,3.9752812
0.001294,3.9752812
0.001296,3.9752812
0.001298,3.9752812
0.0013,3.9752812
0.001302,3.9752812
0.001304,3.9752812
0.001306,3.9752812
0.001308,3.9752812
0.00131,3.9752812
0.001312,3.9752812
0.001314,3.9752812
0.001316,3.9752812
0.001318,3.9752812
0.00132,3.9752812
0.001322,3.9752812
0.001324,3.9752812
0.001326,3.9752812
0.001328,3.9752812
0.00133,3.9752812
0.001332,3.9752812
0.001334,3.9752812
0.001336,3.9752812
0.001338,3.9752812
0.00134,3.9752812
0.001342,3.9752812
0.001344,3.9752812
0.001346,3.9752812
0.001348,3.9752812
0.00135,3.9752812
0.001352,3.9752812
0.001354,3.9752812
0.001356,3.9752812
0.001358,3.9752812
0.00136,3.9752812
0.001362,3.9752812
0.001364,3.9752812
0.001366,3.9752812
0.0013679999,3.9752812
0.00137,3.9752812
0.001372,3.9752812
0.001374,3.9752812
0.001376,3.9752812
0.001378,3.9752812
0.00138,3.9752812
0.001382,3.9752812
0.001384,3.9752812
0.001386,3.9752812
0.001388,3.9752812
0.00139,3.9752812
0.001392,3.9752812
0.001394,3.9752812
0.001396,3.9752812
0.001398,3.9752812
0.0014,3.9752812
0.001402,3.9752812
0.001404,3.9752812
0.001406,3.9752812
0.001408,3.9752812
0.00141,3.9752812
0.001412,3.9752812
0.0014139999,3.9752812
0.001416,3.9752812
0.001418,3.9752812
0.00142,3.9752812
0.001422,3.9752812
0.001424,3.9752812
0.001426,3.9752812
0.001428,3.9752812
0.00143,3.9752812
0.001432,3.9752812
0.001434,3.9752812
0.001436,3.9752812
0.001438,3.9752812
0.00144,3.9752812
0.001442,3.9752812
0.001444,3.9752812
0.001446,3.9752812
0.001448,3.9752812
0.00145,3.9752812
0.001452,3.9752812
0.001454,3.9752812
0.001456,3.9752812
0.001458,3.9752812
0.0014599999,3.23558
0.001462,2.727035
0.001464,2.727035
0.001466,2.727035
0.001468,2.727035
0.00147,2.727035
0.001472,2.727035
0.001474,2.727035
0.001476,2.727035
0.001478,2.6808028
0.00148,2.6808028
0.001482,2.6808028
0.001484,2.6808028
0.001486,2.6808028
0.001488,2.6808028
0.00149,2.6808028
0.001492,2.6808028
0.001494,2.6808028
0.001496,2.6808028
0.001498,2.6808028
0.0015,2.6808028
0.001502,2.6808028
0.001504,2.6808028
0.001506,2.6808028
0.001508,2.6808028
0.00151,2.6808028
0.001512,2.6808028
0.001514,2.6808028
0.001516,2.6808028
0.001518,2.6808028
0.00152,2.6808028
0.001522,2.6808028
0.001524,2.6808028
0.001526,2.6808028
0.001528,2.6808028
0.00153,2.6808028
0.001532,2.6808028
0.001534,2.6808028
0.001536,2.6808028
0.001538,2.6808028
0.00154,2.6808028
0.001542,2.6808028
0.001544,2.6808028
0.001546,2.6808028
0.001548,2.6808028
0.00155,2.6808028
0.001552,2.6808028
0.001554,2.6808028
0.001556,2.6808028
0.001558,2.6808028
0.00156,2.6808028
0.001562,2.6808028
0.001564,2.6808028
0.001566,2.6808028
0.001568,2.6808028
0.00157,2.6808028
0.001572,2.6808028
0.001574,2.6808028
0.001576,2.6808028
0.001578,2.6808028
0.00158,2.6808028
0.0015819999,2.6808028
0.001584,2.6808028
0.001586,2.6808028
0.001588,2.6808028
0.00159,2.6808028
0.001592,2.6808028
0.001594,2.6808028
0.001596,2.6808028
0.001598,2.6808028
0.0016,2.6808028
0.001602,2.6808028
0.001604,2.6808028
0.001606,2.6808028
0.001608,2.6808028
0.00161,2.6808028
0.001612,2.6808028
0.001614,2.6808028
0.001616,2.6808028
0.001618,2.6808028
0.00162,2.6808028
0.001622,2.6808028
0.001624,2.6808028
0.001626,2.6808028
0.0016279999,2.6808028
0.00163,2.6808028
0.001632,2.6808028
0.001634,2.6808028
0.001636,2.6808028
0.001638,2.6808028
0.00164,2.6808028
0.001642,2.6808028
0.001644,2.6808028
0.001646,2.6808028
0.001648,2.6808028
0.00165,2.6808028
0.001652,2.6808028
0.001654,2.6808028
0.001656,2.6808028
0.001658,2.6808028
0.00166,2.6808028
0.001662,2.6808028
0.001664,2.6808028
0.001666,2.6808028
0.001668,2.6808028
0.00167,2.6808028
0.001672,2.6808028
0.0016739999,2.6808028
0.001676,2.6808028
0.001678,2.6808028
0.00168,2.6808028
0.001682,2.6808028
0.001684,2.6808028
0.001686,2.6808028
0.001688,2.6808028
0.00169,2.6808028
0.001692,2.6808028
0.001694,2.6808028
0.001696,2.6808028
0.001698,2.6808028
0.0017,2.6808028
0.001702,2.6808028
0.001704,2.6808028
0.001706,2.6808028
0.001708,2.6808028
0.00171,2.6808028
0.001712,2.6808028
0.001714,2.6808028
0.001716,2.6808028
0.001718,2.6808028
0.00172,2.6808028
0.001722,2.6808028
0.001724,2.6808028
0.001726,2.6808028
0.001728,2.6808028
0.00173,2.6808028
0.001732,2.6808028
0.001734,2.6808028
0.001736,2.6808028
0.001738,2.6808028
0.00174,2.6808028
0.001742,2.6808028
0.001744,2.6808028
0.001746,2.6808028
0.001748,2.6808028
0.0017499999,2.6808028
0.001752,2.6808028
0.001754,2.6808028
0.001756,2.6808028
0.001758,2.6808028
0.00176,2.6808028
0.001762,2.6808028
0.001764,2.6808028
0.001766,2.6808028
0.001768,2.6808028
0.00177,2.6808028
0.001772,2.6808028
0.001774,2.6808028
0.001776,2.6808028
0.001778,2.6808028
0.00178,2.6808028
0.001782,2.6808028
0.001784,2.6808028
0.001786,2.5883412
0.001788,1.4325566
0.00179,1.4325566
0.001792,1.4325566
0.001794,1.4325566
0.0017959999,1.4325566
0.001798,1.4325566
0.0018,1.4325566
0.001802,1.4325566
0.001804,1.4325566
0.001806,1.4325566
0.001808,1.4325566
0.00181,1.4325566
0.001812,1.4325566
0.001814,1.4325566
0.001816,1.4325566
0.001818,1.4325566
0.00182,1.4325566
0.001822,1.3863249
0.001824,1.4325566
0.001826,1.3863249
0.001828,1.3863249
0.00183,1.3863249
0.001832,1.3863249
0.001834,1.3863249
0.001836,1.3863249
0.001838,1.3863249
0.00184,1.3863249
0.0018419999,1.3863249
0.001844,1.3863249
0.001846,1.3863249
0.001848,1.3863249
0.00185,1.3863249
0.001852,1.3863249
0.001854,1.3863249
0.001856,1.3863249
0.001858,1.3863249
0.00186,1.3863249
0.001862,1.3863249
0.001864,1.3863249
0.001866,1.3863249
0.001868,1.3863249
0.00187,1.3863249
0.001872,1.3863249
0.001874,1.3863249
0.001876,1.3863249
0.001878,1.3863249
0.00188,1.3863249
0.001882,1.3863249
0.001884,1.3863249
0.001886,1.3863249
0.0018879999,1.3863249
0.00189,1.3863249
0.001892,1.3863249
0.001894,1.3863249
0.001896,1.3863249
0.001898,1.3863249
0.0019,1.3863249
0.001902,1.3863249
0.001904,1.3863249
0.001906,1.3863249
0.001908,1.3863249
0.00191,1.3863249
0.001912,1.3863249
0.001914,1.3863249
0.001916,1.3863249
0.001918,1.3863249
0.00192,1.3863249
0.001922,1.3863249
0.001924,1.3863249
0.001926,1.3863249
0.001928,1.3863249
0.00193,1.3863249
0.001932,1.3863249
0.0019339999,1.3863249
0.001936,1.3863249
0.001938,1.3863249
0.00194,1.3863249
0.001942,1.3863249
0.001944,1.3863249
0.001946,1.3863249
0.001948,1.3863249
0.00195,1.3863249
0.001952,1.3863249
0.001954,1.3863249
0.001956,1.3863249
0.001958,1.3863249
0.00196,1.3863249
0.001962,1.3863249
0.001964,1.3863249
0.001966,1.3863249
0.001968,1.3863249
0.00197,1.3863249
0.0019719999,1.3863249
0.001974,1.3863249
0.001976,1.3863249
0.001978,1.3863249
0.00198,1.3863249
0.001982,1.3863249
0.001984,1.3863249
0.001986,1.3863249
0.001988,1.3863249
0.00199,1.3863249
0.001992,1.3863249
0.001994,1.3863249
0.001996,1.3863249
0.001998,1.3863249
0.002,1.3863249
0.002002,1.3863249
0.002004,1.3863249
0.002006,1.3863249
0.002008,1.3863249
0.00201,1.3863249
0.002012,1.3863249
0.002014,1.3863249
0.002016,1.3863249
0.002018,1.3863249
0.00202,1.3863249
0.002022,1.3863249
0.002024,1.3863249
0.002026,1.3863249
0.002028,1.3863249
0.00203,1.3863249
0.002032,1.3863249
0.002034,1.3863249
0.002036,1.3863249
0.002038,1.3863249
0.00204,1.3863249
0.002042,1.3863249
0.002044,1.3863249
0.002046,1.3863249
0.002048,1.3863249
0.00205,1.3863249
0.002052,1.3863249
0.002054,1.3863249
0.002056,1.3863249
0.002058,1.3863249
0.00206,1.3863249
0.002062,1.3863249
0.002064,1.3863249
0.002066,1.3863249
0.002068,1.3863249
0.00207,1.3863249
0.002072,1.3863249
0.002074,1.3863249
0.002076,1.3863249
0.002078,1.3863249
0.00208,1.3863249
0.002082,1.3863249
0.002084,1.3863249
0.002086,1.3863249
0.002088,1.3863249
0.00209,1.3863249
0.002092,1.3863249
0.0020939999,1.3863249
0.002096,1.3863249
0.002098,1.3863249
0.0021,1.3863249
0.002102,1.3863249
0.002104,1.3863249
0.002106,1.3863249
0.002108,1.3863249
0.00211,1.3863249
0.002112,1.3863249
0.002114,1.3863249
0.002116,1.3863249
0.002118,1.3863249
0.00212,1.3863249
0.002122,1.3863249
0.002124,1.3863249
0.002126,1.3863249
0.002128,1.3863249
0.00213,1.3863249
0.002132,1.3863249
0.002134,1.3863249
0.002136,1.3863249
0.002138,1.3863249
0.00214,0.87777996
0.002142,0.184309
0.002144,0.13807821
0.002146,0.13807821
0.002148,0.13807821
0.00215,0.13807821
0.002152,0.13807821
0.002154,0.13807821
0.002156,0.13807821
0.002158,0.13807821
0.00216,0.13807821
0.002162,0.13807821
0.002164,0.13807821
0.002166,0.091846466
0.002168,0.091846466
0.00217,0.091846466
0.002172,0.091846466
0.002174,0.091846466
0.002176,0.091846466
0.002178,0.091846466
0.00218,0.091846466
0.002182,0.091846466
0.002184,0.091846466
0.0021859999,0.091846466
0.002188,0.091846466
0.00219,0.091846466
0.002192,0.091846466
0.002194,0.091846466
0.002196,0.091846466
0.002198,0.091846466
0.0022,0.091846466
0.002202,0.091846466
0.002204,0.091846466
0.002206,0.091846466
0.002208,0.091846466
0.00221,0.091846466
0.002212,0.091846466
0.002214,0.091846466
0.002216,0.091846466
0.002218,0.091846466
0.00222,0.091846466
0.002222,0.091846466
0.002224,0.091846466
0.002226,0.091846466
0.002228,0.091846466
0.00223,0.091846466
0.002232,0.091846466
0.002234,0.091846466
0.002236,0.091846466
0.002238,0.091846466
0.00224,0.091846466
0.002242,0.091846466
0.002244,0.091846466
0.002246,0.091846466
0.002248,0.091846466
0.00225,0.091846466
0.002252,0.091846466
0.002254,0.091846466
0.002256,0.091846466
0.002258,0.091846466
0.00226,0.091846466
0.002262,0.091846466
0.002264,0.091846466
0.002266,0.091846466
0.002268,0.091846466
0.00227,0.091846466
0.002272,0.091846466
0.002274,0.091846466
0.002276,0.091846466
0.0022779999,0.091846466
0.00228,0.091846466
0.002282,0.091846466
0.002284,0.091846466
0.002286,0.091846466
0.002288,0.091846466
0.00229,0.091846466
0.002292,0.091846466
0.002294,0.091846466
0.002296,0.091846466
0.002298,0.091846466
0.0023,0.091846466
0.002302,0.091846466
0.002304,0.091846466
0.002306,0.091846466
0.0023079999,0.091846466
0.00231,0.091846466
0.002312,0.091846466
0.002314,0.091846466
0.002316,0.091846466
0.002318,0.091846466
0.00232,0.091846466
0.002322,0.091846466
0.002324,0.091846466
0.002326,0.091846466
0.002328,0.091846466
0.00233,0.091846466
0.002332,0.091846466
0.002334,0.091846466
0.002336,0.091846466
0.002338,0.091846466
0.00234,0.091846466
0.002342,0.091846466
0.002344,0.091846466
0.002346,0.091846466
0.002348,0.091846466
0.00235,0.091846466
0.002352,0.091846466
0.002354,0.091846466
0.002356,0.091846466
0.002358,0.091846466
0.00236,0.091846466
0.002362,0.091846466
0.002364,0.091846466
0.002366,0.091846466
0.002368,0.091846466
0.00237,0.091846466
0.002372,0.091846466
0.002374,0.091846466
0.002376,0.091846466
0.002378,0.091846466
0.00238,0.091846466
0.002382,0.091846466
0.002384,0.091846466
0.002386,0.091846466
0.002388,0.091846466
0.00239,0.091846466
0.002392,0.091846466
0.002394,0.091846466
0.002396,0.091846466
0.002398,0.091846466
0.0023999999,0.091846466
0.002402,0.091846466
0.002404,0.091846466
0.002406,0.091846466
0.002408,0.091846466
0.00241,0.091846466
0.002412,0.091846466
0.002414,0.091846466
0.002416,0.091846466
0.002418,0.091846466
0.00242,0.091846466
0.002422,0.091846466
0.002424,0.091846466
0.002426,0.091846466
0.002428,0.091846466
0.00243,0.091846466
0.002432,0.091846466
0.002434,0.091846466
0.002436,0.091846466
0.002438,0.091846466
0.00244,0.091846466
0.002442,0.091846466
0.002444,0.091846466
0.002446,0.091846466
0.002448,0.091846466
0.00245,0.091846466
0.002452,0.091846466
0.002454,0.091846466
0.002456,0.091846466
0.002458,0.091846466
0.00246,0.091846466
0.002462,0.091846466
0.002464,0.091846466
0.002466,0.091846466
0.002468,0.091846466
0.00247,0.091846466
0.002472,0.091846466
0.002474,0.091846466
0.002476,0.091846466
0.002478,0.091846466
0.00248,0.091846466
0.002482,0.091846466
0.002484,0.091846466
0.002486,0.091846466
0.002488,0.091846466
0.00249,0.091846466
0.0024919999,0.091846466
0.002494,0.091846466
0.002496,0.091846466
0.002498,0.091846466
0.0025,0.091846466
0.002502,0.091846466
0.002504,0.091846466
0.002506,0.091846466
0.002508,0.091846466
0.00251,0.091846466
0.002512,0.091846466
0.002514,0.091846466
0.002516,0.091846466
0.002518,0.091846466
0.00252,0.091846466
0.0025219999,0.091846466
0.002524,0.091846466
0.002526,0.091846466
0.002528,0.091846466
0.00253,0.091846466
0.002532,0.091846466
0.002534,0.091846466
0.002536,0.091846466
0.002538,0.091846466
0.00254,0.091846466
0.002542,0.091846466
0.002544,0.091846466
0.002546,0.091846466
0.002548,0.091846466
0.00255,0.091846466
0.002552,0.091846466
0.002554,0.091846466
0.002556,0.091846466
0.002558,0.091846466
0.00256,0.091846466
0.002562,0.091846466
0.002564,0.091846466
0.002566,0.091846466
0.002568,0.091846466
0.00257,0.091846466
0.002572,0.091846466
0.002574,0.091846466
0.002576,0.091846466
0.002578,0.091846466
0.00258,0.091846466
0.002582,0.091846466
0.002584,0.091846466
0.002586,0.091846466
0.002588,0.091846466
0.00259,0.091846466
0.002592,0.091846466
0.002594,0.091846466
0.002596,0.091846466
0.002598,0.091846466
0.0026,0.091846466
0.002602,0.091846466
0.002604,0.091846466
0.002606,0.091846466
0.002608,0.091846466
0.00261,0.091846466
0.002612,0.091846466
0.0026139999,0.091846466
0.002616,0.091846466
0.002618,0.091846466
0.00262,0.091846466
0.002622,0.091846466
0.002624,0.091846466
0.002626,0.091846466
0.002628,0.091846466
0.00263,0.091846466
0.002632,0.091846466
0.002634,0.091846466
0.002636,0.091846466
0.002638,0.091846466
0.00264,0.091846466
0.002642,0.091846466
0.002644,0.091846466
0.002646,0.091846466
0.002648,0.091846466
0.00265,0.091846466
0.002652,0.091846466
0.002654,0.091846466
0.002656,0.091846466
0.002658,0.091846466
0.00266,0.091846466
0.002662,0.091846466
0.002664,0.091846466
0.002666,0.091846466
0.002668,0.091846466
0.00267,0.091846466
0.002672,0.091846466
0.002674,0.091846466
0.002676,0.091846466
0.002678,0.091846466
0.00268,0.091846466
0.002682,0.091846466
0.002684,0.091846466
0.002686,0.091846466
0.002688,0.091846466
0.00269,0.091846466
0.002692,0.091846466
0.002694,0.091846466
0.002696,0.091846466
0.002698,0.091846466
0.0027,0.091846466
0.002702,0.091846466
0.002704,0.091846466
0.0027059999,0.091846466
0.002708,0.091846466
0.00271,0.091846466
0.002712,0.091846466
0.002714,0.091846466
0.002716,0.091846466
0.002718,0.091846466
0.00272,0.091846466
0.002722,0.091846466
0.002724,0.091846466
0.002726,0.091846466
0.002728,0.091846466
0.00273,0.091846466
0.002732,0.091846466
0.002734,0.091846466
0.0027359999,0.091846466
0.002738,0.091846466
0.00274,0.091846466
0.002742,0.091846466
0.002744,0.091846466
0.002746,0.091846466
0.002748,0.091846466
0.00275,0.091846466
0.002752,0.091846466
0.002754,0.091846466
0.002756,0.091846466
0.002758,0.091846466
0.00276,0.091846466
0.002762,0.091846466
0.002764,0.091846466
0.002766,0.091846466
0.002768,0.091846466
0.00277,0.091846466
0.002772,0.091846466
0.002774,0.091846466
0.002776,0.091846466
0.002778,0.091846466
0.00278,0.091846466
0.002782,0.091846466
0.002784,0.091846466
0.002786,0.091846466
0.002788,0.091846466
0.00279,0.091846466
0.002792,0.091846466
0.002794,0.091846466
0.002796,0.091846466
0.002798,0.091846466
0.0028,0.091846466
0.002802,0.091846466
0.002804,0.091846466
0.002806,0.091846466
0.002808,0.091846466
0.00281,0.091846466
0.002812,0.091846466
0.002814,0.091846466
0.002816,0.091846466
0.002818,0.091846466
0.00282,0.091846466
0.002822,0.091846466
0.002824,0.091846466
0.002826,0.091846466
0.0028279999,0.091846466
0.00283,0.091846466
0.002832,0.091846466
0.002834,0.091846466
0.002836,0.091846466
0.002838,0.091846466
0.00284,0.091846466
0.002842,0.091846466
0.002844,0.091846466
0.002846,0.091846466
0.002848,0.091846466
0.00285,0.091846466
0.002852,0.091846466
0.002854,0.091846466
0.002856,0.091846466
0.002858,0.091846466
0.00286,0.091846466
0.002862,0.091846466
0.002864,0.091846466
0.002866,0.091846466
0.002868,0.091846466
0.00287,0.091846466
0.002872,0.091846466
0.002874,0.091846466
0.002876,0.091846466
0.002878,0.091846466
0.00288,0.091846466
0.002882,0.091846466
0.002884,0.091846466
0.002886,0.091846466
0.002888,0.091846466
0.00289,0.091846466
0.002892,0.091846466
0.002894,0.091846466
0.002896,0.091846466
0.002898,0.091846466
0.0029,0.091846466
0.002902,0.091846466
0.002904,0.091846466
0.002906,0.091846466
0.002908,0.091846466
0.00291,0.091846466
0.002912,0.091846466
0.002914,0.091846466
0.002916,0.091846466
0.002918,0.091846466
0.0029199999,0.091846466
0.002922,0.091846466
0.002924,0.091846466
0.002926,0.091846466
0.002928,0.091846466
0.00293,0.091846466
0.002932,0.091846466
0.002934,0.091846466
0.002936,0.091846466
0.002938,0.091846466
0.00294,0.091846466
0.002942,0.091846466
0.002944,0.091846466
0.002946,0.091846466
0.002948,0.091846466
0.0029499999,0.091846466
0.002952,0.091846466
0.002954,0.091846466
0.002956,0.091846466
0.002958,1.3400936
0.00296,1.3400936
0.002962,1.3400936
0.002964,1.3863249
0.002966,1.3863249
0.002968,1.3863249
0.00297,1.3863249
0.002972,1.3863249
0.002974,1.3863249
0.002976,1.3863249
0.002978,1.3863249
0.00298,1.3863249
0.002982,1.3863249
0.002984,1.3863249
0.002986,1.3863249
0.002988,1.3863249
0.00299,1.3863249
0.002992,1.3863249
0.002994,1.3863249
0.002996,1.3863249
0.002998,1.3863249
0.003,1.3863249
0.003002,1.3863249
0.003004,1.3863249
0.003006,1.3863249
0.003008,1.3863249
0.00301,1.3863249
0.003012,1.3863249
0.003014,1.3863249
0.003016,1.3863249
0.003018,1.3863249
0.00302,1.3863249
0.003022,1.3863249
0.003024,1.3863249
0.003026,1.3863249
0.003028,1.3863249
0.00303,1.3863249
0.003032,1.3863249
0.003034,1.3863249
0.003036,1.3863249
0.003038,1.3863249
0.00304,1.3863249
0.0030419999,1.3863249
0.003044,1.3863249
0.003046,1.3863249
0.003048,1.3863249
0.00305,1.3863249
0.003052,1.3863249
0.003054,1.3863249
0.003056,1.3863249
0.003058,1.3863249
0.00306,1.3863249
0.003062,1.3863249
0.003064,1.3863249
0.003066,1.3863249
0.003068,1.3863249
0.00307,1.3863249
0.003072,1.3863249
0.003074,1.3863249
0.003076,1.3863249
0.003078,1.3863249
0.00308,1.3863249
0.003082,1.3863249
0.003084,1.3863249
0.003086,1.3863249
0.003088,1.3863249
0.00309,1.3863249
0.003092,1.3863249
0.003094,1.3863249
0.003096,1.3863249
0.003098,1.3863249
0.0031,1.3863249
0.003102,1.3863249
0.003104,1.3863249
0.003106,1.3863249
0.003108,1.3863249
0.00311,1.3863249
0.003112,1.3863249
0.003114,1.3863249
0.003116,1.3863249
0.003118,1.3863249
0.00312,1.3863249
0.003122,1.3863249
0.003124,1.3863249
0.003126,1.3863249
0.003128,1.3863249
0.00313,1.3863249
0.003132,1.3863249
0.0031339999,1.3863249
0.003136,1.3863249
0.003138,1.3863249
0.00314,1.3863249
0.003142,1.3863249
0.003144,1.3863249
0.003146,1.3863249
0.003148,1.3863249
0.00315,1.3863249
0.003152,1.3863249
0.003154,1.3863249
0.003156,1.3863249
0.003158,1.3863249
0.00316,1.3863249
0.003162,1.3863249
0.0031639999,1.3863249
0.003166,1.3863249
0.003168,1.3863249
0.00317,1.3863249
0.003172,1.3863249
0.003174,1.3863249
0.003176,1.3863249
0.003178,1.3863249
0.00318,1.3863249
0.003182,1.3863249
0.003184,1.3863249
0.003186,1.3863249
0.003188,1.3863249
0.00319,1.3863249
0.003192,1.3863249
0.003194,1.3863249
0.003196,1.3863249
0.003198,1.3863249
0.0032,1.3863249
0.003202,1.3863249
0.003204,1.3863249
0.003206,1.3863249
0.003208,1.3863249
0.00321,1.3863249
0.003212,1.3863249
0.003214,1.3863249
0.003216,1.3863249
0.003218,1.3863249
0.00322,1.3863249
0.003222,1.3863249
0.003224,1.3863249
0.003226,1.3863249
0.003228,1.3863249
0.00323,1.3863249
0.003232,1.3863249
0.003234,1.3863249
0.003236,1.3863249
0.003238,1.3863249
0.00324,1.3863249
0.003242,1.3863249
0.003244,1.3863249
0.003246,1.3863249
0.003248,1.3863249
0.00325,1.3863249
0.003252,1.3863249
0.003254,1.3863249
0.0032559999,1.3863249
0.003258,1.3863249
0.00326,1.3863249
0.003262,1.3863249
0.003264,1.3863249
0.003266,1.3863249
0.003268,1.3863249
0.00327,1.3863249
0.003272,1.3863249
0.003274,1.3863249
0.003276,1.3863249
0.003278,1.3863249
0.00328,1.3863249
0.003282,1.3863249
0.003284,1.3863249
0.0032859999,1.3863249
0.003288,1.3863249
0.00329,1.3863249
0.003292,1.3863249
0.003294,1.3863249
0.003296,1.3863249
0.003298,1.3863249
0.0033,1.3863249
0.003302,1.3863249
0.003304,1.3863249
0.003306,1.3863249
0.003308,1.3863249
0.00331,1.3863249
0.003312,1.3863249
0.003314,1.3863249
0.003316,1.3863249
0.003318,1.3863249
0.00332,1.3863249
0.003322,1.3863249
0.003324,1.3863249
0.003326,1.3863249
0.003328,1.3863249
0.00333,1.3863249
0.003332,1.3863249
0.003334,1.3863249
0.003336,1.3863249
0.003338,2.4034152
0.00334,2.6345725
0.003342,2.6345725
0.003344,2.6345725
0.003346,2.6345725
0.0033479999,2.6345725
0.00335,2.6345725
0.003352,2.6345725
0.003354,2.6345725
0.003356,2.6808028
0.003358,2.6808028
0.00336,2.6808028
0.003362,2.6808028
0.003364,2.6808028
0.003366,2.6808028
0.003368,2.6808028
0.00337,2.6808028
0.003372,2.6808028
0.003374,2.6808028
0.003376,2.6808028
0.0033779999,2.6808028
0.00338,2.6808028
0.003382,2.6808028
0.003384,2.6808028
0.003386,2.6808028
0.003388,2.6808028
0.00339,2.6808028
0.003392,2.6808028
0.003394,2.6808028
0.003396,2.6808028
0.003398,2.6808028
0.0034,2.6808028
0.003402,2.6808028
0.003404,2.6808028
0.003406,2.6808028
0.003408,2.6808028
0.00341,2.6808028
0.003412,2.6808028
0.003414,2.6808028
0.003416,2.6808028
0.003418,2.6808028
0.00342,2.6808028
0.003422,2.6808028
0.003424,2.6808028
0.003426,2.6808028
0.003428,2.6808028
0.00343,2.6808028
0.003432,2.6808028
0.003434,2.6808028
0.003436,2.6808028
0.003438,2.6808028
0.00344,2.6808028
0.003442,2.6808028
0.003444,2.6808028
0.003446,2.6808028
0.003448,2.6808028
0.00345,2.6808028
0.003452,2.6808028
0.003454,2.6808028
0.003456,2.6808028
0.003458,2.6808028
0.00346,2.6808028
0.003462,2.6808028
0.003464,2.6808028
0.003466,2.6808028
0.003468,2.6808028
0.0034699999,2.6808028
0.003472,2.6808028
0.003474,2.6808028
0.003476,2.6808028
0.003478,2.6808028
0.00348,2.6808028
0.003482,2.6808028
0.003484,2.6808028
0.003486,2.6808028
0.003488,2.6808028
0.00349,2.6808028
0.003492,2.6808028
0.003494,2.6808028
0.003496,2.6808028
0.003498,2.6808028
0.0034999999,2.6808028
0.003502,2.6808028
0.003504,2.6808028
0.003506,2.6808028
0.003508,2.6808028
0.00351,2.6808028
0.003512,2.6808028
0.003514,2.6808028
0.003516,2.6808028
0.003518,2.6808028
0.00352,2.6808028
0.003522,2.6808028
0.003524,2.6808028
0.003526,2.6808028
0.003528,2.6808028
0.00353,2.6808028
0.003532,2.6808028
0.003534,2.6808028
0.003536,2.6808028
0.003538,2.6808028
0.00354,2.6808028
0.003542,2.6808028
0.003544,2.6808028
0.003546,2.6808028
0.003548,2.6808028
0.00355,2.6808028
0.003552,2.6808028
0.003554,2.6808028
0.003556,2.6808028
0.003558,2.6808028
0.00356,2.6808028
0.0035619999,2.6808028
0.003564,2.6808028
0.003566,2.6808028
0.003568,2.6808028
0.00357,2.6808028
0.003572,2.6808028
0.003574,2.6808028
0.003576,2.6808028
0.003578,2.6808028
0.00358,2.6808028
0.003582,2.6808028
0.003584,2.6808028
0.003586,2.6808028
0.003588,2.6808028
0.00359,2.6808028
0.0035919999,2.6808028
0.003594,2.6808028
0.003596,2.6808028
0.003598,2.6808028
0.0036,2.6808028
0.003602,2.6808028
0.003604,2.6808028
0.003606,2.6808028
0.003608,2.6808028
0.00361,2.6808028
0.003612,2.6808028
0.003614,2.6808028
0.003616,2.6808028
0.003618,2.6808028
0.00362,2.6808028
0.003622,2.6808028
0.003624,2.6808028
0.003626,2.6808028
0.003628,2.6808028
0.00363,2.6808028
0.003632,2.6808028
0.003634,2.6808028
0.003636,2.6808028
0.003638,2.6808028
0.00364,2.6808028
0.003642,2.6808028
0.003644,2.6808028
0.003646,2.6808028
0.003648,2.6808028
0.00365,2.6808028
0.003652,2.6808028
0.003654,2.6808028
0.003656,2.6808028
0.003658,2.6808028
0.00366,2.6808028
0.003662,2.6808028
0.003664,3.2818112
0.003666,3.92905
0.003668,3.92905
0.00367,3.92905
0.003672,3.92905
0.003674,3.92905
0.003676,3.9752812
0.003678,3.9752812
0.00368,3.9752812
0.003682,3.9752812
0.0036839999,3.9752812
0.003686,3.9752812
0.003688,3.9752812
0.00369,3.9752812
0.003692,3.9752812
0.003694,3.9752812
0.003696,3.9752812
0.003698,3.9752812
0.0037,3.9752812
0.003702,3.9752812
0.003704,3.9752812
0.003706,3.9752812
0.003708,3.9752812
0.00371,3.9752812
0.003712,3.9752812
0.0037139999,3.9752812
0.003716,3.9752812
0.003718,3.9752812
0.00372,3.9752812
0.003722,3.9752812
0.003724,3.9752812
0.003726,3.9752812
0.003728,3.9752812
0.00373,3.9752812
0.003732,3.9752812
0.003734,3.9752812
0.003736,3.9752812
0.003738,3.9752812
0.00374,3.9752812
0.003742,3.9752812
0.003744,3.9752812
0.003746,3.9752812
0.003748,3.9752812
0.00375,3.9752812
0.003752,3.9752812
0.003754,3.9752812
0.003756,3.9752812
0.003758,3.9752812
0.00376,3.9752812
0.003762,3.9752812
0.003764,3.9752812
0.003766,3.9752812
0.003768,3.9752812
0.00377,3.9752812
0.003772,3.9752812
0.003774,3.9752812
0.0037759999,3.9752812
0.003778,3.9752812
0.00378,3.9752812
0.003782,3.9752812
0.003784,3.9752812
0.003786,3.9752812
0.003788,3.9752812
0.00379,3.9752812
0.003792,3.9752812
0.003794,3.9752812
0.003796,3.9752812
0.003798,3.9752812
0.0038,3.9752812
0.003802,3.9752812
0.003804,3.9752812
0.0038059999,3.9752812
0.003808,3.9752812
0.00381,3.9752812
0.003812,3.9752812
0.003814,3.9752812
0.003816,3.9752812
0.003818,3.9752812
0.00382,3.9752812
0.003822,3.9752812
0.003824,3.9752812
0.003826,3.9752812
0.003828,3.9752812
0.00383,3.9752812
0.003832,3.9752812
0.003834,3.9752812
0.003836,3.9752812
0.003838,3.9752812
0.00384,3.9752812
0.003842,3.9752812
0.003844,3.9752812
0.003846,3.9752812
0.003848,3.9752812
0.00385,3.9752812
0.003852,3.9752812
0.003854,3.9752812
0.003856,3.9752812
0.003858,3.9752812
0.00386,3.9752812
0.003862,3.9752812
0.003864,3.9752812
0.003866,3.9752812
0.0038679999,3.9752812
0.00387,3.9752812
0.003872,3.9752812
0.003874,3.9752812
0.003876,3.9752812
0.003878,3.9752812
0.00388,3.9752812
0.003882,3.9752812
0.003884,3.9752812
0.003886,3.9752812
0.003888,3.9752812
0.00389,3.9752812
0.003892,3.9752812
0.003894,3.9752812
0.003896,3.9752812
0.0038979999,3.9752812
0.0039,3.9752812
0.003902,3.9752812
0.003904,3.9752812
0.003906,3.9752812
0.003908,3.9752812
0.00391,3.9752812
0.003912,3.9752812
0.003914,3.9752812
0.003916,3.9752812
0.003918,3.9752812
0.00392,3.9752812
0.003922,3.9752812
0.003924,3.9752812
0.003926,3.9752812
0.003928,3.9752812
0.00393,3.9752812
0.003932,3.9752812
0.003934,3.9752812
0.003936,3.9752812
0.003938,3.9752812
0.00394,3.9752812
0.003942,3.9752812
0.0039439998,3.9752812
0.003946,3.9752812
0.003948,3.9752812
0.00395,3.9752812
0.003952,3.9752812
0.003954,3.9752812
0.003956,3.9752812
0.003958,3.9752812
0.00396,3.9752812
0.003962,3.9752812
0.003964,3.9752812
0.003966,3.9752812
0.003968,3.9752812
0.00397,3.9752812
0.003972,3.9752812
0.003974,3.9752812
0.003976,3.9752812
0.003978,3.9752812
0.00398,3.9752812
0.003982,3.9752812
0.003984,3.9752812
0.003986,3.9752812
0.003988,3.9752812
0.00399,3.9752812
0.003992,3.9752812
0.003994,3.9752812
0.003996,3.9752812
0.003998,3.9752812
0.004,3.9752812
0.004002,3.9752812
0.004004,3.9752812
0.004006,3.9752812
0.004008,3.9752812
0.00401,3.9752812
0.004012,3.9752812
0.004014,3.9752812
0.004016,3.9752812
0.004018,3.9752812
0.00402,3.9752812
0.004022,3.9752812
0.004024,3.9752812
0.004026,3.9752812
0.004028,3.9752812
0.00403,3.9752812
0.004032,3.9752812
0.004034,3.9752812
0.004036,3.9752812
0.004038,3.9752812
0.00404,3.9752812
0.004042,3.9752812
0.004044,3.9752812
0.004046,3.9752812
0.004048,3.9752812
0.00405,3.9752812
0.004052,3.9752812
0.004054,3.9752812
0.004056,3.9752812
0.004058,3.9752812
0.00406,3.9752812
0.004062,3.9752812
0.004064,3.9752812
0.0040659998,3.9752812
0.004068,3.9752812
0.00407,3.9752812
0.004072,3.9752812
0.004074,3.9752812
0.004076,3.9752812
0.004078,3.9752812
0.00408,3.9752812
0.004082,3.9752812
0.004084,3.9752812
0.004086,3.9752812
0.004088,3.9752812
0.00409,3.9752812
0.004092,3.9752812
0.004094,3.9752812
0.004096,3.9752812
0.004098,3.9752812
0.0041,3.9752812
0.004102,3.9752812
0.004104,3.9752812
0.004106,3.9752812
0.004108,3.9752812
0.00411,3.9752812
0.004112,3.9752812
0.004114,3.9752812
0.004116,3.9752812
0.004118,3.9752812
0.00412,3.9752812
0.004122,3.9752812
0.004124,3.9752812
0.004126,3.9752812
0.004128,3.9752812
0.00413,3.9752812
0.004132,3.9752812
0.004134,3.9752812
0.004136,3.9752812
0.004138,3.9752812
0.00414,3.9752812
0.004142,3.9752812
0.004144,3.9752812
0.004146,3.9752812
0.004148,3.9752812
0.00415,3.9752812
0.004152,3.9752812
0.004154,3.9752812
0.004156,3.9752812
0.004158,3.9752812
0.00416,3.9752812
0.004162,3.9752812
0.004164,3.9752812
0.004166,3.9752812
0.004168,3.9752812
0.00417,3.9752812
0.004172,3.9752812
0.004174,3.9752812
0.004176,3.9752812
0.004178,3.9752812
0.00418,3.9752812
0.004182,3.9752812
0.004184,3.9752812
0.004186,3.9752812
0.0041879998,3.9752812
0.00419,3.9752812
0.004192,3.9752812
0.004194,3.9752812
0.004196,3.9752812
0.004198,3.9752812
0.0042,3.9752812
0.004202,3.9752812
0.004204,3.9752812
0.004206,3.9752812
0.004208,3.9752812
0.00421,3.9752812
0.004212,3.9752812
0.004214,3.9752812
0.004216,3.9752812
0.004218,3.9752812
0.00422,3.9752812
0.004222,3.9752812
0.004224,3.9752812
0.004226,3.9752812
0.004228,3.9752812
0.00423,3.9752812
0.004232,3.9752812
0.004234,3.9752812
0.004236,3.9752812
0.004238,3.9752812
0.00424,3.9752812
0.004242,3.9752812
0.004244,3.9752812
0.004246,3.9752812
0.004248,3.9752812
0.0042499998,3.9752812
0.004252,3.9752812
0.004254,3.9752812
0.004256,3.9752812
0.004258,3.9752812
0.00426,3.9752812
0.004262,3.9752812
0.004264,3.9752812
0.004266,3.9752812
0.004268,3.9752812
0.00427,3.9752812
0.004272,3.9752812
0.004274,3.9752812
0.004276,3.9752812
0.004278,3.9752812
0.00428,3.9752812
0.004282,3.9752812
0.004284,3.9752812
0.004286,3.9752812
0.004288,3.9752812
0.00429,3.9752812
0.004292,3.9752812
0.004294,3.9752812
0.004296,3.9752812
0.004298,3.9752812
0.0043,3.9752812
0.004302,3.9752812
0.004304,3.9752812
0.004306,3.9752812
0.004308,3.9752812
0.0043099998,3.9752812
0.004312,3.9752812
0.004314,3.9752812
0.004316,3.9752812
0.004318,3.9752812
0.00432,3.9752812
0.004322,3.9752812
0.004324,3.9752812
0.004326,3.9752812
0.004328,3.9752812
0.00433,3.9752812
0.004332,3.9752812
0.004334,3.9752812
0.004336,3.9752812
0.004338,3.9752812
0.00434,3.9752812
0.004342,3.9752812
0.004344,3.9752812
0.004346,3.9752812
0.004348,3.9752812
0.00435,3.9752812
0.004352,3.9752812
0.004354,3.9752812
0.004356,3.9752812
0.004358,3.9752812
0.00436,3.9752812
0.004362,3.9752812
0.004364,3.9752812
0.004366,3.9752812
0.004368,3.9752812
0.00437,3.9752812
0.0043719998,3.9752812
0.004374,3.9752812
0.004376,3.9752812
0.004378,3.9752812
0.00438,3.9752812
0.004382,3.9752812
0.004384,3.9752812
0.004386,3.9752812
0.004388,3.9752812
0.00439,3.9752812
0.004392,3.9752812
0.004394,3.9752812
0.004396,3.9752812
0.004398,3.9752812
0.0044,3.9752812
0.004402,3.9752812
0.004404,3.9752812
0.004406,3.9752812
0.004408,3.9752812
0.00441,3.9752812
0.004412,3.9752812
0.004414,3.9752812
0.004416,3.9752812
0.004418,3.9752812
0.00442,3.9752812
0.004422,3.9752812
0.004424,3.9752812
0.004426,3.9752812
0.004428,3.9752812
0.00443,3.9752812
0.004432,3.9752812
0.004434,3.9752812
0.004436,3.9752812
0.004438,3.9752812
0.00444,3.9752812
0.004442,3.9752812
0.004444,3.9752812
0.004446,3.9752812
0.004448,3.9752812
0.00445,3.9752812
0.004452,3.9752812
0.004454,3.9752812
0.004456,3.9752812
0.004458,3.9752812
0.00446,3.9752812
0.004462,3.9752812
0.004464,3.9752812
0.004466,3.9752812
0.004468,3.9752812
0.00447,3.9752812
0.004472,3.9752812
0.004474,3.9752812
0.004476,3.9752812
0.004478,3.9752812
0.00448,3.9752812
0.004482,3.9752812
0.004484,3.9752812
0.004486,3.9752812
0.004488,3.9752812
0.00449,3.9752812
0.004492,3.9752812
0.0044939998,3.9752812
0.004496,3.9752812
0.004498,3.9752812
0.0045,3.9752812
0.004502,3.9752812
0.004504,3.9752812
0.004506,3.9752812
0.004508,3.9752812
0.00451,3.9752812
0.004512,3.9752812
0.004514,3.9752812
0.004516,3.9752812
0.004518,3.9752812
0.00452,3.9752812
0.004522,3.9752812
0.004524,3.9752812
0.004526,3.9752812
0.004528,3.9752812
0.00453,3.9752812
0.004532,3.9752812
0.004534,3.9752812
0.004536,3.9752812
0.004538,3.9752812
0.00454,3.9752812
0.004542,3.9752812
0.004544,3.9752812
0.004546,3.9752812
0.004548,3.9752812
0.00455,3.9752812
0.004552,3.9752812
0.004554,3.9752812
0.0045559998,3.9752812
0.004558,3.9752812
0.00456,3.9752812
0.004562,3.9752812
0.004564,3.9752812
0.004566,3.9752812
0.004568,3.9752812
0.00457,3.9752812
0.004572,3.9752812
0.004574,3.9752812
0.004576,3.9752812
0.004578,3.9752812
0.00458,3.9752812
0.004582,3.9752812
0.004584,3.9752812
0.004586,3.9752812
0.004588,3.9752812
0.00459,3.9752812
0.004592,3.9752812
0.004594,3.9752812
0.004596,3.9752812
0.004598,3.9752812
0.0046,3.9752812
0.004602,3.9752812
0.004604,3.9752812
0.004606,3.9752812
0.004608,3.9752812
0.00461,3.9752812
0.004612,3.9752812
0.004614,3.9752812
0.0046159998,3.9752812
0.004618,3.9752812
0.00462,3.9752812
0.004622,3.9752812
0.004624,3.9752812
0.004626,3.9752812
0.004628,3.9752812
0.00463,3.9752812
0.004632,3.9752812
0.004634,3.9752812
0.004636,3.9752812
0.004638,3.9752812
0.00464,3.9752812
0.004642,3.9752812
0.004644,3.9752812
0.004646,3.9752812
0.004648,3.9752812
0.00465,3.9752812
0.004652,3.9752812
0.004654,3.9752812
0.004656,3.9752812
0.004658,3.9752812
0.00466,3.9752812
0.004662,3.9752812
0.004664,3.9752812
0.004666,3.9752812
0.004668,3.9752812
0.00467,3.9752812
0.004672,3.9752812
0.004674,3.9752812
0.004676,3.9752812
0.0046779998,3.9752812
0.00468,3.9752812
0.004682,3.9752812
0.004684,3.9752812
0.004686,3.9752812
0.004688,3.9752812
0.00469,3.9752812
0.004692,3.9752812
0.004694,3.9752812
0.004696,3.9752812
0.004698,3.9752812
0.0047,3.9752812
0.004702,3.9752812
0.004704,3.9752812
0.004706,3.9752812
0.004708,3.9752812
0.00471,3.9752812
0.004712,3.9752812
0.004714,3.9752812
0.004716,3.9752812
0.004718,3.9752812
0.00472,3.9752812
0.004722,3.9752812
0.004724,3.9752812
0.004726,3.9752812
0.004728,3.9752812
0.00473,3.9752812
0.004732,3.9752812
0.004734,3.9752812
0.004736,3.9752812
0.0047379998,3.9752812
0.00474,3.9752812
0.004742,3.9752812
0.004744,3.9752812
0.004746,3.9752812
0.004748,3.9752812
0.00475,3.9752812
0.004752,3.9752812
0.004754,3.9752812
0.004756,3.9752812
0.004758,3.9752812
0.00476,3.9752812
0.004762,3.9752812
0.004764,3.9752812
0.004766,3.9752812
0.004768,3.9752812
0.00477,3.9752812
0.004772,3.9752812
0.004774,3.9752812
0.004776,3.9752812
0.004778,3.9752812
0.00478,3.3742738
0.004782,2.727035
0.004784,2.727035
0.004786,2.727035
0.004788,2.727035
0.00479,2.727035
0.004792,2.727035
0.004794,2.727035
0.004796,2.727035
0.004798,2.6808028
0.0047999998,2.6808028
0.004802,2.6808028
0.004804,2.6808028
0.004806,2.6808028
0.004808,2.6808028
0.00481,2.6808028
0.004812,2.6808028
0.004814,2.6808028
0.004816,2.6808028
0.004818,2.6808028
0.00482,2.6808028
0.004822,2.6808028
0.004824,2.6808028
0.004826,2.6808028
0.004828,2.6808028
0.00483,2.6808028
0.004832,2.6808028
0.004834,2.6808028
0.004836,2.6808028
0.004838,2.6808028
0.00484,2.6808028
0.004842,2.6808028
0.004844,2.6808028
0.004846,2.6808028
0.004848,2.6808028
0.00485,2.6808028
0.004852,2.6808028
0.004854,2.6808028
0.004856,2.6808028
0.004858,2.6808028
0.00486,2.6808028
0.004862,2.6808028
0.004864,2.6808028
0.004866,2.6808028
0.004868,2.6808028
0.00487,2.6808028
0.004872,2.6808028
0.004874,2.6808028
0.004876,2.6808028
0.004878,2.6808028
0.00488,2.6808028
0.004882,2.6808028
0.004884,2.6808028
0.004886,2.6808028
0.004888,2.6808028
0.00489,2.6808028
0.004892,2.6808028
0.004894,2.6808028
0.004896,2.6808028
0.004898,2.6808028
0.0049,2.6808028
0.004902,2.6808028
0.004904,2.6808028
0.004906,2.6808028
0.004908,2.6808028
0.00491,2.6808028
0.004912,2.6808028
0.004914,2.6808028
0.004916,2.6808028
0.004918,2.6808028
0.00492,2.6808028
0.0049219998,2.6808028
0.004924,2.6808028
0.004926,2.6808028
0.004928,2.6808028
0.00493,2.6808028
0.004932,2.6808028
0.004934,2.6808028
0.004936,2.6808028
0.004938,2.6808028
0.00494,2.6808028
0.004942,2.6808028
0.004944,2.6808028
0.004946,2.6808028
0.004948,2.6808028
0.00495,2.6808028
0.004952,2.6808028
0.004954,2.6808028
0.004956,2.6808028
0.004958,2.6808028
0.00496,2.6808028
0.004962,2.6808028
0.004964,2.6808028
0.004966,2.6808028
0.004968,2.6808028
0.00497,2.6808028
0.004972,2.6808028
0.004974,2.6808028
0.004976,2.6808028
0.004978,2.6808028
0.00498,2.6808028
0.004982,2.6808028
0.0049839998,2.6808028
0.004986,2.6808028
0.004988,2.6808028
0.00499,2.6808028
0.004992,2.6808028
0.004994,2.6808028
0.004996,2.6808028
0.004998,2.6808028
0.005,2.6808028
0.005002,2.6808028
0.005004,2.6808028
0.005006,2.6808028
0.005008,2.6808028
0.00501,2.6808028
0.005012,2.6808028
0.005014,2.6808028
0.005016,2.6808028
0.005018,2.6808028
0.00502,2.6808028
0.005022,2.6808028
0.005024,2.6808028
0.005026,2.6808028
0.005028,2.6808028
0.00503,2.6808028
0.005032,2.6808028
0.005034,2.6808028
0.005036,2.6808028
0.005038,2.6808028
0.00504,2.6808028
0.005042,2.6808028
0.0050439998,2.6808028
0.005046,2.6808028
0.005048,2.6808028
0.00505,2.6808028
0.005052,2.6808028
0.005054,2.6808028
0.005056,2.6808028
0.005058,2.6808028
0.00506,2.6808028
0.005062,2.6808028
0.005064,2.6808028
0.005066,2.6808028
0.005068,2.6808028
0.00507,2.6808028
0.005072,2.6808028
0.005074,2.6808028
0.005076,2.6808028
0.005078,2.6808028
0.00508,2.6808028
0.005082,2.6808028
0.005084,2.6808028
0.005086,2.6808028
0.005088,2.6808028
0.00509,2.6808028
0.005092,2.6808028
0.005094,2.6808028
0.005096,2.6808028
0.005098,2.6808028
0.0051,2.6808028
0.005102,2.6808028
0.005104,2.6808028
0.0051059998,2.6808028
0.005108,1.4325566
0.00511,1.4325566
0.005112,1.4325566
0.005114,1.4325566
0.005116,1.4325566
0.005118,1.4325566
0.00512,1.4325566
0.005122,1.4325566
0.005124,1.4325566
0.005126,1.4325566
0.005128,1.4325566
0.00513,1.4325566
0.005132,1.4325566
0.005134,1.4325566
0.005136,1.4325566
0.005138,1.4325566
0.00514,1.4325566
0.005142,1.4325566
0.005144,1.4325566
0.005146,1.3863249
0.005148,1.3863249
0.00515,1.3863249
0.005152,1.3863249
0.005154,1.3863249
0.005156,1.3863249
0.005158,1.3863249
0.00516,1.3863249
0.005162,1.3863249
0.005164,1.3863249
0.0051659998,1.3863249
0.005168,1.3863249
0.00517,1.3863249
0.005172,1.3863249
0.005174,1.3863249
0.005176,1.3863249
0.005178,1.3863249
0.00518,1.3863249
0.005182,1.3863249
0.005184,1.3863249
0.005186,1.3863249
0.005188,1.3863249
0.00519,1.3863249
0.005192,1.3863249
0.005194,1.3863249
0.005196,1.3863249
0.005198,1.3863249
0.0052,1.3863249
0.005202,1.3863249
0.005204,1.3863249
0.005206,1.3863249
0.005208,1.3863249
0.00521,1.3863249
0.005212,1.3863249
0.005214,1.3863249
0.005216,1.3863249
0.005218,1.3863249
0.00522,1.3863249
0.005222,1.3863249
0.005224,1.3863249
0.005226,1.3863249
0.0052279998,1.3863249
0.00523,1.3863249
0.005232,1.3863249
0.005234,1.3863249
0.005236,1.3863249
0.005238,1.3863249
0.00524,1.3863249
0.005242,1.3863249
0.005244,1.3863249
0.005246,1.3863249
0.005248,1.3863249
0.00525,1.3863249
0.005252,1.3863249
0.005254,1.3863249
0.005256,1.3863249
0.005258,1.3863249
0.00526,1.3863249
0.005262,1.3863249
0.005264,1.3863249
0.005266,1.3863249
0.005268,1.3863249
0.00527,1.3863249
0.005272,1.3863249
0.005274,1.3863249
0.005276,1.3863249
0.005278,1.3863249
0.00528,1.3863249
0.005282,1.3863249
0.005284,1.3863249
0.005286,1.3863249
0.005288,1.3863249
0.00529,1.3863249
0.005292,1.3863249
0.005294,1.3863249
0.005296,1.3863249
0.005298,1.3863249
0.0053,1.3863249
0.005302,1.3863249
0.005304,1.3863249
0.005306,1.3863249
0.005308,1.3863249
0.00531,1.3863249
0.005312,1.3863249
0.005314,1.3863249
0.005316,1.3863249
0.005318,1.3863249
0.00532,1.3863249
0.005322,1.3863249
0.005324,1.3863249
0.005326,1.3863249
0.005328,1.3863249
0.00533,1.3863249
0.005332,1.3863249
0.005334,1.3863249
0.005336,1.3863249
0.005338,1.3863249
0.00534,1.3863249
0.005342,1.3863249
0.005344,1.3863249
0.005346,1.3863249
0.005348,1.3863249
0.0053499998,1.3863249
0.005352,1.3863249
0.005354,1.3863249
0.005356,1.3863249
0.005358,1.3863249
0.00536,1.3863249
0.005362,1.3863249
0.005364,1.3863249
0.005366,1.3863249
0.005368,1.3863249
0.00537,1.3863249
0.005372,1.3863249
0.005374,1.3863249
0.005376,1.3863249
0.005378,1.3863249
0.00538,1.3863249
0.005382,1.3863249
0.005384,1.3863249
0.005386,1.3863249
0.005388,1.3863249
0.00539,1.3863249
0.005392,1.3863249
0.005394,1.3863249
0.005396,1.3863249
0.005398,1.3863249
0.0054,1.3863249
0.005402,1.3863249
0.005404,1.3863249
0.005406,1.3863249
0.005408,1.3863249
0.00541,1.3863249
0.0054119998,1.3863249
0.005414,1.3863249
0.005416,1.3863249
0.005418,1.3863249
0.00542,1.3863249
0.005422,1.3863249
0.005424,1.3863249
0.005426,1.3863249
0.005428,1.3863249
0.00543,1.3863249
0.005432,1.3863249
0.005434,1.3863249
0.005436,1.3863249
0.005438,1.3863249
0.00544,1.3863249
0.005442,1.3863249
0.005444,1.3863249
0.005446,1.3863249
0.005448,1.3863249
0.00545,1.3863249
0.005452,1.3863249
0.005454,1.3863249
0.005456,1.3863249
0.005458,1.3863249
0.00546,1.3863249
0.005462,1.3863249
0.005464,1.3863249
0.005466,1.3863249
0.005468,1.3863249
0.00547,1.3863249
0.0054719998,1.3863249
0.005474,1.3863249
0.005476,1.3863249
0.005478,1.3863249
0.00548,1.3863249
0.005482,1.3863249
0.005484,1.3863249
0.005486,1.3863249
0.005488,0.36923456
0.00549,0.13807821
0.005492,0.13807821
0.005494,0.13807821
0.005496,0.13807821
0.005498,0.13807821
0.0055,0.13807821
0.005502,0.13807821
0.005504,0.13807821
0.005506,0.13807821
0.005508,0.13807821
0.00551,0.13807821
0.005512,0.091846466
0.005514,0.091846466
0.005516,0.091846466
0.005518,0.091846466
0.00552,0.091846466
0.005522,0.091846466
0.005524,0.091846466
0.005526,0.091846466
0.005528,0.091846466
0.00553,0.091846466
0.005532,0.091846466
0.0055339998,0.091846466
0.005536,0.091846466
0.005538,0.091846466
0.00554,0.091846466
0.005542,0.091846466
0.005544,0.091846466
0.005546,0.091846466
0.005548,0.091846466
0.00555,0.091846466
0.005552,0.091846466
0.005554,0.091846466
0.005556,0.091846466
0.005558,0.091846466
0.00556,0.091846466
0.005562,0.091846466
0.005564,0.091846466
0.005566,0.091846466
0.005568,0.091846466
0.00557,0.091846466
0.005572,0.091846466
0.005574,0.091846466
0.005576,0.091846466
0.005578,0.091846466
0.00558,0.091846466
0.005582,0.091846466
0.005584,0.091846466
0.005586,0.091846466
0.005588,0.091846466
0.00559,0.091846466
0.005592,0.091846466
0.0055939998,0.091846466
0.005596,0.091846466
0.005598,0.091846466
0.0056,0.091846466
0.005602,0.091846466
0.005604,0.091846466
0.005606,0.091846466
0.005608,0.091846466
0.00561,0.091846466
0.005612,0.091846466
0.005614,0.091846466
0.005616,0.091846466
0.005618,0.091846466
0.00562,0.091846466
0.005622,0.091846466
0.005624,0.091846466
0.005626,0.091846466
0.005628,0.091846466
0.00563,0.091846466
0.005632,0.091846466
0.005634,0.091846466
0.005636,0.091846466
0.005638,0.091846466
0.00564,0.091846466
0.005642,0.091846466
0.005644,0.091846466
0.005646,0.091846466
0.005648,0.091846466
0.00565,0.091846466
0.005652,0.091846466
0.005654,0.091846466
0.0056559998,0.091846466
0.005658,0.091846466
0.00566,0.091846466
0.005662,0.091846466
0.005664,0.091846466
0.005666,0.091846466
0.005668,0.091846466
0.00567,0.091846466
0.005672,0.091846466
0.005674,0.091846466
0.005676,0.091846466
0.005678,0.091846466
0.00568,0.091846466
0.005682,0.091846466
0.005684,0.091846466
0.005686,0.091846466
0.005688,0.091846466
0.00569,0.091846466
0.005692,0.091846466
0.005694,0.091846466
0.005696,0.091846466
0.005698,0.091846466
0.0057,0.091846466
0.005702,0.091846466
0.005704,0.091846466
0.005706,0.091846466
0.005708,0.091846466
0.00571,0.091846466
0.005712,0.091846466
0.005714,0.091846466
0.005716,0.091846466
0.005718,0.091846466
0.00572,0.091846466
0.005722,0.091846466
0.005724,0.091846466
0.005726,0.091846466
0.005728,0.091846466
0.00573,0.091846466
0.005732,0.091846466
0.005734,0.091846466
0.005736,0.091846466
0.005738,0.091846466
0.00574,0.091846466
0.005742,0.091846466
0.005744,0.091846466
0.005746,0.091846466
0.005748,0.091846466
0.00575,0.091846466
0.005752,0.091846466
0.005754,0.091846466
0.005756,0.091846466
0.005758,0.091846466
0.00576,0.091846466
0.005762,0.091846466
0.005764,0.091846466
0.005766,0.091846466
0.005768,0.091846466
0.00577,0.091846466
0.005772,0.091846466
0.005774,0.091846466
0.005776,0.091846466
0.0057779998,0.091846466
0.00578,0.091846466
0.005782,0.091846466
0.005784,0.091846466
0.005786,0.091846466
0.005788,0.091846466
0.00579,0.091846466
0.005792,0.091846466
0.005794,0.091846466
0.005796,0.091846466
0.005798,0.091846466
0.0058,0.091846466
0.005802,0.091846466
0.005804,0.091846466
0.005806,0.091846466
0.005808,0.091846466
0.00581,0.091846466
0.005812,0.091846466
0.005814,0.091846466
0.005816,0.091846466
0.005818,0.091846466
0.00582,0.091846466
0.005822,0.091846466
0.005824,0.091846466
0.005826,0.091846466
0.005828,0.091846466
0.00583,0.091846466
0.005832,0.091846466
0.005834,0.091846466
0.005836,0.091846466
0.005838,0.091846466
0.0058399998,0.091846466
0.005842,0.091846466
0.005844,0.091846466
0.005846,0.091846466
0.005848,0.091846466
0.00585,0.091846466
0.005852,0.091846466
0.005854,0.091846466
0.005856,0.091846466
0.005858,0.091846466
0.00586,0.091846466
0.005862,0.091846466
0.005864,0.091846466
0.005866,0.091846466
0.005868,0.091846466
0.00587,0.091846466
0.005872,0.091846466
0.005874,0.091846466
0.005876,0.091846466
0.005878,0.091846466
0.00588,0.091846466
0.005882,0.091846466
0.005884,0.091846466
0.005886,0.091846466
0.005888,0.091846466
0.00589,0.091846466
0.005892,0.091846466
0.005894,0.091846466
0.005896,0.091846466
0.005898,0.091846466
0.0058999998,0.091846466
0.005902,0.091846466
0.005904,0.091846466
0.005906,0.091846466
0.005908,0.091846466
0.00591,0.091846466
0.005912,0.091846466
0.005914,0.091846466
0.005916,0.091846466
0.005918,0.091846466
0.00592,0.091846466
0.005922,0.091846466
0.005924,0.091846466
0.005926,0.091846466
0.005928,0.091846466
0.00593,0.091846466
0.005932,0.091846466
0.005934,0.091846466
0.005936,0.091846466
0.005938,0.091846466
0.00594,0.091846466
0.005942,0.091846466
0.005944,0.091846466
0.005946,0.091846466
0.005948,0.091846466
0.00595,0.091846466
0.005952,0.091846466
0.005954,0.091846466
0.005956,0.091846466
0.005958,0.091846466
0.00596,0.091846466
0.0059619998,0.091846466
0.005964,0.091846466
0.005966,0.091846466
0.005968,0.091846466
0.00597,0.091846466
0.005972,0.091846466
0.005974,0.091846466
0.005976,0.091846466
0.005978,0.091846466
0.00598,0.091846466
0.005982,0.091846466
0.005984,0.091846466
0.005986,0.091846466
0.005988,0.091846466
0.00599,0.091846466
0.005992,0.091846466
0.005994,0.091846466
0.005996,0.091846466
0.005998,0.091846466
0.006,0.091846466
0.006002,0.091846466
0.006004,0.091846466
0.006006,0.091846466
0.006008,0.091846466
0.00601,0.091846466
0.006012,0.091846466
0.006014,0.091846466
0.006016,0.091846466
0.006018,0.091846466
0.00602,0.091846466
0.0060219998,0.091846466
0.006024,0.091846466
0.006026,0.091846466
0.006028,0.091846466
0.00603,0.091846466
0.006032,0.091846466
0.006034,0.091846466
0.006036,0.091846466
0.006038,0.091846466
0.00604,0.091846466
0.006042,0.091846466
0.006044,0.091846466
0.006046,0.091846466
0.006048,0.091846466
0.00605,0.091846466
0.006052,0.091846466
0.006054,0.091846466
0.006056,0.091846466
0.006058,0.091846466
0.00606,0.091846466
0.006062,0.091846466
0.006064,0.091846466
0.006066,0.091846466
0.006068,0.091846466
0.00607,0.091846466
0.006072,0.091846466
0.006074,0.091846466
0.006076,0.091846466
0.006078,0.091846466
0.00608,0.091846466
0.006082,0.091846466
0.0060839998,0.091846466
0.006086,0.091846466
0.006088,0.091846466
0.00609,0.091846466
0.006092,0.091846466
0.006094,0.091846466
0.006096,0.091846466
0.006098,0.091846466
0.0061,0.091846466
0.006102,0.091846466
0.006104,0.091846466
0.006106,0.091846466
0.006108,0.091846466
0.00611,0.091846466
0.006112,0.091846466
0.006114,0.091846466
0.006116,0.091846466
0.006118,0.091846466
0.00612,0.091846466
0.006122,0.091846466
0.006124,0.091846466
0.006126,0.091846466
0.006128,0.091846466
0.00613,0.091846466
0.006132,0.091846466
0.006134,0.091846466
0.006136,0.091846466
0.006138,0.091846466
0.00614,0.091846466
0.006142,0.091846466
0.006144,0.091846466
0.0061459998,0.091846466
0.006148,0.091846466
0.00615,0.091846466
0.006152,0.091846466
0.006154,0.091846466
0.006156,0.091846466
0.006158,0.091846466
0.00616,0.091846466
0.006162,0.091846466
0.006164,0.091846466
0.006166,0.091846466
0.006168,0.091846466
0.00617,0.091846466
0.006172,0.091846466
0.006174,0.091846466
0.006176,0.091846466
0.006178,0.091846466
0.00618,0.091846466
0.006182,0.091846466
0.006184,0.091846466
0.006186,0.091846466
0.006188,0.091846466
0.00619,0.091846466
0.006192,0.091846466
0.006194,0.091846466
0.006196,0.091846466
0.006198,0.091846466
0.0062,0.091846466
0.006202,0.091846466
0.006204,0.091846466
0.0062059998,0.091846466
0.006208,0.091846466
0.00621,0.091846466
0.006212,0.091846466
0.006214,0.091846466
0.006216,0.091846466
0.006218,0.091846466
0.00622,0.091846466
0.006222,0.091846466
0.006224,0.091846466
0.006226,0.091846466
0.006228,0.091846466
0.00623,0.091846466
0.006232,0.091846466
0.006234,0.091846466
0.006236,0.091846466
0.006238,0.091846466
0.00624,0.091846466
0.006242,0.091846466
0.006244,0.091846466
0.006246,0.091846466
0.006248,0.091846466
0.00625,0.091846466
0.006252,0.091846466
0.006254,0.091846466
0.006256,0.091846466
0.006258,0.091846466
0.00626,0.091846466
0.006262,0.091846466
0.006264,0.091846466
0.006266,0.091846466
0.0062679998,0.091846466
0.00627,0.091846466
0.006272,0.091846466
0.006274,0.091846466
0.006276,0.091846466
0.006278,0.091846466
0.00628,0.091846466
0.006282,0.091846466
0.006284,0.091846466
0.006286,0.091846466
0.006288,0.091846466
0.00629,0.091846466
0.006292,0.091846466
0.006294,0.091846466
0.006296,0.091846466
0.006298,0.091846466
0.0063,0.091846466
0.006302,0.091846466
0.006304,0.64662313
0.006306,1.3863249
0.006308,1.3400936
0.00631,1.3863249
0.006312,1.3863249
0.006314,1.3863249
0.006316,1.3863249
0.006318,1.3863249
0.00632,1.3863249
0.006322,1.3863249
0.006324,1.3863249
0.006326,1.3863249
0.0063279998,1.3863249
0.00633,1.3863249
0.006332,1.3863249
0.006334,1.3863249
0.006336,1.3863249
0.006338,1.3863249
0.00634,1.3863249
0.006342,1.3863249
0.006344,1.3863249
0.006346,1.3863249
0.006348,1.3863249
0.00635,1.3863249
0.006352,1.3863249
0.006354,1.3863249
0.006356,1.3863249
0.006358,1.3863249
0.00636,1.3863249
0.006362,1.3863249
0.006364,1.3863249
0.006366,1.3863249
0.006368,1.3863249
0.00637,1.3863249
0.006372,1.3863249
0.006374,1.3863249
0.006376,1.3863249
0.006378,1.3863249
0.00638,1.3863249
0.006382,1.3863249
0.006384,1.3863249
0.006386,1.3863249
0.006388,1.3863249
0.0063899998,1.3863249
0.006392,1.3863249
0.006394,1.3863249
0.006396,1.3863249
0.006398,1.3863249
0.0064,1.3863249
0.006402,1.3863249
0.006404,1.3863249
0.006406,1.3863249
0.006408,1.3863249
0.00641,1.3863249
0.006412,1.3863249
0.006414,1.3863249
0.006416,1.3863249
0.006418,1.3863249
0.00642,1.3863249
0.006422,1.3863249
0.006424,1.3863249
0.006426,1.3863249
0.006428,1.3863249
0.00643,1.3863249
0.006432,1.3863249
0.006434,1.3863249
0.006436,1.3863249
0.006438,1.3863249
0.00644,1.3863249
0.006442,1.3863249
0.006444,1.3863249
0.006446,1.3863249
0.006448,1.3863249
0.0064499998,1.3863249
0.006452,1.3863249
0.006454,1.3863249
0.006456,1.3863249
0.006458,1.3863249
0.00646,1.3863249
0.006462,1.3863249
0.006464,1.3863249
0.006466,1.3863249
0.006468,1.3863249
0.00647,1.3863249
0.006472,1.3863249
0.006474,1.3863249
0.006476,1.3863249
0.006478,1.3863249
0.00648,1.3863249
0.006482,1.3863249
0.006484,1.3863249
0.006486,1.3863249
0.006488,1.3863249
0.00649,1.3863249
0.006492,1.3863249
0.006494,1.3863249
0.006496,1.3863249
0.006498,1.3863249
0.0065,1.3863249
0.006502,1.3863249
0.006504,1.3863249
0.006506,1.3863249
0.006508,1.3863249
0.00651,1.3863249
0.0065119998,1.3863249
0.006514,1.3863249
0.006516,1.3863249
0.006518,1.3863249
0.00652,1.3863249
0.006522,1.3863249
0.006524,1.3863249
0.006526,1.3863249
0.006528,1.3863249
0.00653,1.3863249
0.006532,1.3863249
0.006534,1.3863249
0.006536,1.3863249
0.006538,1.3863249
0.00654,1.3863249
0.006542,1.3863249
0.006544,1.3863249
0.006546,1.3863249
0.006548,1.3863249
0.00655,1.3863249
0.006552,1.3863249
0.006554,1.3863249
0.006556,1.3863249
0.006558,1.3863249
0.00656,1.3863249
0.006562,1.3863249
0.006564,1.3863249
0.006566,1.3863249
0.006568,1.3863249
0.00657,1.3863249
0.0065719998,1.3863249
0.0065739998,1.3863249
0.006576,1.3863249
0.006578,1.3863249
0.00658,1.3863249
0.006582,1.3863249
0.006584,1.3863249
0.006586,1.3863249
0.006588,1.3863249
0.00659,1.3863249
0.006592,1.3863249
0.006594,1.3863249
0.006596,1.3863249
0.006598,1.3863249
0.0066,1.3863249
0.006602,1.3863249
0.006604,1.3863249
0.006606,1.3863249
0.006608,1.3863249
0.00661,1.3863249
0.006612,1.3863249
0.006614,1.3863249
0.006616,1.3863249
0.006618,1.3863249
0.00662,1.3863249
0.006622,1.3863249
0.006624,1.3863249
0.006626,1.3863249
0.006628,1.3863249
0.00663,1.3863249
0.006632,1.3863249
0.0066339998,1.3863249
0.006636,1.3863249
0.006638,1.3863249
0.00664,1.3863249
0.006642,1.3863249
0.006644,1.3863249
0.006646,1.3863249
0.006648,1.3863249
0.00665,1.3863249
0.006652,1.3863249
0.006654,1.3863249
0.006656,1.3863249
0.006658,2.357184
0.00666,2.6345725
0.006662,2.6345725
0.006664,2.6345725
0.006666,2.6345725
0.006668,2.6345725
0.00667,2.6345725
0.006672,2.6345725
0.006674,2.6345725
0.006676,2.6808028
0.006678,2.6808028
0.00668,2.6808028
0.006682,2.6808028
0.006684,2.6808028
0.006686,2.6808028
0.006688,2.6808028
0.00669,2.6808028
0.006692,2.6808028
0.006694,2.6808028
0.0066959998,2.6808028
0.006698,2.6808028
0.0067,2.6808028
0.006702,2.6808028
0.006704,2.6808028
0.006706,2.6808028
0.006708,2.6808028
0.00671,2.6808028
0.006712,2.6808028
0.006714,2.6808028
0.006716,2.6808028
0.006718,2.6808028
0.00672,2.6808028
0.006722,2.6808028
0.006724,2.6808028
0.006726,2.6808028
0.006728,2.6808028
0.00673,2.6808028
0.006732,2.6808028
0.006734,2.6808028
0.006736,2.6808028
0.006738,2.6808028
0.00674,2.6808028
0.006742,2.6808028
0.006744,2.6808028
0.006746,2.6808028
0.006748,2.6808028
0.00675,2.6808028
0.006752,2.6808028
0.006754,2.6808028
0.0067559998,2.6808028
0.006758,2.6808028
0.00676,2.6808028
0.006762,2.6808028
0.006764,2.6808028
0.006766,2.6808028
0.006768,2.6808028
0.00677,2.6808028
0.006772,2.6808028
0.006774,2.6808028
0.006776,2.6808028
0.006778,2.6808028
0.00678,2.6808028
0.006782,2.6808028
0.006784,2.6808028
0.006786,2.6808028
0.006788,2.6808028
0.00679,2.6808028
0.006792,2.6808028
0.006794,2.6808028
0.006796,2.6808028
0.006798,2.6808028
0.0068,2.6808028
0.006802,2.6808028
0.006804,2.6808028
0.006806,2.6808028
0.006808,2.6808028
0.00681,2.6808028
0.006812,2.6808028
0.006814,2.6808028
0.006816,2.6808028
0.0068179998,2.6808028
0.00682,2.6808028
0.006822,2.6808028
0.006824,2.6808028
0.006826,2.6808028
0.006828,2.6808028
0.00683,2.6808028
0.006832,2.6808028
0.006834,2.6808028
0.006836,2.6808028
0.006838,2.6808028
0.00684,2.6808028
0.006842,2.6808028
0.006844,2.6808028
0.006846,2.6808028
0.006848,2.6808028
0.00685,2.6808028
0.006852,2.6808028
0.006854,2.6808028
0.006856,2.6808028
0.006858,2.6808028
0.00686,2.6808028
0.006862,2.6808028
0.006864,2.6808028
0.006866,2.6808028
0.006868,2.6808028
0.00687,2.6808028
0.006872,2.6808028
0.006874,2.6808028
0.006876,2.6808028
0.0068779998,2.6808028
0.00688,2.6808028
0.006882,2.6808028
0.006884,2.6808028
0.006886,2.6808028
0.006888,2.6808028
0.00689,2.6808028
0.006892,2.6808028
0.006894,2.6808028
0.006896,2.6808028
0.006898,2.6808028
0.0069,2.6808028
0.006902,2.6808028
0.006904,2.6808028
0.006906,2.6808028
0.006908,2.6808028
0.00691,2.6808028
0.006912,2.6808028
0.006914,2.6808028
0.006916,2.6808028
0.006918,2.6808028
0.00692,2.6808028
0.006922,2.6808028
0.006924,2.6808028
0.006926,2.6808028
0.006928,2.6808028
0.00693,2.6808028
0.006932,2.6808028
0.006934,2.6808028
0.006936,2.6808028
0.006938,2.6808028
0.0069399998,2.6808028
0.006942,2.6808028
0.006944,2.6808028
0.006946,2.6808028
0.006948,2.6808028
0.00695,2.6808028
0.006952,2.6808028
0.006954,2.6808028
0.006956,2.6808028
0.006958,2.6808028
0.00696,2.6808028
0.006962,2.6808028
0.006964,2.6808028
0.006966,2.6808028
0.006968,2.6808028
0.00697,2.6808028
0.006972,2.6808028
0.006974,2.6808028
0.006976,2.6808028
0.006978,2.6808028
0.00698,2.6808028
0.006982,2.6808028
0.006984,3.1893477
0.006986,3.8828197
0.006988,3.92905
0.00699,3.92905
0.006992,3.92905
0.006994,3.9752812
0.006996,3.9752812
0.006998,3.9752812
0.0069999998,3.9752812
0.0070019998,3.9752812
0.007004,3.9752812
0.007006,3.9752812
0.007008,3.9752812
0.00701,3.9752812
0.007012,3.9752812
0.007014,3.9752812
0.007016,3.9752812
0.007018,3.9752812
0.00702,3.9752812
0.007022,3.9752812
0.007024,3.9752812
0.007026,3.9752812
0.007028,3.9752812
0.00703,3.9752812
0.007032,3.9752812
0.007034,3.9752812
0.007036,3.9752812
0.007038,3.9752812
0.00704,3.9752812
0.007042,3.9752812
0.007044,3.9752812
0.007046,3.9752812
0.007048,3.9752812
0.00705,3.9752812
0.007052,3.9752812
0.007054,3.9752812
0.007056,3.9752812
0.007058,3.9752812
0.00706,3.9752812
0.0070619998,3.9752812
0.007064,3.9752812
0.007066,3.9752812
0.007068,3.9752812
0.00707,3.9752812
0.007072,3.9752812
0.007074,3.9752812
0.007076,3.9752812
0.007078,3.9752812
0.00708,3.9752812
0.007082,3.9752812
0.007084,3.9752812
0.007086,3.9752812
0.007088,3.9752812
0.00709,3.9752812
0.007092,3.9752812
0.007094,3.9752812
0.007096,3.9752812
0.007098,3.9752812
0.0071,3.9752812
0.007102,3.9752812
0.007104,3.9752812
0.007106,3.9752812
0.007108,3.9752812
0.00711,3.9752812
0.007112,3.9752812
0.007114,3.9752812
0.007116,3.9752812
0.007118,3.9752812
0.00712,3.9752812
0.007122,3.9752812
0.0071239998,3.9752812
0.007126,3.9752812
0.007128,3.9752812
0.00713,3.9752812
0.007132,3.9752812
0.007134,3.9752812
0.007136,3.9752812
0.007138,3.9752812
0.00714,3.9752812
0.007142,3.9752812
0.007144,3.9752812
0.007146,3.9752812
0.007148,3.9752812
0.00715,3.9752812
0.007152,3.9752812
0.007154,3.9752812
0.007156,3.9752812
0.007158,3.9752812
0.00716,3.9752812
0.007162,3.9752812
0.007164,3.9752812
0.007166,3.9752812
0.007168,3.9752812
0.00717,3.9752812
0.007172,3.9752812
0.007174,3.9752812
0.007176,3.9752812
0.007178,3.9752812
0.00718,3.9752812
0.007182,3.9752812
0.0071839998,3.9752812
0.007186,3.9752812
0.007188,3.9752812
0.00719,3.9752812
0.007192,3.9752812
0.007194,3.9752812
0.007196,3.9752812
0.007198,3.9752812
0.0072,3.9752812
0.007202,3.9752812
0.007204,3.9752812
0.007206,3.9752812
0.007208,3.9752812
0.00721,3.9752812
0.007212,3.9752812
0.007214,3.9752812
0.007216,3.9752812
0.007218,3.9752812
0.00722,3.9752812
0.007222,3.9752812
0.007224,3.9752812
0.007226,3.9752812
0.007228,3.9752812
0.00723,3.9752812
0.007232,3.9752812
0.007234,3.9752812
0.007236,3.9752812
0.007238,3.9752812
0.00724,3.9752812
0.007242,3.9752812
0.007244,3.9752812
0.0072459998,3.9752812
0.007248,3.9752812
0.00725,3.9752812
0.007252,3.9752812
0.007254,3.9752812
0.007256,3.9752812
0.007258,3.9752812
0.00726,3.9752812
0.007262,3.9752812
0.007264,3.9752812
0.007266,3.9752812
0.007268,3.9752812
0.00727,3.9752812
0.007272,3.9752812
0.007274,3.9752812
0.007276,3.9752812
0.007278,3.9752812
0.00728,3.9752812
0.007282,3.9752812
0.007284,3.9752812
0.007286,3.9752812
0.007288,3.9752812
0.00729,3.9752812
0.007292,3.9752812
0.007294,3.9752812
0.007296,3.9752812
0.007298,3.9752812
0.0073,3.9752812
0.007302,3.9752812
0.007304,3.9752812
0.0073059998,3.9752812
0.007308,3.9752812
0.00731,3.9752812
0.007312,3.9752812
0.007314,3.9752812
0.007316,3.9752812
0.007318,3.9752812
0.00732,3.9752812
0.007322,3.9752812
0.007324,3.9752812
0.007326,3.9752812
0.007328,3.9752812
0.00733,3.9752812
0.007332,3.9752812
0.007334,3.9752812
0.007336,3.9752812
0.007338,3.9752812
0.00734,3.9752812
0.007342,3.9752812
0.007344,3.9752812
0.007346,3.9752812
0.007348,3.9752812
0.00735,3.9752812
0.007352,3.9752812
0.007354,3.9752812
0.007356,3.9752812
0.007358,3.9752812
0.00736,3.9752812
0.007362,3.9752812
0.007364,3.9752812
0.007366,3.9752812
0.0073679998,3.9752812
0.00737,3.9752812
0.007372,3.9752812
0.007374,3.9752812
0.007376,3.9752812
0.007378,3.9752812
0.00738,3.9752812
0.007382,3.9752812
0.007384,3.9752812
0.007386,3.9752812
0.007388,3.9752812
0.00739,3.9752812
0.007392,3.9752812
0.007394,3.9752812
0.007396,3.9752812
0.007398,3.9752812
0.0074,3.9752812
0.007402,3.9752812
0.007404,3.9752812
0.007406,3.9752812
0.007408,3.9752812
0.00741,3.9752812
0.007412,3.9752812
0.007414,3.9752812
0.007416,3.9752812
0.007418,3.9752812
0.00742,3.9752812
0.007422,3.9752812
0.007424,3.9752812
0.007426,3.9752812
0.0074279997,3.9752812
0.0074299998,3.9752812
0.007432,3.9752812
0.007434,3.9752812
0.007436,3.9752812
0.007438,3.9752812
0.00744,3.9752812
0.007442,3.9752812
0.007444,3.9752812
0.007446,3.9752812
0.007448,3.9752812
0.00745,3.9752812
0.007452,3.9752812
0.007454,3.9752812
0.007456,3.9752812
0.007458,3.9752812
0.00746,3.9752812
0.007462,3.9752812
0.007464,3.9752812
0.007466,3.9752812
0.007468,3.9752812
0.00747,3.9752812
0.007472,3.9752812
0.007474,3.9752812
0.007476,3.9752812
0.007478,3.9752812
0.00748,3.9752812
0.007482,3.9752812
0.007484,3.9752812
0.007486,3.9752812
0.007488,3.9752812
0.0074899998,3.9752812
0.007492,3.9752812
0.007494,3.9752812
0.007496,3.9752812
0.007498,3.9752812
0.0075,3.9752812
0.007502,3.9752812
0.007504,3.9752812
0.007506,3.9752812
0.007508,3.9752812
0.00751,3.9752812
0.007512,3.9752812
0.007514,3.9752812
0.007516,3.9752812
0.007518,3.9752812
0.00752,3.9752812
0.007522,3.9752812
0.007524,3.9752812
0.007526,3.9752812
0.007528,3.9752812
0.00753,3.9752812
0.007532,3.9752812
0.007534,3.9752812
0.007536,3.9752812
0.007538,3.9752812
0.00754,3.9752812
0.007542,3.9752812
0.007544,3.9752812
0.007546,3.9752812
0.007548,3.9752812
0.00755,3.9752812
0.0075519998,3.9752812
0.007554,3.9752812
0.007556,3.9752812
0.007558,3.9752812
0.00756,3.9752812
0.007562,3.9752812
0.007564,3.9752812
0.007566,3.9752812
0.007568,3.9752812
0.00757,3.9752812
0.007572,3.9752812
0.007574,3.9752812
0.007576,3.9752812
0.007578,3.9752812
0.00758,3.9752812
0.007582,3.9752812
0.007584,3.9752812
0.007586,3.9752812
0.007588,3.9752812
0.00759,3.9752812
0.007592,3.9752812
0.007594,3.9752812
0.007596,3.9752812
0.007598,3.9752812
0.0076,3.9752812
0.007602,3.9752812
0.007604,3.9752812
0.007606,3.9752812
0.007608,3.9752812
0.00761,3.9752812
0.0076119998,3.9752812
0.007614,3.9752812
0.007616,3.9752812
0.007618,3.9752812
0.00762,3.9752812
0.007622,3.9752812
0.007624,3.9752812
0.007626,3.9752812
0.007628,3.9752812
0.00763,3.9752812
0.007632,3.9752812
0.007634,3.9752812
0.007636,3.9752812
0.007638,3.9752812
0.00764,3.9752812
0.007642,3.9752812
0.007644,3.9752812
0.007646,3.9752812
0.007648,3.9752812
0.00765,3.9752812
0.007652,3.9752812
0.007654,3.9752812
0.007656,3.9752812
0.007658,3.9752812
0.00766,3.9752812
0.007662,3.9752812
0.007664,3.9752812
0.007666,3.9752812
0.007668,3.9752812
0.00767,3.9752812
0.007672,3.9752812
0.0076739998,3.9752812
0.007676,3.9752812
0.007678,3.9752812
0.00768,3.9752812
0.007682,3.9752812
0.007684,3.9752812
0.007686,3.9752812
0.007688,3.9752812
0.00769,3.9752812
0.007692,3.9752812
0.007694,3.9752812
0.007696,3.9752812
0.007698,3.9752812
0.0077,3.9752812
0.007702,3.9752812
0.007704,3.9752812
0.007706,3.9752812
0.007708,3.9752812
0.00771,3.9752812
0.007712,3.9752812
0.007714,3.9752812
0.007716,3.9752812
0.007718,3.9752812
0.00772,3.9752812
0.007722,3.9752812
0.007724,3.9752812
0.007726,3.9752812
0.007728,3.9752812
0.00773,3.9752812
0.007732,3.9752812
0.0077339998,3.9752812
0.0077359998,3.9752812
0.007738,3.9752812
0.00774,3.9752812
0.007742,3.9752812
0.007744,3.9752812
0.007746,3.9752812
0.007748,3.9752812
0.00775,3.9752812
0.007752,3.9752812
0.007754,3.9752812
0.007756,3.9752812
0.007758,3.9752812
0.00776,3.9752812
0.007762,3.9752812
0.007764,3.9752812
0.007766,3.9752812
0.007768,3.9752812
0.00777,3.9752812
0.007772,3.9752812
0.007774,3.9752812
0.007776,3.9752812
0.007778,3.9752812
0.00778,3.9752812
0.007782,3.9752812
0.007784,3.9752812
0.007786,3.9752812
0.007788,3.9752812
0.00779,3.9752812
0.007792,3.9752812
0.007794,3.9752812
0.0077959998,3.9752812
0.007798,3.9752812
0.0078,3.9752812
0.007802,3.9752812
0.007804,3.9752812
0.007806,3.9752812
0.007808,3.9752812
0.00781,3.9752812
0.007812,3.9752812
0.007814,3.9752812
0.007816,3.9752812
0.007818,3.9752812
0.00782,3.9752812
0.007822,3.9752812
0.007824,3.9752812
0.0078259995,3.9752812
0.007828,3.9752812
0.00783,3.9752812
0.007832,3.9752812
0.007834,3.9752812
0.007836,3.9752812
0.007838,3.9752812
0.00784,3.9752812
0.007842,3.9752812
0.007844,3.9752812
0.007846,3.9752812
0.007848,3.9752812
0.00785,3.9752812
0.007852,3.9752812
0.007854,3.9752812
0.007856,3.9752812
0.007858,3.9752812
0.00786,3.9752812
0.007862,3.9752812
0.007864,3.9752812
0.007866,3.9752812
0.007868,3.9752812
0.00787,3.9752812
0.007872,3.9752812
0.007874,3.9752812
0.007876,3.9752812
0.007878,3.9752812
0.00788,3.9752812
0.007882,3.9752812
0.007884,3.9752812
0.007886,3.9752812
0.0078879995,3.9752812
0.00789,3.9752812
0.007892,3.9752812
0.007894,3.9752812
0.007896,3.9752812
0.007898,3.9752812
0.0079,3.9752812
0.007902,3.9752812
0.007904,3.9752812
0.007906,3.9752812
0.007908,3.9752812
0.00791,3.9752812
0.007912,3.9752812
0.007914,3.9752812
0.007916,3.9752812
0.007918,3.9752812
0.00792,3.9752812
0.007922,3.9752812
0.007924,3.9752812
0.007926,3.9752812
0.007928,3.9752812
0.00793,3.9752812
0.007932,3.9752812
0.007934,3.9752812
0.007936,3.9752812
0.007938,3.9752812
0.00794,3.9752812
0.007942,3.9752812
0.007944,3.9752812
0.007946,3.9752812
0.007948,3.9752812
0.0079499995,3.9752812
0.007952,3.9752812
0.007954,3.9752812
0.007956,3.9752812
0.007958,3.9752812
0.00796,3.9752812
0.007962,3.9752812
0.007964,3.9752812
0.007966,3.9752812
0.007968,3.9752812
0.00797,3.9752812
0.007972,3.9752812
0.007974,3.9752812
0.007976,3.9752812
0.007978,3.9752812
0.00798,3.9752812
0.007982,3.9752812
0.007984,3.9752812
0.007986,3.9752812
0.007988,3.9752812
0.00799,3.9752812
0.007992,3.9752812
0.007994,3.9752812
0.007996,3.9752812
0.007998,3.9752812
0.008,3.9752812
0.008002,3.9752812
0.008004,3.9752812
0.008006,3.9752812
0.008008,3.9752812
0.00801,3.9752812
0.008012,3.9752812
0.008014,3.9752812
0.008016,3.9752812
0.008018,3.9752812
0.00802,3.9752812
0.008022,3.9752812
0.008024,3.9752812
0.008026,3.9752812
0.008028,3.9752812
0.00803,3.9752812
0.008032,3.9752812
0.008034,3.9752812
0.008036,3.9752812
0.008038,3.9752812
0.00804,3.9752812
0.008042,3.9752812
0.008044,3.9752812
0.008046,3.9752812
0.008048,3.9752812
0.00805,3.9752812
0.008052,3.9752812
0.008054,3.9752812
0.008056,3.9752812
0.008058,3.9752812
0.00806,3.9752812
0.008062,3.9752812
0.008064,3.9752812
0.008066,3.9752812
0.008068,3.9752812
0.0080699995,3.9752812
0.008072,3.9752812
0.008074,3.9752812
0.008076,3.9752812
0.008078,3.9752812
0.00808,3.9752812
0.008082,3.9752812
0.008084,3.9752812
0.008086,3.9752812
0.008088,3.9752812
0.00809,3.9752812
0.008092,3.9752812
0.008094,3.9752812
0.008096,3.9752812
0.008098,3.9752812
0.0081,3.9752812
0.008102,3.9752812
0.008104,3.9752812
0.008106,3.9752812
0.008108,3.9752812
0.00811,3.9752812
0.008112,3.9752812
0.008114,3.9752812
0.008116,3.9752812
0.008118,3.9752812
0.00812,3.9752812
0.008122,3.9752812
0.008124,3.9752812
0.008126,3.9752812
0.008128,2.8194976
0.00813,2.727035
0.0081319995,2.727035
0.008134,2.727035
0.008136,2.727035
0.008138,2.727035
0.00814,2.727035
0.008142,2.727035
0.008144,2.727035
0.008146,2.6808028
0.008148,2.6808028
0.00815,2.6808028
0.008152,2.6808028
0.008154,2.6808028
0.008156,2.6808028
0.008158,2.6808028
0.00816,2.6808028
0.008162,2.6808028
0.008164,2.6808028
0.008166,2.6808028
0.008168,2.6808028
0.00817,2.6808028
0.008172,2.6808028
0.008174,2.6808028
0.008176,2.6808028
0.008178,2.6808028
0.00818,2.6808028
0.008182,2.6808028
0.008184,2.6808028
0.008186,2.6808028
0.008188,2.6808028
0.00819,2.6808028
0.008192,2.6808028
0.0081939995,2.6808028
0.008196,2.6808028
0.008198,2.6808028
0.0082,2.6808028
0.008202,2.6808028
0.008204,2.6808028
0.008206,2.6808028
0.008208,2.6808028
0.00821,2.6808028
0.008212,2.6808028
0.008214,2.6808028
0.008216,2.6808028
0.008218,2.6808028
0.00822,2.6808028
0.008222,2.6808028
0.008224,2.6808028
0.008226,2.6808028
0.008228,2.6808028
0.00823,2.6808028
0.008232,2.6808028
0.008234,2.6808028
0.008236,2.6808028
0.008238,2.6808028
0.00824,2.6808028
0.008242,2.6808028
0.008244,2.6808028
0.008246,2.6808028
0.008248,2.6808028
0.00825,2.6808028
0.008252,2.6808028
0.008254,2.6808028
0.008256,2.6808028
0.008258,2.6808028
0.00826,2.6808028
0.008262,2.6808028
0.008264,2.6808028
0.008266,2.6808028
0.008268,2.6808028
0.00827,2.6808028
0.008272,2.6808028
0.008274,2.6808028
0.008276,2.6808028
0.008278,2.6808028
0.00828,2.6808028
0.008282,2.6808028
0.008284,2.6808028
0.008286,2.6808028
0.008288,2.6808028
0.00829,2.6808028
0.008292,2.6808028
0.008294,2.6808028
0.008296,2.6808028
0.008298,2.6808028
0.0083,2.6808028
0.008302,2.6808028
0.008304,2.6808028
0.008306,2.6808028
0.008308,2.6808028
0.00831,2.6808028
0.008312,2.6808028
0.008314,2.6808028
0.008316,2.6808028
0.008318,2.6808028
0.00832,2.6808028
0.008322,2.6808028
0.008324,2.6808028
0.008326,2.6808028
0.008328,2.6808028
0.00833,2.6808028
0.008332,2.6808028
0.008334,2.6808028
0.008336,2.6808028
0.008338,2.6808028
0.00834,2.6808028
0.008342,2.6808028
0.008344,2.6808028
0.008346,2.6808028
0.008348,2.6808028
0.00835,2.6808028
0.008352,2.6808028
0.008354,2.6808028
0.008356,2.6808028
0.008358,2.6808028
0.00836,2.6808028
0.008362,2.6808028
0.008364,2.6808028
0.008366,2.6808028
0.008368,2.6808028
0.00837,2.6808028
0.008372,2.6808028
0.008374,2.6808028
0.0083759995,2.6808028
0.008378,2.6808028
0.00838,2.6808028
0.008382,2.6808028
0.008384,2.6808028
0.008386,2.6808028
0.008388,2.6808028
0.00839,2.6808028
0.008392,2.6808028
0.008394,2.6808028
0.008396,2.6808028
0.008398,2.6808028
0.0084,2.6808028
0.008402,2.6808028
0.008404,2.6808028
0.008406,2.6808028
0.008408,2.6808028
0.00841,2.6808028
0.008412,2.6808028
0.008414,2.6808028
0.008416,2.6808028
0.008418,2.6808028
0.00842,2.6808028
0.008422,2.6808028
0.008424,2.6808028
0.008426,2.6808028
0.008428,2.6808028
0.00843,2.6808028
0.008432,2.6808028
0.008434,2.6808028
0.008436,2.6808028
0.0084379995,2.6808028
0.00844,2.6808028
0.008442,2.6808028
0.008444,2.6808028
0.008446,2.6808028
0.008448,2.6808028
0.00845,2.6808028
0.008452,2.6808028
0.008454,1.8024073
0.008456,1.4787879
0.008458,1.4325566
0.00846,1.4325566
0.008462,1.4325566
0.008464,1.4325566
0.008466,1.4325566
0.008468,1.4325566
0.00847,1.4325566
0.008472,1.4325566
0.008474,1.4325566
0.008476,1.4325566
0.008478,1.4325566
0.00848,1.4325566
0.008482,1.4325566
0.008484,1.4325566
0.008486,1.4325566
0.008488,1.4325566
0.00849,1.4325566
0.008492,1.3863249
0.008494,1.4325566
0.008496,1.3863249
0.008498,1.3863249
0.0084999995,1.3863249
0.008502,1.3863249
0.008504,1.3863249
0.008506,1.3863249
0.008508,1.3863249
0.00851,1.3863249
0.008512,1.3863249
0.008514,1.3863249
0.008516,1.3863249
0.008518,1.3863249
0.00852,1.3863249
0.008522,1.3863249
0.008524,1.3863249
0.008526,1.3863249
0.008528,1.3863249
0.00853,1.3863249
0.008532,1.3863249
0.008534,1.3863249
0.008536,1.3863249
0.008538,1.3863249
0.00854,1.3863249
0.008542,1.3863249
0.008544,1.3863249
0.008546,1.3863249
0.008548,1.3863249
0.00855,1.3863249
0.008552,1.3863249
0.008554,1.3863249
0.008556,1.3863249
0.008558,1.3863249
0.00856,1.3863249
0.008562,1.3863249
0.008564,1.3863249
0.008566,1.3863249
0.008568,1.3863249
0.00857,1.3863249
0.008572,1.3863249
0.008574,1.3863249
0.008576,1.3863249
0.008578,1.3863249
0.00858,1.3863249
0.008582,1.3863249
0.008584,1.3863249
0.008586,1.3863249
0.008588,1.3863249
0.00859,1.3863249
0.008592,1.3863249
0.008594,1.3863249
0.008596,1.3863249
0.008598,1.3863249
0.0086,1.3863249
0.008602,1.3863249
0.008604,1.3863249
0.008606,1.3863249
0.008608,1.3863249
0.00861,1.3863249
0.008612,1.3863249
0.008614,1.3863249
0.008616,1.3863249
0.008618,1.3863249
0.0086199995,1.3863249
0.008622,1.3863249
0.008624,1.3863249
0.008626,1.3863249
0.008628,1.3863249
0.00863,1.3863249
0.008632,1.3863249
0.008634,1.3863249
0.008636,1.3863249
0.008638,1.3863249
0.00864,1.3863249
0.008642,1.3863249
0.008644,1.3863249
0.008646,1.3863249
0.008648,1.3863249
0.00865,1.3863249
0.008652,1.3863249
0.008654,1.3863249
0.008656,1.3863249
0.008658,1.3863249
0.00866,1.3863249
0.008662,1.3863249
0.008664,1.3863249
0.008666,1.3863249
0.008668,1.3863249
0.00867,1.3863249
0.008672,1.3863249
0.008674,1.3863249
0.008676,1.3863249
0.008678,1.3863249
0.00868,1.3863249
0.0086819995,1.3863249
0.008684,1.3863249
0.008686,1.3863249
0.008688,1.3863249
0.00869,1.3863249
0.008692,1.3863249
0.008694,1.3863249
0.008696,1.3863249
0.008698,1.3863249
0.0087,1.3863249
0.008702,1.3863249
0.008704,1.3863249
0.008706,1.3863249
0.008708,1.3863249
0.00871,1.3863249
0.008712,1.3863249
0.008714,1.3863249
0.008716,1.3863249
0.008718,1.3863249
0.00872,1.3863249
0.008722,1.3863249
0.008724,1.3863249
0.008726,1.3863249
0.008728,1.3863249
0.00873,1.3863249
0.008732,1.3863249
0.008734,1.3863249
0.008736,1.3863249
0.008738,1.3863249
0.00874,1.3863249
0.008742,1.3863249
0.0087439995,1.3863249
0.008746,1.3863249
0.008748,1.3863249
0.00875,1.3863249
0.008752,1.3863249
0.008754,1.3863249
0.008756,1.3863249
0.008758,1.3863249
0.00876,1.3863249
0.008762,1.3863249
0.008764,1.3863249
0.008766,1.3863249
0.008768,1.3863249
0.00877,1.3863249
0.008772,1.3863249
0.008774,1.3863249
0.008776,1.3863249
0.008778,1.3863249
0.00878,1.3863249
0.008782,1.3863249
0.008784,1.3863249
0.008786,1.3863249
0.008788,1.3863249
0.00879,1.3863249
0.008792,1.3863249
0.008794,1.3863249
0.008796,1.3863249
0.008798,1.3863249
0.0088,1.3863249
0.008802,1.3863249
0.008804,1.3863249
0.0088059995,1.3863249
0.008808,0.36923456
0.00881,0.13807821
0.008812,0.13807821
0.008814,0.13807821
0.008816,0.13807821
0.008818,0.13807821
0.00882,0.13807821
0.008822,0.13807821
0.008824,0.13807821
0.008826,0.13807821
0.008828,0.13807821
0.00883,0.13807821
0.008832,0.091846466
0.008834,0.091846466
0.008836,0.091846466
0.008838,0.091846466
0.00884,0.091846466
0.008842,0.091846466
0.008844,0.091846466
0.008846,0.091846466
0.008848,0.091846466
0.00885,0.091846466
0.008852,0.091846466
0.008854,0.091846466
0.008856,0.091846466
0.008858,0.091846466
0.00886,0.091846466
0.008862,0.091846466
0.008864,0.091846466
0.008866,0.091846466
0.008868,0.091846466
0.00887,0.091846466
0.008872,0.091846466
0.008874,0.091846466
0.008876,0.091846466
0.008878,0.091846466
0.00888,0.091846466
0.008882,0.091846466
0.008884,0.091846466
0.008886,0.091846466
0.008888,0.091846466
0.00889,0.091846466
0.008892,0.091846466
0.008894,0.091846466
0.008896,0.091846466
0.008898,0.091846466
0.0089,0.091846466
0.008902,0.091846466
0.008904,0.091846466
0.008906,0.091846466
0.008908,0.091846466
0.00891,0.091846466
0.008912,0.091846466
0.008914,0.091846466
0.008916,0.091846466
0.008918,0.091846466
0.00892,0.091846466
0.008922,0.091846466
0.008924,0.091846466
0.0089259995,0.091846466
0.008928,0.091846466
0.00893,0.091846466
0.008932,0.091846466
0.008934,0.091846466
0.008936,0.091846466
0.008938,0.091846466
0.00894,0.091846466
0.008942,0.091846466
0.008944,0.091846466
0.008946,0.091846466
0.008948,0.091846466
0.00895,0.091846466
0.008952,0.091846466
0.008954,0.091846466
0.008956,0.091846466
0.008958,0.091846466
0.00896,0.091846466
0.008962,0.091846466
0.008964,0.091846466
0.008966,0.091846466
0.008968,0.091846466
0.00897,0.091846466
0.008972,0.091846466
0.008974,0.091846466
0.008976,0.091846466
0.008978,0.091846466
0.00898,0.091846466
0.008982,0.091846466
0.008984,0.091846466
0.008986,0.091846466
0.0089879995,0.091846466
0.00899,0.091846466
0.008992,0.091846466
0.008994,0.091846466
0.008996,0.091846466
0.008998,0.091846466
0.009,0.091846466
0.009002,0.091846466
0.009004,0.091846466
0.009006,0.091846466
0.009008,0.091846466
0.00901,0.091846466
0.009012,0.091846466
0.009014,0.091846466
0.009016,0.091846466
0.009018,0.091846466
0.00902,0.091846466
0.009022,0.091846466
0.009024,0.091846466
0.009026,0.091846466
0.009028,0.091846466
0.00903,0.091846466
0.009032,0.091846466
0.009034,0.091846466
0.009036,0.091846466
0.009038,0.091846466
0.00904,0.091846466
0.009042,0.091846466
0.009044,0.091846466
0.009046,0.091846466
0.009048,0.091846466
0.0090499995,0.091846466
0.009052,0.091846466
0.009054,0.091846466
0.009056,0.091846466
0.009058,0.091846466
0.00906,0.091846466
0.009062,0.091846466
0.009064,0.091846466
0.009066,0.091846466
0.009068,0.091846466
0.00907,0.091846466
0.009072,0.091846466
0.009074,0.091846466
0.009076,0.091846466
0.009078,0.091846466
0.00908,0.091846466
0.009082,0.091846466
0.009084,0.091846466
0.009086,0.091846466
0.009088,0.091846466
0.00909,0.091846466
0.009092,0.091846466
0.009094,0.091846466
0.009096,0.091846466
0.009098,0.091846466
0.0091,0.091846466
0.009102,0.091846466
0.009104,0.091846466
0.009106,0.091846466
0.009108,0.091846466
0.00911,0.091846466
0.0091119995,0.091846466
0.009114,0.091846466
0.009116,0.091846466
0.009118,0.091846466
0.00912,0.091846466
0.009122,0.091846466
0.009124,0.091846466
0.009126,0.091846466
0.009128,0.091846466
0.00913,0.091846466
0.009132,0.091846466
0.009134,0.091846466
0.009136,0.091846466
0.009138,0.091846466
0.00914,0.091846466
0.009142,0.091846466
0.009144,0.091846466
0.009146,0.091846466
0.009148,0.091846466
0.00915,0.091846466
0.009152,0.091846466
0.009154,0.091846466
0.009156,0.091846466
0.009158,0.091846466
0.00916,0.091846466
0.009162,0.091846466
0.009164,0.091846466
0.009166,0.091846466
0.009168,0.091846466
0.00917,0.091846466
0.009172,0.091846466
0.009174,0.091846466
0.009176,0.091846466
0.009178,0.091846466
0.00918,0.091846466
0.009182,0.091846466
0.009184,0.091846466
0.009186,0.091846466
0.009188,0.091846466
0.00919,0.091846466
0.009192,0.091846466
0.009194,0.091846466
0.009196,0.091846466
0.009198,0.091846466
0.0092,0.091846466
0.009202,0.091846466
0.009204,0.091846466
0.009206,0.091846466
0.009208,0.091846466
0.00921,0.091846466
0.009212,0.091846466
0.009214,0.091846466
0.009216,0.091846466
0.009218,0.091846466
0.00922,0.091846466
0.009222,0.091846466
0.009224,0.091846466
0.009226,0.091846466
0.009228,0.091846466
0.00923,0.091846466
0.0092319995,0.091846466
0.009234,0.091846466
0.009236,0.091846466
0.009238,0.091846466
0.00924,0.091846466
0.009242,0.091846466
0.009244,0.091846466
0.009246,0.091846466
0.009248,0.091846466
0.00925,0.091846466
0.009252,0.091846466
0.009254,0.091846466
0.009256,0.091846466
0.009258,0.091846466
0.00926,0.091846466
0.009262,0.091846466
0.009264,0.091846466
0.009266,0.091846466
0.009268,0.091846466
0.00927,0.091846466
0.009272,0.091846466
0.009274,0.091846466
0.009276,0.091846466
0.009278,0.091846466
0.00928,0.091846466
0.009282,0.091846466
0.009284,0.091846466
0.009286,0.091846466
0.009288,0.091846466
0.00929,0.091846466
0.009292,0.091846466
0.0092939995,0.091846466
0.009296,0.091846466
0.009298,0.091846466
0.0093,0.091846466
0.009302,0.091846466
0.009304,0.091846466
0.009306,0.091846466
0.009308,0.091846466
0.00931,0.091846466
0.009312,0.091846466
0.009314,0.091846466
0.009316,0.091846466
0.009318,0.091846466
0.00932,0.091846466
0.009322,0.091846466
0.009324,0.091846466
0.009326,0.091846466
0.009328,0.091846466
0.00933,0.091846466
0.009332,0.091846466
0.009334,0.091846466
0.009336,0.091846466
0.009338,0.091846466
0.00934,0.091846466
0.009342,0.091846466
0.009344,0.091846466
0.009346,0.091846466
0.009348,0.091846466
0.00935,0.091846466
0.009352,0.091846466
0.009354,0.091846466
0.0093559995,0.091846466
0.009358,0.091846466
0.00936,0.091846466
0.009362,0.091846466
0.009364,0.091846466
0.009366,0.091846466
0.009368,0.091846466
0.00937,0.091846466
0.009372,0.091846466
0.009374,0.091846466
0.009376,0.091846466
0.009378,0.091846466
0.00938,0.091846466
0.009382,0.091846466
0.009384,0.091846466
0.009386,0.091846466
0.009388,0.091846466
0.00939,0.091846466
0.009392,0.091846466
0.009394,0.091846466
0.009396,0.091846466
0.009398,0.091846466
0.0094,0.091846466
0.009402,0.091846466
0.009404,0.091846466
0.009406,0.091846466
0.009408,0.091846466
0.00941,0.091846466
0.009412,0.091846466
0.009414,0.091846466
0.009416,0.091846466
0.009418,0.091846466
0.00942,0.091846466
0.009422,0.091846466
0.009424,0.091846466
0.009426,0.091846466
0.009428,0.091846466
0.00943,0.091846466
0.009432,0.091846466
0.009434,0.091846466
0.009436,0.091846466
0.009438,0.091846466
0.00944,0.091846466
0.009442,0.091846466
0.009444,0.091846466
0.009446,0.091846466
0.009448,0.091846466
0.00945,0.091846466
0.009452,0.091846466
0.009454,0.091846466
0.009456,0.091846466
0.009458,0.091846466
0.00946,0.091846466
0.009462,0.091846466
0.009464,0.091846466
0.009466,0.091846466
0.009468,0.091846466
0.00947,0.091846466
0.009472,0.091846466
0.009474,0.091846466
0.0094759995,0.091846466
0.009478,0.091846466
0.00948,0.091846466
0.009482,0.091846466
0.009484,0.091846466
0.009486,0.091846466
0.009488,0.091846466
0.00949,0.091846466
0.009492,0.091846466
0.009494,0.091846466
0.009496,0.091846466
0.009498,0.091846466
0.0095,0.091846466
0.009502,0.091846466
0.009504,0.091846466
0.009506,0.091846466
0.009508,0.091846466
0.00951,0.091846466
0.009512,0.091846466
0.009514,0.091846466
0.009516,0.091846466
0.009518,0.091846466
0.00952,0.091846466
0.009522,0.091846466
0.009524,0.091846466
0.009526,0.091846466
0.009528,0.091846466
0.00953,0.091846466
0.009532,0.091846466
0.009534,0.091846466
0.009536,0.091846466
0.0095379995,0.091846466
0.00954,0.091846466
0.009542,0.091846466
0.009544,0.091846466
0.009546,0.091846466
0.009548,0.091846466
0.00955,0.091846466
0.009552,0.091846466
0.009554,0.091846466
0.009556,0.091846466
0.009558,0.091846466
0.00956,0.091846466
0.009562,0.091846466
0.009564,0.091846466
0.009566,0.091846466
0.009568,0.091846466
0.00957,0.091846466
0.009572,0.091846466
0.009574,0.091846466
0.009576,0.091846466
0.009578,0.091846466
0.00958,0.091846466
0.009582,0.091846466
0.009584,0.091846466
0.009586,0.091846466
0.009588,0.091846466
0.00959,0.091846466
0.009592,0.091846466
0.009594,0.091846466
0.009596,0.091846466
0.009598,0.091846466
0.0095999995,0.091846466
0.009602,0.091846466
0.009604,0.091846466
0.009606,0.091846466
0.009608,0.091846466
0.00961,0.091846466
0.009612,0.091846466
0.009614,0.091846466
0.009616,0.091846466
0.009618,0.091846466
0.00962,0.091846466
0.009622,0.091846466
0.009624,0.64662313
0.009626,1.3863249
0.009628,1.3400936
0.00963,1.3400936
0.009632,1.3863249
0.009634,1.3863249
0.009636,1.3863249
0.009638,1.3863249
0.00964,1.3863249
0.009642,1.3863249
0.009644,1.3863249
0.009646,1.3863249
0.009648,1.3863249
0.00965,1.3863249
0.009652,1.3863249
0.009654,1.3863249
0.009656,1.3863249
0.009658,1.3863249
0.00966,1.3863249
0.0096619995,1.3863249
0.009664,1.3863249
0.009666,1.3863249
0.009668,1.3863249
0.00967,1.3863249
0.009672,1.3863249
0.009674,1.3863249
0.009676,1.3863249
0.009678,1.3863249
0.00968,1.3863249
0.009682,1.3863249
0.009684,1.3863249
0.009686,1.3863249
0.009688,1.3863249
0.00969,1.3863249
0.009692,1.3863249
0.009694,1.3863249
0.009696,1.3863249
0.009698,1.3863249
0.0097,1.3863249
0.009702,1.3863249
0.009704,1.3863249
0.009706,1.3863249
0.009708,1.3863249
0.00971,1.3863249
0.009712,1.3863249
0.009714,1.3863249
0.009716,1.3863249
0.009718,1.3863249
0.00972,1.3863249
0.009722,1.3863249
0.009724,1.3863249
0.009726,1.3863249
0.009728,1.3863249
0.00973,1.3863249
0.009732,1.3863249
0.009734,1.3863249
0.009736,1.3863249
0.009738,1.3863249
0.00974,1.3863249
0.009742,1.3863249
0.009744,1.3863249
0.009746,1.3863249
0.009748,1.3863249
0.00975,1.3863249
0.009752,1.3863249
0.009754,1.3863249
0.009756,1.3863249
0.009758,1.3863249
0.00976,1.3863249
0.009762,1.3863249
0.009764,1.3863249
0.009766,1.3863249
0.009768,1.3863249
0.00977,1.3863249
0.009772,1.3863249
0.009774,1.3863249
0.009776,1.3863249
0.009778,1.3863249
0.00978,1.3863249
0.0097819995,1.3863249
0.009784,1.3863249
0.009786,1.3863249
0.009788,1.3863249
0.00979,1.3863249
0.009792,1.3863249
0.009794,1.3863249
0.009796,1.3863249
0.009798,1.3863249
0.0098,1.3863249
0.009802,1.3863249
0.009804,1.3863249
0.009806,1.3863249
0.009808,1.3863249
0.00981,1.3863249
0.009812,1.3863249
0.009814,1.3863249
0.009816,1.3863249
0.009818,1.3863249
0.00982,1.3863249
0.009822,1.3863249
0.009824,1.3863249
0.009826,1.3863249
0.009828,1.3863249
0.00983,1.3863249
0.009832,1.3863249
0.009834,1.3863249
0.009836,1.3863249
0.009838,1.3863249
0.00984,1.3863249
0.009842,1.3863249
0.0098439995,1.3863249
0.009846,1.3863249
0.009848,1.3863249
0.00985,1.3863249
0.009852,1.3863249
0.009854,1.3863249
0.009856,1.3863249
0.009858,1.3863249
0.00986,1.3863249
0.009862,1.3863249
0.009864,1.3863249
0.009866,1.3863249
0.009868,1.3863249
0.00987,1.3863249
0.009872,1.3863249
0.009874,1.3863249
0.009876,1.3863249
0.009878,1.3863249
0.00988,1.3863249
0.009882,1.3863249
0.009884,1.3863249
0.009886,1.3863249
0.009888,1.3863249
0.00989,1.3863249
0.009892,1.3863249
0.009894,1.3863249
0.009896,1.3863249
0.009898,1.3863249
0.0099,1.3863249
0.009902,1.3863249
0.009904,1.3863249
0.0099059995,1.3863249
0.009908,1.3863249
0.00991,1.3863249
0.009912,1.3863249
0.009914,1.3863249
0.009916,1.3863249
0.009918,1.3863249
0.00992,1.3863249
0.009922,1.3863249
0.009924,1.3863249
0.009926,1.3863249
0.009928,1.3863249
0.00993,1.3863249
0.009932,1.3863249
0.009934,1.3863249
0.009936,1.3863249
0.009938,1.3863249
0.00994,1.3863249
0.009942,1.3863249
0.009944,1.3863249
0.009946,1.3863249
0.009948,1.3863249
0.00995,1.3863249
0.009952,1.3863249
0.009954,1.3863249
0.009956,1.3863249
0.009958,1.3863249
0.00996,1.3863249
0.009962,1.3863249
0.009964,1.3863249
0.009966,1.3863249
0.0099679995,1.3863249
0.00997,1.3863249
0.009972,1.3863249
0.009974,1.3863249
0.009976,1.3863249
0.009978,1.3863249
0.00998,1.3863249
0.009982,1.3863249
0.009984,1.3863249
0.009986,1.3863249
0.009988,1.3863249
0.00999,1.3863249
0.009992,1.3863249
0.009994,1.3863249
0.009996,1.3863249
0.009998,1.3863249
0.01,1.3863249
0.010002,1.3863249
0.010004,1.3863249
0.010006,2.542109
0.010008,2.6345725
0.01001,2.6345725
0.010012,2.6345725
0.010014,2.6345725
0.010016,2.6345725
0.010018,2.6808028
0.01002,2.6808028
0.010022,2.6808028
0.010024,2.6808028
0.010026,2.6808028
0.010028,2.6808028
0.01003,2.6808028
0.010032,2.6808028
0.010034,2.6808028
0.010036,2.6808028
0.010038,2.6808028
0.01004,2.6808028
0.010042,2.6808028
0.010044,2.6808028
0.010046,2.6808028
0.010048,2.6808028
0.01005,2.6808028
0.010052,2.6808028
0.010054,2.6808028
0.010056,2.6808028
0.010058,2.6808028
0.01006,2.6808028
0.010062,2.6808028
0.010064,2.6808028
0.010066,2.6808028
0.010068,2.6808028
0.01007,2.6808028
0.010072,2.6808028
0.010074,2.6808028
0.010076,2.6808028
0.010078,2.6808028
0.01008,2.6808028
0.010082,2.6808028
0.010084,2.6808028
0.010086,2.6808028
0.0100879995,2.6808028
0.01009,2.6808028
0.010092,2.6808028
0.010094,2.6808028
0.010096,2.6808028
0.010098,2.6808028
0.0101,2.6808028
0.010102,2.6808028
0.010104,2.6808028
0.010106,2.6808028
0.010108,2.6808028
0.01011,2.6808028
0.010112,2.6808028
0.010114,2.6808028
0.010116,2.6808028
0.010118,2.6808028
0.01012,2.6808028
0.010122,2.6808028
0.010124,2.6808028
0.010126,2.6808028
0.010128,2.6808028
0.01013,2.6808028
0.010132,2.6808028
0.010134,2.6808028
0.010136,2.6808028
0.010138,2.6808028
0.01014,2.6808028
0.010142,2.6808028
0.010144,2.6808028
0.010146,2.6808028
0.010148,2.6808028
0.0101499995,2.6808028
0.010152,2.6808028
0.010154,2.6808028
0.010156,2.6808028
0.010158,2.6808028
0.01016,2.6808028
0.010162,2.6808028
0.010164,2.6808028
0.010166,2.6808028
0.010168,2.6808028
0.01017,2.6808028
0.010172,2.6808028
0.010174,2.6808028
0.010176,2.6808028
0.010178,2.6808028
0.01018,2.6808028
0.010182,2.6808028
0.010184,2.6808028
0.010186,2.6808028
0.010188,2.6808028
0.01019,2.6808028
0.010192,2.6808028
0.010194,2.6808028
0.010196,2.6808028
0.010198,2.6808028
0.0102,2.6808028
0.010202,2.6808028
0.010204,2.6808028
0.010206,2.6808028
0.010208,2.6808028
0.01021,2.6808028
0.0102119995,2.6808028
0.010214,2.6808028
0.010216,2.6808028
0.010218,2.6808028
0.01022,2.6808028
0.010222,2.6808028
0.010224,2.6808028
0.010226,2.6808028
0.010228,2.6808028
0.01023,2.6808028
0.010232,2.6808028
0.010234,2.6808028
0.010236,2.6808028
0.010238,2.6808028
0.01024,2.6808028
0.010242,2.6808028
0.010244,2.6808028
0.010246,2.6808028
0.010248,2.6808028
0.01025,2.6808028
0.010252,2.6808028
0.010254,2.6808028
0.010256,2.6808028
0.010258,2.6808028
0.01026,2.6808028
0.010262,2.6808028
0.010264,2.6808028
0.010266,2.6808028
0.010268,2.6808028
0.01027,2.6808028
0.010272,2.6808028
0.010274,2.6808028
0.010276,2.6808028
0.010278,2.6808028
0.01028,2.6808028
0.010282,2.6808028
0.010284,2.6808028
0.010286,2.6808028
0.010288,2.6808028
0.01029,2.6808028
0.010292,2.6808028
0.010294,2.6808028
0.010296,2.6808028
0.010298,2.6808028
0.0103,2.6808028
0.010302,2.6808028
0.010304,2.6808028
0.010306,2.6808028
0.010308,2.6808028
0.01031,2.6808028
0.010312,2.6808028
0.010314,2.6808028
0.010316,2.6808028
0.010318,2.6808028
0.01032,2.6808028
0.010322,2.6808028
0.010324,2.6808028
0.010326,2.6808028
0.010328,2.6808028
0.01033,2.6808028
0.0103319995,3.6516623
0.010334,3.92905
0.010336,3.92905
0.010338,3.92905
0.01034,3.9752812
0.010342,3.9752812
0.010344,3.9752812
0.010346,3.9752812
0.010348,3.9752812
0.01035,3.9752812
0.010352,3.9752812
0.010354,3.9752812
0.010356,3.9752812
0.010358,3.9752812
0.01036,3.9752812
0.010362,3.9752812
0.010364,3.9752812
0.010366,3.9752812
0.010368,3.9752812
0.01037,3.9752812
0.010372,3.9752812
0.010374,3.9752812
0.010376,3.9752812
0.010378,3.9752812
0.01038,3.9752812
0.010382,3.9752812
0.010384,3.9752812
0.010386,3.9752812
0.010388,3.9752812
0.01039,3.9752812
0.010392,3.9752812
0.0103939995,3.9752812
0.010396,3.9752812
0.010398,3.9752812
0.0104,3.9752812
0.010402,3.9752812
0.010404,3.9752812
0.010406,3.9752812
0.010408,3.9752812
0.01041,3.9752812
0.010412,3.9752812
0.010414,3.9752812
0.010416,3.9752812
0.010418,3.9752812
0.01042,3.9752812
0.010422,3.9752812
0.010424,3.9752812
0.010426,3.9752812
0.010428,3.9752812
0.01043,3.9752812
0.010432,3.9752812
0.010434,3.9752812
0.010436,3.9752812
0.010438,3.9752812
0.01044,3.9752812
0.010442,3.9752812
0.010444,3.9752812
0.010446,3.9752812
0.010448,3.9752812
0.01045,3.9752812
0.010452,3.9752812
0.010454,3.9752812
0.0104559995,3.9752812
0.010458,3.9752812
0.01046,3.9752812
0.010462,3.9752812
0.010464,3.9752812
0.010466,3.9752812
0.010468,3.9752812
0.01047,3.9752812
0.010472,3.9752812
0.010474,3.9752812
0.010476,3.9752812
0.010478,3.9752812
0.01048,3.9752812
0.010482,3.9752812
0.010484,3.9752812
0.010486,3.9752812
0.010488,3.9752812
0.01049,3.9752812
0.010492,3.9752812
0.010494,3.9752812
0.010496,3.9752812
0.010498,3.9752812
0.0105,3.9752812
0.010502,3.9752812
0.010504,3.9752812
0.010506,3.9752812
0.010508,3.9752812
0.01051,3.9752812
0.010512,3.9752812
0.010514,3.9752812
0.010516,3.9752812
0.0105179995,3.9752812
0.01052,3.9752812
0.010522,3.9752812
0.010524,3.9752812
0.010526,3.9752812
0.010528,3.9752812
0.01053,3.9752812
0.010532,3.9752812
0.010534,3.9752812
0.010536,3.9752812
0.010538,3.9752812
0.01054,3.9752812
0.010542,3.9752812
0.010544,3.9752812
0.010546,3.9752812
0.010548,3.9752812
0.01055,3.9752812
0.010552,3.9752812
0.010554,3.9752812
0.010556,3.9752812
0.010558,3.9752812
0.01056,3.9752812
0.010562,3.9752812
0.010564,3.9752812
0.010566,3.9752812
0.010568,3.9752812
0.01057,3.9752812
0.010572,3.9752812
0.010574,3.9752812
0.010576,3.9752812
0.010578,3.9752812
0.01058,3.9752812
0.010582,3.9752812
0.010584,3.9752812
0.010586,3.9752812
0.010588,3.9752812
0.01059,3.9752812
0.010592,3.9752812
0.010594,3.9752812
0.010596,3.9752812
0.010598,3.9752812
0.0106,3.9752812
0.010602,3.9752812
0.010604,3.9752812
0.010606,3.9752812
0.010608,3.9752812
0.01061,3.9752812
0.010612,3.9752812
0.010614,3.9752812
0.010616,3.9752812
0.010618,3.9752812
0.01062,3.9752812
0.010622,3.9752812
0.010624,3.9752812
0.010626,3.9752812
0.010628,3.9752812
0.01063,3.9752812
0.010632,3.9752812
0.010634,3.9752812
0.010636,3.9752812
0.0106379995,3.9752812
0.01064,3.9752812
0.010642,3.9752812
0.010644,3.9752812
0.010646,3.9752812
0.010648,3.9752812
0.01065,3.9752812
0.010652,3.9752812
0.010654,3.9752812
0.010656,3.9752812
0.010658,3.9752812
0.01066,3.9752812
0.010662,3.9752812
0.010664,3.9752812
0.010666,3.9752812
0.010668,3.9752812
0.01067,3.9752812
0.010672,3.9752812
0.010674,3.9752812
0.010676,3.9752812
0.010678,3.9752812
0.01068,3.9752812
0.010682,3.9752812
0.010684,3.9752812
0.010686,3.9752812
0.010688,3.9752812
0.01069,3.9752812
0.010692,3.9752812
0.010694,3.9752812
0.010696,3.9752812
0.010698,3.9752812
0.0106999995,3.9752812
0.010702,3.9752812
0.010704,3.9752812
0.010706,3.9752812
0.010708,3.9752812
0.01071,3.9752812
0.010712,3.9752812
0.010714,3.9752812
0.010716,3.9752812
0.010718,3.9752812
0.01072,3.9752812
0.010722,3.9752812
0.010724,3.9752812
0.010726,3.9752812
0.010728,3.9752812
0.01073,3.9752812
0.010732,3.9752812
0.010734,3.9752812
0.010736,3.9752812
0.010738,3.9752812
0.01074,3.9752812
0.010742,3.9752812
0.010744,3.9752812
0.010746,3.9752812
0.010748,3.9752812
0.01075,3.9752812
0.010752,3.9752812
0.010754,3.9752812
0.010756,3.9752812
0.010758,3.9752812
0.01076,3.9752812
0.0107619995,3.9752812
0.010764,3.9752812
0.010766,3.9752812
0.010768,3.9752812
0.01077,3.9752812
0.010772,3.9752812
0.010774,3.9752812
0.010776,3.9752812
0.010778,3.9752812
0.01078,3.9752812
0.010782,3.9752812
0.010784,3.9752812
0.010786,3.9752812
0.010788,3.9752812
0.01079,3.9752812
0.010792,3.9752812
0.010794,3.9752812
0.010796,3.9752812
0.010798,3.9752812
0.0108,3.9752812
0.010802,3.9752812
0.010804,3.9752812
0.010806,3.9752812
0.010808,3.9752812
0.01081,3.9752812
0.010812,3.9752812
0.010814,3.9752812
0.010816,3.9752812
0.010818,3.9752812
0.01082,3.9752812
0.010822,3.9752812
0.0108239995,3.9752812
0.010826,3.9752812
0.010828,3.9752812
0.01083,3.9752812
0.010832,3.9752812
0.010834,3.9752812
0.010836,3.9752812
0.010838,3.9752812
0.01084,3.9752812
0.010842,3.9752812
0.010844,3.9752812
0.010846,3.9752812
0.010848,3.9752812
0.01085,3.9752812
0.010852,3.9752812
0.010854,3.9752812
0.010856,3.9752812
0.010858,3.9752812
0.01086,3.9752812
0.010862,3.9752812
0.010864,3.9752812
0.010866,3.9752812
0.010868,3.9752812
0.01087,3.9752812
0.010872,3.9752812
0.010874,3.9752812
0.010876,3.9752812
0.010878,3.9752812
0.01088,3.9752812
0.0108819995,3.9752812
0.010884,3.9752812
0.010886,3.9752812
0.010888,3.9752812
0.01089,3.9752812
0.010892,3.9752812
0.010894,3.9752812
0.010896,3.9752812
0.010898,3.9752812
0.0109,3.9752812
0.010902,3.9752812
0.010904,3.9752812
0.010906,3.9752812
0.010908,3.9752812
0.01091,3.9752812
0.010912,3.9752812
0.010914,3.9752812
0.010916,3.9752812
0.010918,3.9752812
0.01092,3.9752812
0.010922,3.9752812
0.010924,3.9752812
0.010926,3.9752812
0.010928,3.9752812
0.01093,3.9752812
0.010932,3.9752812
0.010934,3.9752812
0.010936,3.9752812
0.010938,3.9752812
0.01094,3.9752812
0.010942,3.9752812
0.0109439995,3.9752812
0.010946,3.9752812
0.010948,3.9752812
0.01095,3.9752812
0.010952,3.9752812
0.010954,3.9752812
0.010956,3.9752812
0.010958,3.9752812
0.01096,3.9752812
0.010962,3.9752812
0.010964,3.9752812
0.010966,3.9752812
0.010968,3.9752812
0.01097,3.9752812
0.010972,3.9752812
0.010974,3.9752812
0.010976,3.9752812
0.010978,3.9752812
0.01098,3.9752812
0.010982,3.9752812
0.010984,3.9752812
0.010986,3.9752812
0.010988,3.9752812
0.01099,3.9752812
0.010992,3.9752812
0.010994,3.9752812
0.010996,3.9752812
0.010998,3.9752812
0.011,3.9752812
0.011002,3.9752812
0.011004,3.9752812
0.0110059995,3.9752812
0.011008,3.9752812
0.01101,3.9752812
0.011012,3.9752812
0.011014,3.9752812
0.011016,3.9752812
0.011018,3.9752812
0.01102,3.9752812
0.011022,3.9752812
0.011024,3.9752812
0.011026,3.9752812
0.011028,3.9752812
0.01103,3.9752812
0.011032,3.9752812
0.011034,3.9752812
0.011036,3.9752812
0.011038,3.9752812
0.01104,3.9752812
0.011042,3.9752812
0.011044,3.9752812
0.011046,3.9752812
0.011048,3.9752812
0.01105,3.9752812
0.011052,3.9752812
0.011054,3.9752812
0.011056,3.9752812
0.011058,3.9752812
0.01106,3.9752812
0.011062,3.9752812
0.011064,3.9752812
0.011066,3.9752812
0.0110679995,3.9752812
0.01107,3.9752812
0.011072,3.9752812
0.011074,3.9752812
0.011076,3.9752812
0.011078,3.9752812
0.01108,3.9752812
0.011082,3.9752812
0.011084,3.9752812
0.011086,3.9752812
0.011088,3.9752812
0.01109,3.9752812
0.011092,3.9752812
0.011094,3.9752812
0.011096,3.9752812
0.011098,3.9752812
0.0111,3.9752812
0.011102,3.9752812
0.011104,3.9752812
0.011106,3.9752812
0.011108,3.9752812
0.01111,3.9752812
0.011112,3.9752812
0.011114,3.9752812
0.011116,3.9752812
0.011118,3.9752812
0.01112,3.9752812
0.011122,3.9752812
0.011124,3.9752812
0.011126,3.9752812
0.011128,3.9752812
0.0111299995,3.9752812
0.011132,3.9752812
0.011134,3.9752812
0.011136,3.9752812
0.011138,3.9752812
0.01114,3.9752812
0.011142,3.9752812
0.011144,3.9752812
0.011146,3.9752812
0.011148,3.9752812
0.01115,3.9752812
0.011152,3.9752812
0.011154,3.9752812
0.011156,3.9752812
0.011158,3.9752812
0.01116,3.9752812
0.011162,3.9752812
0.011164,3.9752812
0.011166,3.9752812
0.011168,3.9752812
0.01117,3.9752812
0.011172,3.9752812
0.011174,3.9752812
0.011176,3.9752812
0.011178,3.9752812
0.01118,3.9752812
0.011182,3.9752812
0.011184,3.9752812
0.011186,3.9752812
0.0111879995,3.9752812
0.01119,3.9752812
0.011192,3.9752812
0.011194,3.9752812
0.011196,3.9752812
0.011198,3.9752812
0.0112,3.9752812
0.011202,3.9752812
0.011204,3.9752812
0.011206,3.9752812
0.011208,3.9752812
0.01121,3.9752812
0.011212,3.9752812
0.011214,3.9752812
0.011216,3.9752812
0.011218,3.9752812
0.01122,3.9752812
0.011222,3.9752812
0.011224,3.9752812
0.011226,3.9752812
0.011228,3.9752812
0.01123,3.9752812
0.011232,3.9752812
0.011234,3.9752812
0.011236,3.9752812
0.011238,3.9752812
0.01124,3.9752812
0.011242,3.9752812
0.011244,3.9752812
0.011246,3.9752812
0.011248,3.9752812
0.0112499995,3.9752812
0.011252,3.9752812
0.011254,3.9752812
0.011256,3.9752812
0.011258,3.9752812
0.01126,3.9752812
0.011262,3.9752812
0.011264,3.9752812
0.011266,3.9752812
0.011268,3.9752812
0.01127,3.9752812
0.011272,3.9752812
0.011274,3.9752812
0.011276,3.9752812
0.011278,3.9752812
0.01128,3.9752812
0.011282,3.9752812
0.011284,3.9752812
0.011286,3.9752812
0.011288,3.9752812
0.01129,3.9752812
0.011292,3.9752812
0.011294,3.9752812
0.011296,3.9752812
0.011298,3.9752812
0.0113,3.9752812
0.011302,3.9752812
0.011304,3.9752812
0.011306,3.9752812
0.011308,3.9752812
0.01131,3.9752812
0.0113119995,3.9752812
0.011314,3.9752812
0.011316,3.9752812
0.011318,3.9752812
0.01132,3.9752812
0.011322,3.9752812
0.011324,3.9752812
0.011326,3.9752812
0.011328,3.9752812
0.01133,3.9752812
0.011332,3.9752812
0.011334,3.9752812
0.011336,3.9752812
0.011338,3.9752812
0.01134,3.9752812
0.011342,3.9752812
0.011344,3.9752812
0.011346,3.9752812
0.011348,3.9752812
0.01135,3.9752812
0.011352,3.9752812
0.011354,3.9752812
0.011356,3.9752812
0.011358,3.9752812
0.01136,3.9752812
0.011362,3.9752812
0.011364,3.9752812
0.011366,3.9752812
0.011368,3.9752812
0.01137,3.9752812
0.011372,3.9752812
0.0113739995,3.9752812
0.011376,3.9752812
0.011378,3.9752812
0.01138,3.9752812
0.011382,3.9752812
0.011384,3.9752812
0.011386,3.9752812
0.011388,3.9752812
0.01139,3.9752812
0.011392,3.9752812
0.011394,3.9752812
0.011396,3.9752812
0.011398,3.9752812
0.0114,3.9752812
0.011402,3.9752812
0.011404,3.9752812
0.011406,3.9752812
0.011408,3.9752812
0.01141,3.9752812
0.011412,3.9752812
0.011414,3.9752812
0.011416,3.9752812
0.011418,3.9752812
0.01142,3.9752812
0.011422,3.9752812
0.011424,3.9752812
0.011426,3.9752812
0.011428,3.9752812
0.01143,3.9752812
0.011432,3.9752812
0.011434,3.9752812
0.011436,3.9752812
0.011438,3.9752812
0.01144,3.9752812
0.011442,3.9752812
0.011444,3.9752812
0.011446,3.9752812
0.011448,2.8194976
0.01145,2.727035
0.011452,2.727035
0.011454,2.727035
0.011456,2.727035
0.011458,2.727035
0.01146,2.727035
0.011462,2.727035
0.011464,2.727035
0.011466,2.727035
0.011468,2.6808028
0.01147,2.6808028
0.011472,2.6808028
0.011474,2.6808028
0.011476,2.6808028
0.011478,2.6808028
0.01148,2.6808028
0.011482,2.6808028
0.011484,2.6808028
0.011486,2.6808028
0.011488,2.6808028
0.01149,2.6808028
0.011492,2.6808028
0.0114939995,2.6808028
0.011496,2.6808028
0.011498,2.6808028
0.0115,2.6808028
0.011502,2.6808028
0.011504,2.6808028
0.011506,2.6808028
0.011508,2.6808028
0.01151,2.6808028
0.011512,2.6808028
0.011514,2.6808028
0.011516,2.6808028
0.011518,2.6808028
0.01152,2.6808028
0.011522,2.6808028
0.011524,2.6808028
0.011526,2.6808028
0.011528,2.6808028
0.01153,2.6808028
0.011532,2.6808028
0.011534,2.6808028
0.011536,2.6808028
0.011538,2.6808028
0.01154,2.6808028
0.011542,2.6808028
0.011544,2.6808028
0.011546,2.6808028
0.011548,2.6808028
0.01155,2.6808028
0.011552,2.6808028
0.011554,2.6808028
0.0115559995,2.6808028
0.011558,2.6808028
0.01156,2.6808028
0.011562,2.6808028
0.011564,2.6808028
0.011566,2.6808028
0.011568,2.6808028
0.01157,2.6808028
0.011572,2.6808028
0.011574,2.6808028
0.011576,2.6808028
0.011578,2.6808028
0.01158,2.6808028
0.011582,2.6808028
0.011584,2.6808028
0.011586,2.6808028
0.011588,2.6808028
0.01159,2.6808028
0.011592,2.6808028
0.011594,2.6808028
0.011596,2.6808028
0.011598,2.6808028
0.0116,2.6808028
0.011602,2.6808028
0.011604,2.6808028
0.011606,2.6808028
0.011608,2.6808028
0.01161,2.6808028
0.011612,2.6808028
0.011614,2.6808028
0.011616,2.6808028
0.0116179995,2.6808028
0.01162,2.6808028
0.011622,2.6808028
0.011624,2.6808028
0.011626,2.6808028
0.011628,2.6808028
0.01163,2.6808028
0.011632,2.6808028
0.011634,2.6808028
0.011636,2.6808028
0.011638,2.6808028
0.01164,2.6808028
0.011642,2.6808028
0.011644,2.6808028
0.011646,2.6808028
0.011648,2.6808028
0.01165,2.6808028
0.011652,2.6808028
0.011654,2.6808028
0.011656,2.6808028
0.011658,2.6808028
0.01166,2.6808028
0.011662,2.6808028
0.011664,2.6808028
0.011666,2.6808028
0.011668,2.6808028
0.01167,2.6808028
0.011672,2.6808028
0.011674,2.6808028
0.011676,2.6808028
0.011678,2.6808028
0.0116799995,2.6808028
0.011682,2.6808028
0.011684,2.6808028
0.011686,2.6808028
0.011688,2.6808028
0.01169,2.6808028
0.011692,2.6808028
0.011694,2.6808028
0.011696,2.6808028
0.011698,2.6808028
0.0117,2.6808028
0.011702,2.6808028
0.011704,2.6808028
0.011706,2.6808028
0.011708,2.6808028
0.01171,2.6808028
0.011712,2.6808028
0.011714,2.6808028
0.011716,2.6808028
0.011718,2.6808028
0.01172,2.6808028
0.011722,2.6808028
0.011724,2.6808028
0.011726,2.6808028
0.011728,2.6808028
0.01173,2.6808028
0.011732,2.6808028
0.011734,2.6808028
0.011736,2.6808028
0.0117379995,2.6808028
0.01174,2.6808028
0.011742,2.6808028
0.011744,2.6808028
0.011746,2.6808028
0.011748,2.6808028
0.01175,2.6808028
0.011752,2.6808028
0.011754,2.6808028
0.011756,2.6808028
0.011758,2.6808028
0.01176,2.6808028
0.011762,2.6808028
0.011764,2.6808028
0.011766,2.6808028
0.011768,2.6808028
0.01177,2.6808028
0.011772,2.6808028
0.011774,1.8948698
0.011776,1.4325566
0.011778,1.4325566
0.01178,1.4325566
0.011782,1.4325566
0.011784,1.4325566
0.011786,1.4325566
0.011788,1.4325566
0.01179,1.4325566
0.011792,1.4325566
0.011794,1.4325566
0.011796,1.4325566
0.011798,1.4325566
0.0117999995,1.4325566
0.011802,1.4325566
0.011804,1.4325566
0.011806,1.4325566
0.011808,1.4325566
0.01181,1.4325566
0.011812,1.3863249
0.011814,1.4325566
0.011816,1.3863249
0.011818,1.3863249
0.01182,1.3863249
0.011822,1.3863249
0.011824,1.3863249
0.011826,1.3863249
0.011828,1.3863249
0.01183,1.3863249
0.011832,1.3863249
0.011834,1.3863249
0.011836,1.3863249
0.011838,1.3863249
0.01184,1.3863249
0.011842,1.3863249
0.011844,1.3863249
0.011846,1.3863249
0.011848,1.3863249
0.01185,1.3863249
0.011852,1.3863249
0.011854,1.3863249
0.011856,1.3863249
0.011858,1.3863249
0.01186,1.3863249
0.0118619995,1.3863249
0.011864,1.3863249
0.011866,1.3863249
0.011868,1.3863249
0.01187,1.3863249
0.011872,1.3863249
0.011874,1.3863249
0.011876,1.3863249
0.011878,1.3863249
0.01188,1.3863249
0.011882,1.3863249
0.011884,1.3863249
0.011886,1.3863249
0.011888,1.3863249
0.01189,1.3863249
0.011892,1.3863249
0.011894,1.3863249
0.011896,1.3863249
0.011898,1.3863249
0.0119,1.3863249
0.011902,1.3863249
0.011904,1.3863249
0.011906,1.3863249
0.011908,1.3863249
0.01191,1.3863249
0.011912,1.3863249
0.011914,1.3863249
0.011916,1.3863249
0.011918,1.3863249
0.01192,1.3863249
0.011922,1.3863249
0.0119239995,1.3863249
0.011926,1.3863249
0.011928,1.3863249
0.01193,1.3863249
0.011932,1.3863249
0.011934,1.3863249
0.011936,1.3863249
0.011938,1.3863249
0.01194,1.3863249
0.011942,1.3863249
0.011944,1.3863249
0.011946,1.3863249
0.011948,1.3863249
0.01195,1.3863249
0.011952,1.3863249
0.011954,1.3863249
0.011956,1.3863249
0.011958,1.3863249
0.01196,1.3863249
0.011962,1.3863249
0.011964,1.3863249
0.011966,1.3863249
0.011968,1.3863249
0.01197,1.3863249
0.011972,1.3863249
0.011974,1.3863249
0.011976,1.3863249
0.011978,1.3863249
0.01198,1.3863249
0.011982,1.3863249
0.011984,1.3863249
0.0119859995,1.3863249
0.011988,1.3863249
0.01199,1.3863249
0.011992,1.3863249
0.011994,1.3863249
0.011996,1.3863249
0.011998,1.3863249
0.012,1.3863249
0.012002,1.3863249
0.012004,1.3863249
0.012006,1.3863249
0.012008,1.3863249
0.01201,1.3863249
0.012012,1.3863249
0.012014,1.3863249
0.012016,1.3863249
0.012018,1.3863249
0.01202,1.3863249
0.012022,1.3863249
0.012024,1.3863249
0.012026,1.3863249
0.012028,1.3863249
0.01203,1.3863249
0.012032,1.3863249
0.012034,1.3863249
0.012036,1.3863249
0.012038,1.3863249
0.01204,1.3863249
0.012042,1.3863249
0.0120439995,1.3863249
0.012046,1.3863249
0.012048,1.3863249
0.01205,1.3863249
0.012052,1.3863249
0.012054,1.3863249
0.012056,1.3863249
0.012058,1.3863249
0.01206,1.3863249
0.012062,1.3863249
0.012064,1.3863249
0.012066,1.3863249
0.012068,1.3863249
0.01207,1.3863249
0.012072,1.3863249
0.012074,1.3863249
0.012076,1.3863249
0.012078,1.3863249
0.01208,1.3863249
0.012082,1.3863249
0.012084,1.3863249
0.012086,1.3863249
0.012088,1.3863249
0.01209,1.3863249
0.012092,1.3863249
0.012094,1.3863249
0.012096,1.3863249
0.012098,1.3863249
0.0121,1.3863249
0.012102,1.3863249
0.012104,1.3863249
0.0121059995,1.3863249
0.012108,1.3863249
0.01211,1.3863249
0.012112,1.3863249
0.012114,1.3863249
0.012116,1.3863249
0.012118,1.3863249
0.01212,1.3863249
0.012122,1.3863249
0.012124,1.3863249
0.012126,1.3863249
0.012128,1.3863249
0.01213,1.3863249
0.012132,1.3863249
0.012134,1.3863249
0.012136,1.3863249
0.012138,1.3863249
0.01214,1.3863249
0.012142,1.3863249
0.012144,1.3863249
0.012146,1.3863249
0.012148,1.3863249
0.01215,1.3863249
0.012152,1.3863249
0.012154,1.3863249
0.012156,0.27677202
0.012158,0.13807821
0.01216,0.13807821
0.012162,0.13807821
0.012164,0.13807821
0.012166,0.13807821
0.0121679995,0.13807821
0.01217,0.13807821
0.012172,0.13807821
0.012174,0.13807821
0.012176,0.13807821
0.012178,0.13807821
0.01218,0.091846466
0.012182,0.091846466
0.012184,0.091846466
0.012186,0.091846466
0.012188,0.091846466
0.01219,0.091846466
0.012192,0.091846466
0.012194,0.091846466
0.012196,0.091846466
0.012198,0.091846466
0.0122,0.091846466
0.012202,0.091846466
0.012204,0.091846466
0.012206,0.091846466
0.012208,0.091846466
0.01221,0.091846466
0.012212,0.091846466
0.012214,0.091846466
0.012216,0.091846466
0.012218,0.091846466
0.01222,0.091846466
0.012222,0.091846466
0.012224,0.091846466
0.012226,0.091846466
0.012228,0.091846466
0.0122299995,0.091846466
0.012232,0.091846466
0.012234,0.091846466
0.012236,0.091846466
0.012238,0.091846466
0.01224,0.091846466
0.012242,0.091846466
0.012244,0.091846466
0.012246,0.091846466
0.012248,0.091846466
0.01225,0.091846466
0.012252,0.091846466
0.012254,0.091846466
0.012256,0.091846466
0.012258,0.091846466
0.01226,0.091846466
0.012262,0.091846466
0.012264,0.091846466
0.012266,0.091846466
0.012268,0.091846466
0.01227,0.091846466
0.012272,0.091846466
0.012274,0.091846466
0.012276,0.091846466
0.012278,0.091846466
0.01228,0.091846466
0.012282,0.091846466
0.012284,0.091846466
0.012286,0.091846466
0.012288,0.091846466
0.01229,0.091846466
0.0122919995,0.091846466
0.012294,0.091846466
0.012296,0.091846466
0.012298,0.091846466
0.0123,0.091846466
0.012302,0.091846466
0.012304,0.091846466
0.012306,0.091846466
0.012308,0.091846466
0.01231,0.091846466
0.012312,0.091846466
0.012314,0.091846466
0.012316,0.091846466
0.012318,0.091846466
0.01232,0.091846466
0.012322,0.091846466
0.012324,0.091846466
0.012326,0.091846466
0.012328,0.091846466
0.01233,0.091846466
0.012332,0.091846466
0.012334,0.091846466
0.012336,0.091846466
0.012338,0.091846466
0.01234,0.091846466
0.012342,0.091846466
0.012344,0.091846466
0.012346,0.091846466
0.012348,0.091846466
0.0123499995,0.091846466
0.012352,0.091846466
0.012354,0.091846466
0.012356,0.091846466
0.012358,0.091846466
0.01236,0.091846466
0.012362,0.091846466
0.012364,0.091846466
0.012366,0.091846466
0.012368,0.091846466
0.01237,0.091846466
0.012372,0.091846466
0.012374,0.091846466
0.012376,0.091846466
0.012378,0.091846466
0.01238,0.091846466
0.012382,0.091846466
0.012384,0.091846466
0.012386,0.091846466
0.012388,0.091846466
0.01239,0.091846466
0.012392,0.091846466
0.012394,0.091846466
0.012396,0.091846466
0.012398,0.091846466
0.0124,0.091846466
0.012402,0.091846466
0.012404,0.091846466
0.012406,0.091846466
0.012408,0.091846466
0.01241,0.091846466
0.0124119995,0.091846466
0.012414,0.091846466
0.012416,0.091846466
0.012418,0.091846466
0.01242,0.091846466
0.012422,0.091846466
0.012424,0.091846466
0.012426,0.091846466
0.012428,0.091846466
0.01243,0.091846466
0.012432,0.091846466
0.012434,0.091846466
0.012436,0.091846466
0.012438,0.091846466
0.01244,0.091846466
0.012442,0.091846466
0.012444,0.091846466
0.012446,0.091846466
0.012448,0.091846466
0.01245,0.091846466
0.012452,0.091846466
0.012454,0.091846466
0.012456,0.091846466
0.012458,0.091846466
0.01246,0.091846466
0.012462,0.091846466
0.012464,0.091846466
0.012466,0.091846466
0.012468,0.091846466
0.01247,0.091846466
0.012472,0.091846466
0.0124739995,0.091846466
0.012476,0.091846466
0.012478,0.091846466
0.01248,0.091846466
0.012482,0.091846466
0.012484,0.091846466
0.012486,0.091846466
0.012488,0.091846466
0.01249,0.091846466
0.012492,0.091846466
0.012494,0.091846466
0.012496,0.091846466
0.012498,0.091846466
0.0125,0.091846466
0.012502,0.091846466
0.012504,0.091846466
0.012506,0.091846466
0.012508,0.091846466
0.01251,0.091846466
0.012512,0.091846466
0.012514,0.091846466
0.012516,0.091846466
0.012518,0.091846466
0.01252,0.091846466
0.012522,0.091846466
0.012524,0.091846466
0.012526,0.091846466
0.012528,0.091846466
0.01253,0.091846466
0.012532,0.091846466
0.012534,0.091846466
0.0125359995,0.091846466
0.012538,0.091846466
0.01254,0.091846466
0.012542,0.091846466
0.012544,0.091846466
0.012546,0.091846466
0.012548,0.091846466
0.01255,0.091846466
0.012552,0.091846466
0.012554,0.091846466
0.012556,0.091846466
0.012558,0.091846466
0.01256,0.091846466
0.012562,0.091846466
0.012564,0.091846466
0.012566,0.091846466
0.012568,0.091846466
0.01257,0.091846466
0.012572,0.091846466
0.012574,0.091846466
0.012576,0.091846466
0.012578,0.091846466
0.01258,0.091846466
0.012582,0.091846466
0.012584,0.091846466
0.012586,0.091846466
0.012588,0.091846466
0.01259,0.091846466
0.012592,0.091846466
0.0125939995,0.091846466
0.012596,0.091846466
0.012598,0.091846466
0.0126,0.091846466
0.012602,0.091846466
0.012604,0.091846466
0.012606,0.091846466
0.012608,0.091846466
0.01261,0.091846466
0.012612,0.091846466
0.012614,0.091846466
0.012616,0.091846466
0.012618,0.091846466
0.01262,0.091846466
0.012622,0.091846466
0.012624,0.091846466
0.012626,0.091846466
0.012628,0.091846466
0.01263,0.091846466
0.012632,0.091846466
0.012634,0.091846466
0.012636,0.091846466
0.012638,0.091846466
0.01264,0.091846466
0.012642,0.091846466
0.012644,0.091846466
0.012646,0.091846466
0.012648,0.091846466
0.01265,0.091846466
0.012652,0.091846466
0.012654,0.091846466
0.0126559995,0.091846466
0.012658,0.091846466
0.01266,0.091846466
0.012662,0.091846466
0.012664,0.091846466
0.012666,0.091846466
0.012668,0.091846466
0.01267,0.091846466
0.012672,0.091846466
0.012674,0.091846466
0.012676,0.091846466
0.012678,0.091846466
0.01268,0.091846466
0.012682,0.091846466
0.012684,0.091846466
0.012686,0.091846466
0.012688,0.091846466
0.01269,0.091846466
0.012692,0.091846466
0.012694,0.091846466
0.012696,0.091846466
0.012698,0.091846466
0.0127,0.091846466
0.012702,0.091846466
0.012704,0.091846466
0.012706,0.091846466
0.012708,0.091846466
0.01271,0.091846466
0.012712,0.091846466
0.012714,0.091846466
0.012716,0.091846466
0.0127179995,0.091846466
0.01272,0.091846466
0.012722,0.091846466
0.012724,0.091846466
0.012726,0.091846466
0.012728,0.091846466
0.01273,0.091846466
0.012732,0.091846466
0.012734,0.091846466
0.012736,0.091846466
0.012738,0.091846466
0.01274,0.091846466
0.012742,0.091846466
0.012744,0.091846466
0.012746,0.091846466
0.012748,0.091846466
0.01275,0.091846466
0.012752,0.091846466
0.012754,0.091846466
0.012756,0.091846466
0.012758,0.091846466
0.01276,0.091846466
0.012762,0.091846466
0.012764,0.091846466
0.012766,0.091846466
0.012768,0.091846466
0.01277,0.091846466
0.012772,0.091846466
0.012774,0.091846466
0.012776,0.091846466
0.012778,0.091846466
0.0127799995,0.091846466
0.012782,0.091846466
0.012784,0.091846466
0.012786,0.091846466
0.012788,0.091846466
0.01279,0.091846466
0.012792,0.091846466
0.012794,0.091846466
0.012796,0.091846466
0.012798,0.091846466
0.0128,0.091846466
0.012802,0.091846466
0.012804,0.091846466
0.012806,0.091846466
0.012808,0.091846466
0.01281,0.091846466
0.012812,0.091846466
0.012814,0.091846466
0.012816,0.091846466
0.012818,0.091846466
0.01282,0.091846466
0.012822,0.091846466
0.012824,0.091846466
0.012826,0.091846466
0.012828,0.091846466
0.01283,0.091846466
0.012832,0.091846466
0.012834,0.091846466
0.012836,0.091846466
0.012838,0.091846466
0.01284,0.091846466
0.0128419995,0.091846466
0.012844,0.091846466
0.012846,0.091846466
0.012848,0.091846466
0.01285,0.091846466
0.012852,0.091846466
0.012854,0.091846466
0.012856,0.091846466
0.012858,0.091846466
0.01286,0.091846466
0.012862,0.091846466
0.012864,0.091846466
0.012866,0.091846466
0.012868,0.091846466
0.01287,0.091846466
0.012872,0.091846466
0.012874,0.091846466
0.012876,0.091846466
0.012878,0.091846466
0.01288,0.091846466
0.012882,0.091846466
0.012884,0.091846466
0.012886,0.091846466
0.012888,0.091846466
0.01289,0.091846466
0.012892,0.091846466
0.012894,0.091846466
0.012896,0.091846466
0.012898,0.091846466
0.0128999995,0.091846466
0.012902,0.091846466
0.012904,0.091846466
0.012906,0.091846466
0.012908,0.091846466
0.01291,0.091846466
0.012912,0.091846466
0.012914,0.091846466
0.012916,0.091846466
0.012918,0.091846466
0.01292,0.091846466
0.012922,0.091846466
0.012924,0.091846466
0.012926,0.091846466
0.012928,0.091846466
0.01293,0.091846466
0.012932,0.091846466
0.012934,0.091846466
0.012936,0.091846466
0.012938,0.091846466
0.01294,0.091846466
0.012942,0.091846466
0.012944,0.091846466
0.012946,0.091846466
0.012948,0.091846466
0.01295,0.091846466
0.012952,0.091846466
0.012954,0.091846466
0.012956,0.091846466
0.012958,0.091846466
0.01296,0.091846466
0.0129619995,0.091846466
0.012964,0.091846466
0.012966,0.091846466
0.012968,0.091846466
0.01297,0.091846466
0.012972,1.2476311
0.012974,1.3400936
0.012976,1.3400936
0.012978,1.3400936
0.01298,1.3863249
0.012982,1.3863249
0.012984,1.3863249
0.012986,1.3863249
0.012988,1.3863249
0.01299,1.3863249
0.012992,1.3863249
0.012994,1.3863249
0.012996,1.3863249
0.012998,1.3863249
0.013,1.3863249
0.013002,1.3863249
0.013004,1.3863249
0.013006,1.3863249
0.013008,1.3863249
0.01301,1.3863249
0.013012,1.3863249
0.013014,1.3863249
0.013016,1.3863249
0.013018,1.3863249
0.01302,1.3863249
0.013022,1.3863249
0.0130239995,1.3863249
0.013026,1.3863249
0.013028,1.3863249
0.01303,1.3863249
0.013032,1.3863249
0.013034,1.3863249
0.013036,1.3863249
0.013038,1.3863249
0.01304,1.3863249
0.013042,1.3863249
0.013044,1.3863249
0.013046,1.3863249
0.013048,1.3863249
0.01305,1.3863249
0.013052,1.3863249
0.013054,1.3863249
0.013056,1.3863249
0.013058,1.3863249
0.01306,1.3863249
0.013062,1.3863249
0.013064,1.3863249
0.013066,1.3863249
0.013068,1.3863249
0.01307,1.3863249
0.013072,1.3863249
0.013074,1.3863249
0.013076,1.3863249
0.013078,1.3863249
0.01308,1.3863249
0.013082,1.3863249
0.013084,1.3863249
0.0130859995,1.3863249
0.013088,1.3863249
0.01309,1.3863249
0.013092,1.3863249
0.013094,1.3863249
0.013096,1.3863249
0.013098,1.3863249
0.0131,1.3863249
0.013102,1.3863249
0.013104,1.3863249
0.013106,1.3863249
0.013108,1.3863249
0.01311,1.3863249
0.013112,1.3863249
0.013114,1.3863249
0.013116,1.3863249
0.013118,1.3863249
0.01312,1.3863249
0.013122,1.3863249
0.013124,1.3863249
0.013126,1.3863249
0.013128,1.3863249
0.01313,1.3863249
0.013132,1.3863249
0.013134,1.3863249
0.013136,1.3863249
0.013138,1.3863249
0.01314,1.3863249
0.013142,1.3863249
0.0131439995,1.3863249
0.013146,1.3863249
0.0131479995,1.3863249
0.01315,1.3863249
0.013152,1.3863249
0.013154,1.3863249
0.013156,1.3863249
0.013158,1.3863249
0.01316,1.3863249
0.013162,1.3863249
0.013164,1.3863249
0.013166,1.3863249
0.013168,1.3863249
0.01317,1.3863249
0.013172,1.3863249
0.013174,1.3863249
0.013176,1.3863249
0.013178,1.3863249
0.01318,1.3863249
0.013182,1.3863249
0.013184,1.3863249
0.013186,1.3863249
0.013188,1.3863249
0.01319,1.3863249
0.013192,1.3863249
0.013194,1.3863249
0.013196,1.3863249
0.013198,1.3863249
0.0132,1.3863249
0.013202,1.3863249
0.013204,1.3863249
0.0132059995,1.3863249
0.013208,1.3863249
0.01321,1.3863249
0.013212,1.3863249
0.013214,1.3863249
0.013216,1.3863249
0.013218,1.3863249
0.01322,1.3863249
0.013222,1.3863249
0.013224,1.3863249
0.013226,1.3863249
0.013228,1.3863249
0.01323,1.3863249
0.013232,1.3863249
0.013234,1.3863249
0.013236,1.3863249
0.013238,1.3863249
0.01324,1.3863249
0.013242,1.3863249
0.013244,1.3863249
0.013246,1.3863249
0.013248,1.3863249
0.01325,1.3863249
0.013252,1.3863249
0.013254,1.3863249
0.013256,1.3863249
0.013258,1.3863249
0.01326,1.3863249
0.013262,1.3863249
0.013264,1.3863249
0.013266,1.3863249
0.0132679995,1.3863249
0.01327,1.3863249
0.013272,1.3863249
0.013274,1.3863249
0.013276,1.3863249
0.013278,1.3863249
0.01328,1.3863249
0.013282,1.3863249
0.013284,1.3863249
0.013286,1.3863249
0.013288,1.3863249
0.01329,1.3863249
0.013292,1.3863249
0.013294,1.3863249
0.013296,1.3863249
0.013298,1.3863249
0.0133,1.3863249
0.013302,1.3863249
0.013304,1.3863249
0.013306,1.3863249
0.013308,1.3863249
0.01331,1.3863249
0.013312,1.3863249
0.013314,1.3863249
0.013316,1.3863249
0.013318,1.3863249
0.01332,1.3863249
0.013322,1.3863249
0.013324,1.3863249
0.013326,2.542109
0.013328,2.6345725
0.0133299995,2.6345725
0.013332,2.6345725
0.013334,2.6345725
0.013336,2.6345725
0.013338,2.6345725
0.01334,2.6345725
0.013342,2.6808028
0.013344,2.6808028
0.013346,2.6808028
0.013348,2.6808028
0.01335,2.6808028
0.013352,2.6808028
0.013354,2.6808028
0.013356,2.6808028
0.013358,2.6808028
0.01336,2.6808028
0.013362,2.6808028
0.013364,2.6808028
0.013366,2.6808028
0.013368,2.6808028
0.01337,2.6808028
0.013372,2.6808028
0.013374,2.6808028
0.013376,2.6808028
0.013378,2.6808028
0.01338,2.6808028
0.013382,2.6808028
0.013384,2.6808028
0.013386,2.6808028
0.013388,2.6808028
0.01339,2.6808028
0.0133919995,2.6808028
0.013394,2.6808028
0.013396,2.6808028
0.013398,2.6808028
0.0134,2.6808028
0.013402,2.6808028
0.013404,2.6808028
0.013406,2.6808028
0.013408,2.6808028
0.01341,2.6808028
0.013412,2.6808028
0.013414,2.6808028
0.013416,2.6808028
0.013418,2.6808028
0.01342,2.6808028
0.013422,2.6808028
0.013424,2.6808028
0.013426,2.6808028
0.013428,2.6808028
0.01343,2.6808028
0.013432,2.6808028
0.013434,2.6808028
0.013436,2.6808028
0.013438,2.6808028
0.01344,2.6808028
0.013442,2.6808028
0.013444,2.6808028
0.013446,2.6808028
0.013448,2.6808028
0.0134499995,2.6808028
0.013452,2.6808028
0.0134539995,2.6808028
0.013456,2.6808028
0.013458,2.6808028
0.01346,2.6808028
0.013462,2.6808028
0.013464,2.6808028
0.013466,2.6808028
0.013468,2.6808028
0.01347,2.6808028
0.013472,2.6808028
0.013474,2.6808028
0.013476,2.6808028
0.013478,2.6808028
0.01348,2.6808028
0.013482,2.6808028
0.013484,2.6808028
0.013486,2.6808028
0.013488,2.6808028
0.01349,2.6808028
0.013492,2.6808028
0.013494,2.6808028
0.013496,2.6808028
0.013498,2.6808028
0.0135,2.6808028
0.013502,2.6808028
0.013504,2.6808028
0.013506,2.6808028
0.013508,2.6808028
0.01351,2.6808028
0.0135119995,2.6808028
0.013514,2.6808028
0.013516,2.6808028
0.013518,2.6808028
0.01352,2.6808028
0.013522,2.6808028
0.013524,2.6808028
0.013526,2.6808028
0.013528,2.6808028
0.01353,2.6808028
0.013532,2.6808028
0.013534,2.6808028
0.013536,2.6808028
0.013538,2.6808028
0.01354,2.6808028
0.013542,2.6808028
0.013544,2.6808028
0.013546,2.6808028
0.013548,2.6808028
0.01355,2.6808028
0.013552,2.6808028
0.013554,2.6808028
0.013556,2.6808028
0.013558,2.6808028
0.01356,2.6808028
0.013562,2.6808028
0.013564,2.6808028
0.013566,2.6808028
0.013568,2.6808028
0.01357,2.6808028
0.013572,2.6808028
0.0135739995,2.6808028
0.013576,2.6808028
0.013578,2.6808028
0.01358,2.6808028
0.013582,2.6808028
0.013584,2.6808028
0.013586,2.6808028
0.013588,2.6808028
0.01359,2.6808028
0.013592,2.6808028
0.013594,2.6808028
0.013596,2.6808028
0.013598,2.6808028
0.0136,2.6808028
0.013602,2.6808028
0.013604,2.6808028
0.013606,2.6808028
0.013608,2.6808028
0.01361,2.6808028
0.013612,2.6808028
0.013614,2.6808028
0.013616,2.6808028
0.013618,2.6808028
0.01362,2.6808028
0.013622,2.6808028
0.013624,2.6808028
0.013626,2.6808028
0.013628,2.6808028
0.01363,2.6808028
0.013632,2.6808028
0.013634,2.6808028
0.0136359995,2.6808028
0.013638,2.6808028
0.01364,2.6808028
0.013642,2.6808028
0.013644,2.6808028
0.013646,2.6808028
0.013648,2.6808028
0.01365,2.6808028
0.013652,3.6516623
0.013654,3.92905
0.013656,3.92905
0.013658,3.92905
0.01366,3.9752812
0.013662,3.9752812
0.013664,3.9752812
0.013666,3.9752812
0.013668,3.9752812
0.01367,3.9752812
0.013672,3.9752812
0.013674,3.9752812
0.013676,3.9752812
0.013678,3.9752812
0.01368,3.9752812
0.013682,3.9752812
0.013684,3.9752812
0.013686,3.9752812
0.013688,3.9752812
0.01369,3.9752812
0.013692,3.9752812
0.013694,3.9752812
0.013696,3.9752812
0.0136979995,3.9752812
0.0137,3.9752812
0.013702,3.9752812
0.013704,3.9752812
0.013706,3.9752812
0.013708,3.9752812
0.01371,3.9752812
0.013712,3.9752812
0.013714,3.9752812
0.013716,3.9752812
0.013718,3.9752812
0.01372,3.9752812
0.013722,3.9752812
0.013724,3.9752812
0.013726,3.9752812
0.013728,3.9752812
0.01373,3.9752812
0.013732,3.9752812
0.013734,3.9752812
0.013736,3.9752812
0.013738,3.9752812
0.01374,3.9752812
0.013742,3.9752812
0.013744,3.9752812
0.013746,3.9752812
0.013748,3.9752812
0.01375,3.9752812
0.013752,3.9752812
0.013754,3.9752812
0.0137559995,3.9752812
0.013758,3.9752812
0.01376,3.9752812
0.013762,3.9752812
0.013764,3.9752812
0.013766,3.9752812
0.013768,3.9752812
0.01377,3.9752812
0.013772,3.9752812
0.013774,3.9752812
0.013776,3.9752812
0.013778,3.9752812
0.01378,3.9752812
0.013782,3.9752812
0.013784,3.9752812
0.013786,3.9752812
0.013788,3.9752812
0.01379,3.9752812
0.013792,3.9752812
0.013794,3.9752812
0.013796,3.9752812
0.013798,3.9752812
0.0138,3.9752812
0.013802,3.9752812
0.013804,3.9752812
0.013806,3.9752812
0.013808,3.9752812
0.01381,3.9752812
0.013812,3.9752812
0.013814,3.9752812
0.013816,3.9752812
0.0138179995,3.9752812
0.01382,3.9752812
0.013822,3.9752812
0.013824,3.9752812
0.013826,3.9752812
0.013828,3.9752812
0.01383,3.9752812
0.013832,3.9752812
0.013834,3.9752812
0.013836,3.9752812
0.013838,3.9752812
0.01384,3.9752812
0.013842,3.9752812
0.013844,3.9752812
0.013846,3.9752812
0.013848,3.9752812
0.01385,3.9752812
0.013852,3.9752812
0.013854,3.9752812
0.013856,3.9752812
0.013858,3.9752812
0.01386,3.9752812
0.013862,3.9752812
0.013864,3.9752812
0.013866,3.9752812
0.013868,3.9752812
0.01387,3.9752812
0.013872,3.9752812
0.013874,3.9752812
0.013876,3.9752812
0.013878,3.9752812
0.0138799995,3.9752812
0.013882,3.9752812
0.013884,3.9752812
0.013886,3.9752812
0.013888,3.9752812
0.01389,3.9752812
0.013892,3.9752812
0.013894,3.9752812
0.013896,3.9752812
0.013898,3.9752812
0.0139,3.9752812
0.013902,3.9752812
0.013904,3.9752812
0.013906,3.9752812
0.013908,3.9752812
0.01391,3.9752812
0.013912,3.9752812
0.013914,3.9752812
0.013916,3.9752812
0.013918,3.9752812
0.01392,3.9752812
0.013922,3.9752812
0.013924,3.9752812
0.013926,3.9752812
0.013928,3.9752812
0.01393,3.9752812
0.013932,3.9752812
0.013934,3.9752812
0.013936,3.9752812
0.013938,3.9752812
0.01394,3.9752812
0.0139419995,3.9752812
0.013944,3.9752812
0.013946,3.9752812
0.013948,3.9752812
0.01395,3.9752812
0.013952,3.9752812
0.013954,3.9752812
0.013956,3.9752812
0.013958,3.9752812
0.01396,3.9752812
0.013962,3.9752812
0.013964,3.9752812
0.013966,3.9752812
0.013968,3.9752812
0.01397,3.9752812
0.013972,3.9752812
0.013974,3.9752812
0.013976,3.9752812
0.013978,3.9752812
0.01398,3.9752812
0.013982,3.9752812
0.013984,3.9752812
0.013986,3.9752812
0.013988,3.9752812
0.01399,3.9752812
0.013992,3.9752812
0.013994,3.9752812
0.013996,3.9752812
0.013998,3.9752812
0.0139999995,3.9752812
0.014002,3.9752812
0.0140039995,3.9752812
0.014006,3.9752812
0.014008,3.9752812
0.01401,3.9752812
0.014012,3.9752812
0.014014,3.9752812
0.014016,3.9752812
0.014018,3.9752812
0.01402,3.9752812
0.014022,3.9752812
0.014024,3.9752812
0.014026,3.9752812
0.014028,3.9752812
0.01403,3.9752812
0.014032,3.9752812
0.014034,3.9752812
0.014036,3.9752812
0.014038,3.9752812
0.01404,3.9752812
0.014042,3.9752812
0.014044,3.9752812
0.014046,3.9752812
0.014048,3.9752812
0.01405,3.9752812
0.014052,3.9752812
0.014054,3.9752812
0.014056,3.9752812
0.014058,3.9752812
0.01406,3.9752812
0.0140619995,3.9752812
0.014064,3.9752812
0.014066,3.9752812
0.014068,3.9752812
0.01407,3.9752812
0.014072,3.9752812
0.014074,3.9752812
0.014076,3.9752812
0.014078,3.9752812
0.01408,3.9752812
0.014082,3.9752812
0.014084,3.9752812
0.014086,3.9752812
0.014088,3.9752812
0.01409,3.9752812
0.014092,3.9752812
0.014094,3.9752812
0.014096,3.9752812
0.014098,3.9752812
0.0141,3.9752812
0.014102,3.9752812
0.014104,3.9752812
0.014106,3.9752812
0.014108,3.9752812
0.01411,3.9752812
0.014112,3.9752812
0.014114,3.9752812
0.014116,3.9752812
0.014118,3.9752812
0.01412,3.9752812
0.014122,3.9752812
0.0141239995,3.9752812
0.014126,3.9752812
0.014128,3.9752812
0.01413,3.9752812
0.014132,3.9752812
0.014134,3.9752812
0.014136,3.9752812
0.014138,3.9752812
0.01414,3.9752812
0.014142,3.9752812
0.014144,3.9752812
0.014146,3.9752812
0.014148,3.9752812
0.01415,3.9752812
0.014152,3.9752812
0.014154,3.9752812
0.014156,3.9752812
0.014158,3.9752812
0.01416,3.9752812
0.014162,3.9752812
0.014164,3.9752812
0.014166,3.9752812
0.014168,3.9752812
0.01417,3.9752812
0.014172,3.9752812
0.014174,3.9752812
0.014176,3.9752812
0.014178,3.9752812
0.01418,3.9752812
0.014182,3.9752812
0.014184,3.9752812
0.0141859995,3.9752812
0.014188,3.9752812
0.01419,3.9752812
0.014192,3.9752812
0.014194,3.9752812
0.014196,3.9752812
0.014198,3.9752812
0.0142,3.9752812
0.014202,3.9752812
0.014204,3.9752812
0.014206,3.9752812
0.014208,3.9752812
0.01421,3.9752812
0.014212,3.9752812
0.014214,3.9752812
0.014216,3.9752812
0.014218,3.9752812
0.01422,3.9752812
0.014222,3.9752812
0.014224,3.9752812
0.014226,3.9752812
0.014228,3.9752812
0.01423,3.9752812
0.014232,3.9752812
0.014234,3.9752812
0.014236,3.9752812
0.014238,3.9752812
0.01424,3.9752812
0.014242,3.9752812
0.014244,3.9752812
0.014246,3.9752812
0.0142479995,3.9752812
0.01425,3.9752812
0.014252,3.9752812
0.014254,3.9752812
0.014256,3.9752812
0.014258,3.9752812
0.01426,3.9752812
0.014262,3.9752812
0.014264,3.9752812
0.014266,3.9752812
0.014268,3.9752812
0.01427,3.9752812
0.014272,3.9752812
0.014274,3.9752812
0.014276,3.9752812
0.014278,3.9752812
0.01428,3.9752812
0.014282,3.9752812
0.014284,3.9752812
0.014286,3.9752812
0.014288,3.9752812
0.01429,3.9752812
0.014292,3.9752812
0.014294,3.9752812
0.014296,3.9752812
0.014298,3.9752812
0.0143,3.9752812
0.014302,3.9752812
0.014304,3.9752812
0.0143059995,3.9752812
0.014308,3.9752812
0.0143099995,3.9752812
0.014312,3.9752812
0.014314,3.9752812
0.014316,3.9752812
0.014318,3.9752812
0.01432,3.9752812
0.014322,3.9752812
0.014324,3.9752812
0.014326,3.9752812
0.014328,3.9752812
0.01433,3.9752812
0.014332,3.9752812
0.014334,3.9752812
0.014336,3.9752812
0.014338,3.9752812
0.01434,3.9752812
0.014342,3.9752812
0.014344,3.9752812
0.014346,3.9752812
0.014348,3.9752812
0.01435,3.9752812
0.014352,3.9752812
0.014354,3.9752812
0.014356,3.9752812
0.014358,3.9752812
0.01436,3.9752812
0.014362,3.9752812
0.014364,3.9752812
0.014366,3.9752812
0.0143679995,3.9752812
0.01437,3.9752812
0.014372,3.9752812
0.014374,3.9752812
0.014376,3.9752812
0.014378,3.9752812
0.01438,3.9752812
0.014382,3.9752812
0.014384,3.9752812
0.014386,3.9752812
0.014388,3.9752812
0.01439,3.9752812
0.014392,3.9752812
0.014394,3.9752812
0.014396,3.9752812
0.014398,3.9752812
0.0144,3.9752812
0.014402,3.9752812
0.014404,3.9752812
0.014406,3.9752812
0.014408,3.9752812
0.01441,3.9752812
0.014412,3.9752812
0.014414,3.9752812
0.014416,3.9752812
0.014418,3.9752812
0.01442,3.9752812
0.014422,3.9752812
0.014424,3.9752812
0.014426,3.9752812
0.014428,3.9752812
0.0144299995,3.9752812
0.014432,3.9752812
0.014434,3.9752812
0.014436,3.9752812
0.014438,3.9752812
0.01444,3.9752812
0.014442,3.9752812
0.014444,3.9752812
0.014446,3.9752812
0.014448,3.9752812
0.01445,3.9752812
0.014452,3.9752812
0.014454,3.9752812
0.014456,3.9752812
0.014458,3.9752812
0.01446,3.9752812
0.014462,3.9752812
0.014464,3.9752812
0.014466,3.9752812
0.014468,3.9752812
0.01447,3.9752812
0.014472,3.9752812
0.014474,3.9752812
0.014476,3.9752812
0.014478,3.9752812
0.01448,3.9752812
0.014482,3.9752812
0.014484,3.9752812
0.014486,3.9752812
0.014488,3.9752812
0.01449,3.9752812
0.0144919995,3.9752812
0.014494,3.9752812
0.014496,3.9752812
0.014498,3.9752812
0.0145,3.9752812
0.014502,3.9752812
0.014504,3.9752812
0.014506,3.9752812
0.014508,3.9752812
0.01451,3.9752812
0.014512,3.9752812
0.014514,3.9752812
0.014516,3.9752812
0.014518,3.9752812
0.01452,3.9752812
0.014522,3.9752812
0.014524,3.9752812
0.014526,3.9752812
0.014528,3.9752812
0.01453,3.9752812
0.014532,3.9752812
0.014534,3.9752812
0.014536,3.9752812
0.014538,3.9752812
0.01454,3.9752812
0.014542,3.9752812
0.014544,3.9752812
0.014546,3.9752812
0.014548,3.9752812
0.0145499995,3.9752812
0.014552,3.9752812
0.0145539995,3.9752812
0.014556,3.9752812
0.014558,3.9752812
0.01456,3.9752812
0.014562,3.9752812
0.014564,3.9752812
0.014566,3.9752812
0.014568,3.9752812
0.01457,3.9752812
0.014572,3.9752812
0.014574,3.9752812
0.014576,3.9752812
0.014578,3.9752812
0.01458,3.9752812
0.014582,3.9752812
0.014584,3.9752812
0.014586,3.9752812
0.014588,3.9752812
0.01459,3.9752812
0.014592,3.9752812
0.014594,3.9752812
0.014596,3.9752812
0.014598,3.9752812
0.0146,3.9752812
0.014602,3.9752812
0.014604,3.9752812
0.014606,3.9752812
0.014608,3.9752812
0.01461,3.9752812
0.0146119995,3.9752812
0.014614,3.9752812
0.014616,3.9752812
0.014618,3.9752812
0.01462,3.9752812
0.014622,3.9752812
0.014624,3.9752812
0.014626,3.9752812
0.014628,3.9752812
0.01463,3.9752812
0.014632,3.9752812
0.014634,3.9752812
0.014636,3.9752812
0.014638,3.9752812
0.01464,3.9752812
0.014642,3.9752812
0.014644,3.9752812
0.014646,3.9752812
0.014648,3.9752812
0.01465,3.9752812
0.014652,3.9752812
0.014654,3.9752812
0.014656,3.9752812
0.014658,3.9752812
0.01466,3.9752812
0.014662,3.9752812
0.014664,3.9752812
0.014666,3.9752812
0.014668,3.9752812
0.01467,3.9752812
0.014672,3.9752812
0.0146739995,3.9752812
0.014676,3.9752812
0.014678,3.9752812
0.01468,3.9752812
0.014682,3.9752812
0.014684,3.9752812
0.014686,3.9752812
0.014688,3.9752812
0.01469,3.9752812
0.014692,3.9752812
0.014694,3.9752812
0.014696,3.9752812
0.014698,3.9752812
0.0147,3.9752812
0.014702,3.9752812
0.014704,3.9752812
0.014706,3.9752812
0.014708,3.9752812
0.01471,3.9752812
0.014712,3.9752812
0.014714,3.9752812
0.014716,3.9752812
0.014718,3.9752812
0.01472,3.9752812
0.014722,3.9752812
0.014724,3.9752812
0.014726,3.9752812
0.014728,3.9752812
0.01473,3.9752812
0.014732,3.9752812
0.014734,3.9752812
0.0147359995,3.9752812
0.014738,3.9752812
0.01474,3.9752812
0.014742,3.9752812
0.014744,3.9752812
0.014746,3.9752812
0.014748,3.9752812
0.01475,3.9752812
0.014752,3.9752812
0.014754,3.9752812
0.014756,3.9752812
0.014758,3.9752812
0.01476,3.9752812
0.014762,3.9752812
0.014764,3.9752812
0.014766,3.9752812
0.014768,3.9752812
0.01477,3.9752812
0.014772,3.9752812
0.014774,3.9752812
0.014776,3.9752812
0.014778,3.9752812
0.01478,3.9752812
0.014782,3.9752812
0.014784,3.9752812
0.014786,3.9752812
0.014788,3.9752812
0.01479,3.9752812
0.014792,3.9752812
0.014794,3.8365874
0.014796,2.727035
0.0147979995,2.727035
0.0148,2.727035
0.014802,2.727035
0.014804,2.727035
0.014806,2.727035
0.014808,2.727035
0.01481,2.727035
0.014812,2.727035
0.014814,2.6808028
0.014816,2.6808028
0.014818,2.6808028
0.01482,2.6808028
0.014822,2.6808028
0.014824,2.6808028
0.014826,2.6808028
0.014828,2.6808028
0.01483,2.6808028
0.014832,2.6808028
0.014834,2.6808028
0.014836,2.6808028
0.014838,2.6808028
0.01484,2.6808028
0.014842,2.6808028
0.014844,2.6808028
0.014846,2.6808028
0.014848,2.6808028
0.01485,2.6808028
0.014852,2.6808028
0.014854,2.6808028
0.0148559995,2.6808028
0.014858,2.6808028
0.0148599995,2.6808028
0.014862,2.6808028
0.014864,2.6808028
0.014866,2.6808028
0.014868,2.6808028
0.01487,2.6808028
0.014872,2.6808028
0.014874,2.6808028
0.014876,2.6808028
0.014878,2.6808028
0.01488,2.6808028
0.014882,2.6808028
0.014884,2.6808028
0.014886,2.6808028
0.014888,2.6808028
0.01489,2.6808028
0.014892,2.6808028
0.014894,2.6808028
0.014896,2.6808028
0.014898,2.6808028
0.0149,2.6808028
0.014902,2.6808028
0.014904,2.6808028
0.014906,2.6808028
0.014908,2.6808028
0.01491,2.6808028
0.014912,2.6808028
0.014914,2.6808028
0.014916,2.6808028
0.0149179995,2.6808028
0.01492,2.6808028
0.014922,2.6808028
0.014924,2.6808028
0.014926,2.6808028
0.014928,2.6808028
0.01493,2.6808028
0.014932,2.6808028
0.014934,2.6808028
0.014936,2.6808028
0.014938,2.6808028
0.01494,2.6808028
0.014942,2.6808028
0.014944,2.6808028
0.014946,2.6808028
0.014948,2.6808028
0.01495,2.6808028
0.014952,2.6808028
0.014954,2.6808028
0.014956,2.6808028
0.014958,2.6808028
0.01496,2.6808028
0.014962,2.6808028
0.014964,2.6808028
0.014966,2.6808028
0.014968,2.6808028
0.01497,2.6808028
0.014972,2.6808028
0.014974,2.6808028
0.014976,2.6808028
0.014978,2.6808028
0.0149799995,2.6808028
0.014982,2.6808028
0.014984,2.6808028
0.014986,2.6808028
0.014988,2.6808028
0.01499,2.6808028
0.014992,2.6808028
0.014994,2.6808028
0.014996,2.6808028
0.014998,2.6808028
0.015,2.6808028
0.015002,2.6808028
0.015004,2.6808028
0.015006,2.6808028
0.015008,2.6808028
0.01501,2.6808028
0.015012,2.6808028
0.015014,2.6808028
0.015016,2.6808028
0.015018,2.6808028
0.01502,2.6808028
0.015022,2.6808028
0.015024,2.6808028
0.015026,2.6808028
0.015028,2.6808028
0.01503,2.6808028
0.015032,2.6808028
0.015034,2.6808028
0.015036,2.6808028
0.015038,2.6808028
0.01504,2.6808028
0.0150419995,2.6808028
0.015044,2.6808028
0.015046,2.6808028
0.015048,2.6808028
0.01505,2.6808028
0.015052,2.6808028
0.015054,2.6808028
0.015056,2.6808028
0.015058,2.6808028
0.01506,2.6808028
0.015062,2.6808028
0.015064,2.6808028
0.015066,2.6808028
0.015068,2.6808028
0.01507,2.6808028
0.015072,2.6808028
0.015074,2.6808028
0.015076,2.6808028
0.015078,2.6808028
0.01508,2.6808028
0.015082,2.6808028
0.015084,2.6808028
0.015086,2.6808028
0.015088,2.6808028
0.01509,2.6808028
0.015092,2.6808028
0.015094,2.6808028
0.015096,2.6808028
0.015098,2.6808028
0.0151,2.6808028
0.015102,2.6808028
0.0151039995,2.6808028
0.015106,2.6808028
0.015108,2.6808028
0.01511,2.6808028
0.015112,2.6808028
0.015114,2.6808028
0.015116,2.6808028
0.015118,2.6808028
0.01512,2.6808028
0.015122,1.4787879
0.015124,1.4325566
0.015126,1.4325566
0.015128,1.4325566
0.01513,1.4325566
0.015132,1.4325566
0.015134,1.4325566
0.015136,1.4325566
0.015138,1.4325566
0.01514,1.4325566
0.015142,1.4325566
0.015144,1.4325566
0.015146,1.4325566
0.015148,1.4325566
0.01515,1.4325566
0.015152,1.4325566
0.015154,1.4325566
0.015156,1.4325566
0.015158,1.3863249
0.01516,1.3863249
0.0151619995,1.3863249
0.015164,1.3863249
0.0151659995,1.3863249
0.015168,1.3863249
0.01517,1.3863249
0.015172,1.3863249
0.015174,1.3863249
0.015176,1.3863249
0.015178,1.3863249
0.01518,1.3863249
0.015182,1.3863249
0.015184,1.3863249
0.015186,1.3863249
0.015188,1.3863249
0.01519,1.3863249
0.015192,1.3863249
0.015194,1.3863249
0.015196,1.3863249
0.015198,1.3863249
0.0152,1.3863249
0.015202,1.3863249
0.015204,1.3863249
0.015206,1.3863249
0.015208,1.3863249
0.01521,1.3863249
0.015212,1.3863249
0.015214,1.3863249
0.015216,1.3863249
0.015218,1.3863249
0.01522,1.3863249
0.015222,1.3863249
0.0152239995,1.3863249
0.015226,1.3863249
0.015228,1.3863249
0.01523,1.3863249
0.015232,1.3863249
0.015234,1.3863249
0.015236,1.3863249
0.015238,1.3863249
0.01524,1.3863249
0.015242,1.3863249
0.015244,1.3863249
0.015246,1.3863249
0.015248,1.3863249
0.01525,1.3863249
0.015252,1.3863249
0.015254,1.3863249
0.015256,1.3863249
0.015258,1.3863249
0.01526,1.3863249
0.015262,1.3863249
0.015264,1.3863249
0.015266,1.3863249
0.015268,1.3863249
0.01527,1.3863249
0.015272,1.3863249
0.015274,1.3863249
0.015276,1.3863249
0.015278,1.3863249
0.01528,1.3863249
0.015282,1.3863249
0.015284,1.3863249
0.0152859995,1.3863249
0.015288,1.3863249
0.01529,1.3863249
0.015292,1.3863249
0.015294,1.3863249
0.015296,1.3863249
0.015298,1.3863249
0.0153,1.3863249
0.015302,1.3863249
0.015304,1.3863249
0.015306,1.3863249
0.015308,1.3863249
0.01531,1.3863249
0.015312,1.3863249
0.015314,1.3863249
0.015316,1.3863249
0.015318,1.3863249
0.01532,1.3863249
0.015322,1.3863249
0.015324,1.3863249
0.015326,1.3863249
0.015328,1.3863249
0.01533,1.3863249
0.015332,1.3863249
0.015334,1.3863249
0.015336,1.3863249
0.015338,1.3863249
0.01534,1.3863249
0.015342,1.3863249
0.015344,1.3863249
0.015346,1.3863249
0.0153479995,1.3863249
0.01535,1.3863249
0.015352,1.3863249
0.015354,1.3863249
0.015356,1.3863249
0.015358,1.3863249
0.01536,1.3863249
0.015362,1.3863249
0.015364,1.3863249
0.015366,1.3863249
0.015368,1.3863249
0.01537,1.3863249
0.015372,1.3863249
0.015374,1.3863249
0.015376,1.3863249
0.015378,1.3863249
0.01538,1.3863249
0.015382,1.3863249
0.015384,1.3863249
0.015386,1.3863249
0.015388,1.3863249
0.01539,1.3863249
0.015392,1.3863249
0.015394,1.3863249
0.015396,1.3863249
0.015398,1.3863249
0.0154,1.3863249
0.015402,1.3863249
0.015404,1.3863249
0.0154059995,1.3863249
0.015408,1.3863249
0.0154099995,1.3863249
0.015412,1.3863249
0.015414,1.3863249
0.015416,1.3863249
0.015418,1.3863249
0.01542,1.3863249
0.015422,1.3863249
0.015424,1.3863249
0.015426,1.3863249
0.015428,1.3863249
0.01543,1.3863249
0.015432,1.3863249
0.015434,1.3863249
0.015436,1.3863249
0.015438,1.3863249
0.01544,1.3863249
0.015442,1.3863249
0.015444,1.3863249
0.015446,1.3863249
0.015448,1.3863249
0.01545,1.3863249
0.015452,1.3863249
0.015454,1.3863249
0.015456,1.3863249
0.015458,1.3863249
0.01546,1.3863249
0.015462,1.3863249
0.015464,1.3863249
0.015466,1.3863249
0.0154679995,1.3863249
0.01547,1.3863249
0.0154719995,1.3863249
0.015474,1.3863249
0.015476,0.27677202
0.015478,0.13807821
0.01548,0.13807821
0.015482,0.13807821
0.015484,0.13807821
0.015486,0.13807821
0.015488,0.13807821
0.01549,0.13807821
0.015492,0.13807821
0.015494,0.13807821
0.015496,0.13807821
0.015498,0.13807821
0.0155,0.13807821
0.015502,0.091846466
0.015504,0.091846466
0.015506,0.091846466
0.015508,0.091846466
0.01551,0.091846466
0.015512,0.091846466
0.015514,0.091846466
0.015516,0.091846466
0.015518,0.091846466
0.01552,0.091846466
0.015522,0.091846466
0.015524,0.091846466
0.015526,0.091846466
0.015528,0.091846466
0.0155299995,0.091846466
0.015532,0.091846466
0.015534,0.091846466
0.015536,0.091846466
0.015538,0.091846466
0.01554,0.091846466
0.015542,0.091846466
0.015544,0.091846466
0.015546,0.091846466
0.015548,0.091846466
0.01555,0.091846466
0.015552,0.091846466
0.015554,0.091846466
0.015556,0.091846466
0.015558,0.091846466
0.01556,0.091846466
0.015562,0.091846466
0.015564,0.091846466
0.015566,0.091846466
0.015568,0.091846466
0.01557,0.091846466
0.015572,0.091846466
0.015574,0.091846466
0.015576,0.091846466
0.015578,0.091846466
0.01558,0.091846466
0.015582,0.091846466
0.015584,0.091846466
0.015586,0.091846466
0.015588,0.091846466
0.01559,0.091846466
0.0155919995,0.091846466
0.015594,0.091846466
0.015596,0.091846466
0.015598,0.091846466
0.0156,0.091846466
0.015602,0.091846466
0.015604,0.091846466
0.015606,0.091846466
0.015608,0.091846466
0.01561,0.091846466
0.015612,0.091846466
0.015614,0.091846466
0.015616,0.091846466
0.015618,0.091846466
0.01562,0.091846466
0.015622,0.091846466
0.015624,0.091846466
0.015626,0.091846466
0.015628,0.091846466
0.01563,0.091846466
0.015632,0.091846466
0.015634,0.091846466
0.015636,0.091846466
0.015638,0.091846466
0.01564,0.091846466
0.015642,0.091846466
0.015644,0.091846466
0.015646,0.091846466
0.015648,0.091846466
0.01565,0.091846466
0.015651999,0.091846466
0.015654,0.091846466
0.015656,0.091846466
0.015658,0.091846466
0.01566,0.091846466
0.015662,0.091846466
0.015664,0.091846466
0.015666,0.091846466
0.015668,0.091846466
0.01567,0.091846466
0.015672,0.091846466
0.015674,0.091846466
0.015676,0.091846466
0.015678,0.091846466
0.01568,0.091846466
0.015682,0.091846466
0.015684,0.091846466
0.015686,0.091846466
0.015688,0.091846466
0.01569,0.091846466
0.015692,0.091846466
0.015694,0.091846466
0.015696,0.091846466
0.015698,0.091846466
0.0157,0.091846466
0.015702,0.091846466
0.015704,0.091846466
0.015706,0.091846466
0.015708,0.091846466
0.01571,0.091846466
0.015712,0.091846466
0.015713999,0.091846466
0.015716,0.091846466
0.015718,0.091846466
0.01572,0.091846466
0.015722,0.091846466
0.015724,0.091846466
0.015726,0.091846466
0.015728,0.091846466
0.01573,0.091846466
0.015732,0.091846466
0.015734,0.091846466
0.015736,0.091846466
0.015738,0.091846466
0.01574,0.091846466
0.015742,0.091846466
0.015744,0.091846466
0.015746,0.091846466
0.015748,0.091846466
0.01575,0.091846466
0.015752,0.091846466
0.015754,0.091846466
0.015756,0.091846466
0.015758,0.091846466
0.01576,0.091846466
0.015762,0.091846466
0.015764,0.091846466
0.015766,0.091846466
0.015768,0.091846466
0.01577,0.091846466
0.015772,0.091846466
0.015774,0.091846466
0.015775999,0.091846466
0.015778,0.091846466
0.01578,0.091846466
0.015782,0.091846466
0.015784,0.091846466
0.015786,0.091846466
0.015788,0.091846466
0.01579,0.091846466
0.015792,0.091846466
0.015794,0.091846466
0.015796,0.091846466
0.015798,0.091846466
0.0158,0.091846466
0.015802,0.091846466
0.015804,0.091846466
0.015806,0.091846466
0.015808,0.091846466
0.01581,0.091846466
0.015812,0.091846466
0.015814,0.091846466
0.015816,0.091846466
0.015818,0.091846466
0.01582,0.091846466
0.015822,0.091846466
0.015824,0.091846466
0.015826,0.091846466
0.015828,0.091846466
0.01583,0.091846466
0.015832,0.091846466
0.015834,0.091846466
0.015836,0.091846466
0.015837999,0.091846466
0.01584,0.091846466
0.015842,0.091846466
0.015844,0.091846466
0.015846,0.091846466
0.015848,0.091846466
0.01585,0.091846466
0.015852,0.091846466
0.015854,0.091846466
0.015856,0.091846466
0.015858,0.091846466
0.01586,0.091846466
0.015862,0.091846466
0.015864,0.091846466
0.015866,0.091846466
0.015868,0.091846466
0.01587,0.091846466
0.015872,0.091846466
0.015874,0.091846466
0.015876,0.091846466
0.015878,0.091846466
0.01588,0.091846466
0.015882,0.091846466
0.015884,0.091846466
0.015886,0.091846466
0.015888,0.091846466
0.01589,0.091846466
0.015892,0.091846466
0.015894,0.091846466
0.015896,0.091846466
0.015898,0.091846466
0.015899999,0.091846466
0.015902,0.091846466
0.015904,0.091846466
0.015906,0.091846466
0.015908,0.091846466
0.01591,0.091846466
0.015912,0.091846466
0.015914,0.091846466
0.015916,0.091846466
0.015918,0.091846466
0.01592,0.091846466
0.015922,0.091846466
0.015924,0.091846466
0.015926,0.091846466
0.015928,0.091846466
0.01593,0.091846466
0.015932,0.091846466
0.015934,0.091846466
0.015936,0.091846466
0.015938,0.091846466
0.01594,0.091846466
0.015942,0.091846466
0.015944,0.091846466
0.015946,0.091846466
0.015948,0.091846466
0.01595,0.091846466
0.015952,0.091846466
0.015954,0.091846466
0.015956,0.091846466
0.015958,0.091846466
0.01596,0.091846466
0.015962,0.091846466
0.015964,0.091846466
0.015966,0.091846466
0.015968,0.091846466
0.01597,0.091846466
0.015972,0.091846466
0.015974,0.091846466
0.015976,0.091846466
0.015978,0.091846466
0.01598,0.091846466
0.015982,0.091846466
0.015984,0.091846466
0.015986,0.091846466
0.015988,0.091846466
0.01599,0.091846466
0.015992,0.091846466
0.015994,0.091846466
0.015996,0.091846466
0.015998,0.091846466
0.016,0.091846466
0.016002,0.091846466
0.016004,0.091846466
0.016006,0.091846466
0.016008,0.091846466
0.01601,0.091846466
0.016012,0.091846466
0.016014,0.091846466
0.016016,0.091846466
0.016018,0.091846466
0.01602,0.091846466
0.016022,0.091846466
0.016024,0.091846466
0.016026,0.091846466
0.016028,0.091846466
0.01603,0.091846466
0.016032,0.091846466
0.016034,0.091846466
0.016036,0.091846466
0.016038,0.091846466
0.01604,0.091846466
0.016042,0.091846466
0.016044,0.091846466
0.016046,0.091846466
0.016048,0.091846466
0.01605,0.091846466
0.016052,0.091846466
0.016054,0.091846466
0.016056,0.091846466
0.016058,0.091846466
0.01606,0.091846466
0.016062,0.091846466
0.016064,0.091846466
0.016066,0.091846466
0.016068,0.091846466
0.01607,0.091846466
0.016072,0.091846466
0.016074,0.091846466
0.016076,0.091846466
0.016078,0.091846466
0.01608,0.091846466
0.016082,0.091846466
0.016084,0.091846466
0.016086,0.091846466
0.016088,0.091846466
0.01609,0.091846466
0.016092,0.091846466
0.016094,0.091846466
0.016096,0.091846466
0.016098,0.091846466
0.0161,0.091846466
0.016102,0.091846466
0.016104,0.091846466
0.016106,0.091846466
0.016108,0.091846466
0.01611,0.091846466
0.016112,0.091846466
0.016114,0.091846466
0.016116,0.091846466
0.016118,0.091846466
0.01612,0.091846466
0.016122,0.091846466
0.016124,0.091846466
0.016126,0.091846466
0.016128,0.091846466
0.01613,0.091846466
0.016132,0.091846466
0.016134,0.091846466
0.016136,0.091846466
0.016138,0.091846466
0.016139999,0.091846466
0.016142,0.091846466
0.016144,0.091846466
0.016146,0.091846466
0.016148,0.091846466
0.01615,0.091846466
0.016152,0.091846466
0.016154,0.091846466
0.016156,0.091846466
0.016158,0.091846466
0.01616,0.091846466
0.016162,0.091846466
0.016164,0.091846466
0.016166,0.091846466
0.016168,0.091846466
0.01617,0.091846466
0.016172,0.091846466
0.016174,0.091846466
0.016176,0.091846466
0.016178,0.091846466
0.01618,0.091846466
0.016182,0.091846466
0.016184,0.091846466
0.016186,0.091846466
0.016188,0.091846466
0.01619,0.091846466
0.016192,0.091846466
0.016194,0.091846466
0.016196,0.091846466
0.016198,0.091846466
0.0162,0.091846466
0.016201999,0.091846466
0.016204,0.091846466
0.016206,0.091846466
0.016208,0.091846466
0.01621,0.091846466
0.016212,0.091846466
0.016214,0.091846466
0.016216,0.091846466
0.016218,0.091846466
0.01622,0.091846466
0.016222,0.091846466
0.016224,0.091846466
0.016226,0.091846466
0.016228,0.091846466
0.01623,0.091846466
0.016232,0.091846466
0.016234,0.091846466
0.016236,0.091846466
0.016238,0.091846466
0.01624,0.091846466
0.016242,0.091846466
0.016244,0.091846466
0.016246,0.091846466
0.016248,0.091846466
0.01625,0.091846466
0.016252,0.091846466
0.016254,0.091846466
0.016256,0.091846466
0.016258,0.091846466
0.01626,0.091846466
0.016262,0.091846466
0.016263999,0.091846466
0.016266,0.091846466
0.016268,0.091846466
0.01627,0.091846466
0.016272,0.091846466
0.016274,0.091846466
0.016276,0.091846466
0.016278,0.091846466
0.01628,0.091846466
0.016282,0.091846466
0.016284,0.091846466
0.016286,0.091846466
0.016288,0.091846466
0.01629,0.091846466
0.016292,1.2476311
0.016294,1.3400936
0.016296,1.3400936
0.016298,1.3863249
0.0163,1.3863249
0.016302,1.3863249
0.016304,1.3863249
0.016306,1.3863249
0.016308,1.3863249
0.01631,1.3863249
0.016312,1.3863249
0.016314,1.3863249
0.016316,1.3863249
0.016318,1.3863249
0.01632,1.3863249
0.016322,1.3863249
0.016324,1.3863249
0.016325999,1.3863249
0.016328,1.3863249
0.01633,1.3863249
0.016332,1.3863249
0.016334,1.3863249
0.016336,1.3863249
0.016338,1.3863249
0.01634,1.3863249
0.016342,1.3863249
0.016344,1.3863249
0.016346,1.3863249
0.016348,1.3863249
0.01635,1.3863249
0.016352,1.3863249
0.016354,1.3863249
0.016356,1.3863249
0.016358,1.3863249
0.01636,1.3863249
0.016362,1.3863249
0.016364,1.3863249
0.016366,1.3863249
0.016368,1.3863249
0.01637,1.3863249
0.016372,1.3863249
0.016374,1.3863249
0.016376,1.3863249
0.016378,1.3863249
0.01638,1.3863249
0.016382,1.3863249
0.016384,1.3863249
0.016386,1.3863249
0.016387999,1.3863249
0.01639,1.3863249
0.016392,1.3863249
0.016394,1.3863249
0.016396,1.3863249
0.016398,1.3863249
0.0164,1.3863249
0.016402,1.3863249
0.016404,1.3863249
0.016406,1.3863249
0.016408,1.3863249
0.01641,1.3863249
0.016412,1.3863249
0.016414,1.3863249
0.016416,1.3863249
0.016418,1.3863249
0.01642,1.3863249
0.016422,1.3863249
0.016424,1.3863249
0.016426,1.3863249
0.016428,1.3863249
0.01643,1.3863249
0.016432,1.3863249
0.016434,1.3863249
0.016436,1.3863249
0.016438,1.3863249
0.01644,1.3863249
0.016442,1.3863249
0.016444,1.3863249
0.016446,1.3863249
0.016448,1.3863249
0.016449999,1.3863249
0.016452,1.3863249
0.016454,1.3863249
0.016456,1.3863249
0.016458,1.3863249
0.01646,1.3863249
0.016462,1.3863249
0.016464,1.3863249
0.016466,1.3863249
0.016468,1.3863249
0.01647,1.3863249
0.016472,1.3863249
0.016474,1.3863249
0.016476,1.3863249
0.016478,1.3863249
0.01648,1.3863249
0.016482,1.3863249
0.016484,1.3863249
0.016486,1.3863249
0.016488,1.3863249
0.01649,1.3863249
0.016492,1.3863249
0.016494,1.3863249
0.016496,1.3863249
0.016498,1.3863249
0.0165,1.3863249
0.016502,1.3863249
0.016504,1.3863249
0.016506,1.3863249
0.016508,1.3863249
0.01651,1.3863249
0.016512,1.3863249
0.016514,1.3863249
0.016516,1.3863249
0.016518,1.3863249
0.01652,1.3863249
0.016522,1.3863249
0.016524,1.3863249
0.016526,1.3863249
0.016528,1.3863249
0.01653,1.3863249
0.016532,1.3863249
0.016534,1.3863249
0.016536,1.3863249
0.016538,1.3863249
0.01654,1.3863249
0.016542,1.3863249
0.016544,1.3863249
0.016546,1.3863249
0.016548,1.3863249
0.01655,1.3863249
0.016552,1.3863249
0.016554,1.3863249
0.016556,1.3863249
0.016558,1.3863249
0.01656,1.3863249
0.016562,1.3863249
0.016564,1.3863249
0.016566,1.3863249
0.016568,1.3863249
0.01657,1.3863249
0.016572,1.3863249
0.016574,1.3863249
0.016576,1.3863249
0.016578,1.3863249
0.01658,1.3863249
0.016582,1.3863249
0.016584,1.3863249
0.016586,1.3863249
0.016588,1.3863249
0.01659,1.3863249
0.016592,1.3863249
0.016594,1.3863249
0.016596,1.3863249
0.016598,1.3863249
0.0166,1.3863249
0.016602,1.3863249
0.016604,1.3863249
0.016606,1.3863249
0.016608,1.3863249
0.01661,1.3863249
0.016612,1.3863249
0.016614,1.3863249
0.016616,1.3863249
0.016618,1.3863249
0.01662,1.3863249
0.016622,1.3863249
0.016624,1.3863249
0.016626,1.3863249
0.016628,1.3863249
0.01663,1.3863249
0.016632,1.3863249
0.016634,1.3863249
0.016636,1.3863249
0.016638,1.3863249
0.01664,1.3863249
0.016642,1.3863249
0.016644,1.3863249
0.016646,1.3863249
0.016648,1.3863249
0.01665,1.3863249
0.016652,1.3863249
0.016654,1.3863249
0.016656,1.3863249
0.016658,1.3863249
0.01666,1.3863249
0.016662,1.3863249
0.016664,1.3863249
0.016666,1.3863249
0.016668,1.3863249
0.01667,1.3863249
0.016672,1.9411016
0.016674,2.5883412
0.016676,2.6345725
0.016678,2.6345725
0.01668,2.6345725
0.016682,2.6345725
0.016684,2.6345725
0.016686,2.6345725
0.016688,2.6345725
0.016689999,2.6808028
0.016692,2.6808028
0.016694,2.6808028
0.016696,2.6808028
0.016698,2.6808028
0.0167,2.6808028
0.016702,2.6808028
0.016704,2.6808028
0.016706,2.6808028
0.016708,2.6808028
0.01671,2.6808028
0.016712,2.6808028
0.016714,2.6808028
0.016716,2.6808028
0.016718,2.6808028
0.01672,2.6808028
0.016722,2.6808028
0.016724,2.6808028
0.016726,2.6808028
0.016728,2.6808028
0.01673,2.6808028
0.016732,2.6808028
0.016734,2.6808028
0.016736,2.6808028
0.016738,2.6808028
0.01674,2.6808028
0.016742,2.6808028
0.016744,2.6808028
0.016746,2.6808028
0.016748,2.6808028
0.01675,2.6808028
0.016751999,2.6808028
0.016754,2.6808028
0.016756,2.6808028
0.016758,2.6808028
0.01676,2.6808028
0.016762,2.6808028
0.016764,2.6808028
0.016766,2.6808028
0.016768,2.6808028
0.01677,2.6808028
0.016772,2.6808028
0.016774,2.6808028
0.016776,2.6808028
0.016778,2.6808028
0.01678,2.6808028
0.016782,2.6808028
0.016784,2.6808028
0.016786,2.6808028
0.016788,2.6808028
0.01679,2.6808028
0.016792,2.6808028
0.016794,2.6808028
0.016796,2.6808028
0.016798,2.6808028
0.0168,2.6808028
0.016802,2.6808028
0.016804,2.6808028
0.016806,2.6808028
0.016808,2.6808028
0.01681,2.6808028
0.016812,2.6808028
0.016813999,2.6808028
0.016816,2.6808028
0.016818,2.6808028
0.01682,2.6808028
0.016822,2.6808028
0.016824,2.6808028
0.016826,2.6808028
0.016828,2.6808028
0.01683,2.6808028
0.016832,2.6808028
0.016834,2.6808028
0.016836,2.6808028
0.016838,2.6808028
0.01684,2.6808028
0.016842,2.6808028
0.016844,2.6808028
0.016846,2.6808028
0.016848,2.6808028
0.01685,2.6808028
0.016852,2.6808028
0.016854,2.6808028
0.016856,2.6808028
0.016858,2.6808028
0.01686,2.6808028
0.016862,2.6808028
0.016864,2.6808028
0.016866,2.6808028
0.016868,2.6808028
0.01687,2.6808028
0.016872,2.6808028
0.016874,2.6808028
0.016875999,2.6808028
0.016878,2.6808028
0.01688,2.6808028
0.016882,2.6808028
0.016884,2.6808028
0.016886,2.6808028
0.016888,2.6808028
0.01689,2.6808028
0.016892,2.6808028
0.016894,2.6808028
0.016896,2.6808028
0.016898,2.6808028
0.0169,2.6808028
0.016902,2.6808028
0.016904,2.6808028
0.016906,2.6808028
0.016908,2.6808028
0.01691,2.6808028
0.016912,2.6808028
0.016914,2.6808028
0.016916,2.6808028
0.016918,2.6808028
0.01692,2.6808028
0.016922,2.6808028
0.016924,2.6808028
0.016926,2.6808028
0.016928,2.6808028
0.01693,2.6808028
0.016932,2.6808028
0.016934,2.6808028
0.016936,2.6808028
0.016937999,2.6808028
0.01694,2.6808028
0.016942,2.6808028
0.016944,2.6808028
0.016946,2.6808028
0.016948,2.6808028
0.01695,2.6808028
0.016952,2.6808028
0.016954,2.6808028
0.016956,2.6808028
0.016958,2.6808028
0.01696,2.6808028
0.016962,2.6808028
0.016964,2.6808028
0.016966,2.6808028
0.016968,2.6808028
0.01697,2.6808028
0.016972,2.6808028
0.016974,2.6808028
0.016976,2.6808028
0.016978,2.6808028
0.01698,2.6808028
0.016982,2.6808028
0.016984,2.6808028
0.016986,2.6808028
0.016988,2.6808028
0.01699,2.6808028
0.016992,2.6808028
0.016994,2.6808028
0.016996,2.6808028
0.016998,2.6808028
0.016999999,3.8828197
0.017002,3.92905
0.017004,3.92905
0.017006,3.92905
0.017008,3.9752812
0.01701,3.9752812
0.017012,3.9752812
0.017014,3.9752812
0.017016,3.9752812
0.017018,3.9752812
0.01702,3.9752812
0.017022,3.9752812
0.017024,3.9752812
0.017026,3.9752812
0.017028,3.9752812
0.01703,3.9752812
0.017032,3.9752812
0.017034,3.9752812
0.017036,3.9752812
0.017038,3.9752812
0.01704,3.9752812
0.017042,3.9752812
0.017044,3.9752812
0.017046,3.9752812
0.017048,3.9752812
0.01705,3.9752812
0.017052,3.9752812
0.017054,3.9752812
0.017056,3.9752812
0.017058,3.9752812
0.01706,3.9752812
0.017061999,3.9752812
0.017064,3.9752812
0.017066,3.9752812
0.017068,3.9752812
0.01707,3.9752812
0.017072,3.9752812
0.017074,3.9752812
0.017076,3.9752812
0.017078,3.9752812
0.01708,3.9752812
0.017082,3.9752812
0.017084,3.9752812
0.017086,3.9752812
0.017088,3.9752812
0.01709,3.9752812
0.017092,3.9752812
0.017094,3.9752812
0.017096,3.9752812
0.017098,3.9752812
0.0171,3.9752812
0.017102,3.9752812
0.017104,3.9752812
0.017106,3.9752812
0.017108,3.9752812
0.01711,3.9752812
0.017112,3.9752812
0.017114,3.9752812
0.017116,3.9752812
0.017118,3.9752812
0.01712,3.9752812
0.017122,3.9752812
0.017124,3.9752812
0.017126,3.9752812
0.017128,3.9752812
0.01713,3.9752812
0.017132,3.9752812
0.017134,3.9752812
0.017136,3.9752812
0.017138,3.9752812
0.01714,3.9752812
0.017142,3.9752812
0.017144,3.9752812
0.017146,3.9752812
0.017148,3.9752812
0.01715,3.9752812
0.017152,3.9752812
0.017154,3.9752812
0.017156,3.9752812
0.017158,3.9752812
0.01716,3.9752812
0.017162,3.9752812
0.017164,3.9752812
0.017166,3.9752812
0.017168,3.9752812
0.01717,3.9752812
0.017172,3.9752812
0.017174,3.9752812
0.017176,3.9752812
0.017178,3.9752812
0.01718,3.9752812
0.017182,3.9752812
0.017184,3.9752812
0.017186,3.9752812
0.017188,3.9752812
0.01719,3.9752812
0.017192,3.9752812
0.017194,3.9752812
0.017196,3.9752812
0.017198,3.9752812
0.0172,3.9752812
0.017202,3.9752812
0.017204,3.9752812
0.017206,3.9752812
0.017208,3.9752812
0.01721,3.9752812
0.017212,3.9752812
0.017214,3.9752812
0.017216,3.9752812
0.017218,3.9752812
0.01722,3.9752812
0.017222,3.9752812
0.017224,3.9752812
0.017226,3.9752812
0.017228,3.9752812
0.01723,3.9752812
0.017232,3.9752812
0.017234,3.9752812
0.017236,3.9752812
0.017238,3.9752812
0.017239999,3.9752812
0.017242,3.9752812
0.017244,3.9752812
0.017246,3.9752812
0.017248,3.9752812
0.01725,3.9752812
0.017252,3.9752812
0.017254,3.9752812
0.017256,3.9752812
0.017258,3.9752812
0.01726,3.9752812
0.017262,3.9752812
0.017264,3.9752812
0.017266,3.9752812
0.017268,3.9752812
0.01727,3.9752812
0.017272,3.9752812
0.017274,3.9752812
0.017276,3.9752812
0.017278,3.9752812
0.01728,3.9752812
0.017282,3.9752812
0.017284,3.9752812
0.017286,3.9752812
0.017288,3.9752812
0.01729,3.9752812
0.017292,3.9752812
0.017294,3.9752812
0.017296,3.9752812
0.017298,3.9752812
0.0173,3.9752812
0.017301999,3.9752812
0.017304,3.9752812
0.017306,3.9752812
0.017308,3.9752812
0.01731,3.9752812
0.017312,3.9752812
0.017314,3.9752812
0.017316,3.9752812
0.017318,3.9752812
0.01732,3.9752812
0.017322,3.9752812
0.017324,3.9752812
0.017326,3.9752812
0.017328,3.9752812
0.01733,3.9752812
0.017332,3.9752812
0.017334,3.9752812
0.017336,3.9752812
0.017338,3.9752812
0.01734,3.9752812
0.017342,3.9752812
0.017344,3.9752812
0.017346,3.9752812
0.017348,3.9752812
0.01735,3.9752812
0.017352,3.9752812
0.017354,3.9752812
0.017356,3.9752812
0.017358,3.9752812
0.01736,3.9752812
0.017362,3.9752812
0.017363999,3.9752812
0.017366,3.9752812
0.017368,3.9752812
0.01737,3.9752812
0.017372,3.9752812
0.017374,3.9752812
0.017376,3.9752812
0.017378,3.9752812
0.01738,3.9752812
0.017382,3.9752812
0.017384,3.9752812
0.017386,3.9752812
0.017388,3.9752812
0.01739,3.9752812
0.017392,3.9752812
0.017394,3.9752812
0.017396,3.9752812
0.017398,3.9752812
0.0174,3.9752812
0.017402,3.9752812
0.017404,3.9752812
0.017406,3.9752812
0.017408,3.9752812
0.01741,3.9752812
0.017412,3.9752812
0.017414,3.9752812
0.017416,3.9752812
0.017418,3.9752812
0.01742,3.9752812
0.017422,3.9752812
0.017424,3.9752812
0.017425999,3.9752812
0.017428,3.9752812
0.01743,3.9752812
0.017432,3.9752812
0.017434,3.9752812
0.017436,3.9752812
0.017438,3.9752812
0.01744,3.9752812
0.017442,3.9752812
0.017444,3.9752812
0.017446,3.9752812
0.017448,3.9752812
0.01745,3.9752812
0.017452,3.9752812
0.017454,3.9752812
0.017456,3.9752812
0.017458,3.9752812
0.01746,3.9752812
0.017462,3.9752812
0.017464,3.9752812
0.017466,3.9752812
0.017468,3.9752812
0.01747,3.9752812
0.017472,3.9752812
0.017474,3.9752812
0.017476,3.9752812
0.017478,3.9752812
0.01748,3.9752812
0.017482,3.9752812
0.017484,3.9752812
0.017486,3.9752812
0.017487999,3.9752812
0.01749,3.9752812
0.017492,3.9752812
0.017494,3.9752812
0.017496,3.9752812
0.017498,3.9752812
0.0175,3.9752812
0.017502,3.9752812
0.017504,3.9752812
0.017506,3.9752812
0.017508,3.9752812
0.01751,3.9752812
0.017512,3.9752812
0.017514,3.9752812
0.017516,3.9752812
0.017518,3.9752812
0.01752,3.9752812
0.017522,3.9752812
0.017524,3.9752812
0.017526,3.9752812
0.017528,3.9752812
0.01753,3.9752812
0.017532,3.9752812
0.017534,3.9752812
0.017536,3.9752812
0.017538,3.9752812
0.01754,3.9752812
0.017542,3.9752812
0.017544,3.9752812
0.017546,3.9752812
0.017548,3.9752812
0.017549999,3.9752812
0.017552,3.9752812
0.017554,3.9752812
0.017556,3.9752812
0.017558,3.9752812
0.01756,3.9752812
0.017562,3.9752812
0.017564,3.9752812
0.017566,3.9752812
0.017568,3.9752812
0.01757,3.9752812
0.017572,3.9752812
0.017574,3.9752812
0.017576,3.9752812
0.017578,3.9752812
0.01758,3.9752812
0.017582,3.9752812
0.017584,3.9752812
0.017586,3.9752812
0.017588,3.9752812
0.01759,3.9752812
0.017592,3.9752812
0.017594,3.9752812
0.017596,3.9752812
0.017598,3.9752812
0.0176,3.9752812
0.017602,3.9752812
0.017604,3.9752812
0.017606,3.9752812
0.017608,3.9752812
0.01761,3.9752812
0.017611999,3.9752812
0.017614,3.9752812
0.017616,3.9752812
0.017618,3.9752812
0.01762,3.9752812
0.017622,3.9752812
0.017624,3.9752812
0.017626,3.9752812
0.017628,3.9752812
0.01763,3.9752812
0.017632,3.9752812
0.017634,3.9752812
0.017636,3.9752812
0.017638,3.9752812
0.01764,3.9752812
0.017642,3.9752812
0.017644,3.9752812
0.017646,3.9752812
0.017648,3.9752812
0.01765,3.9752812
0.017652,3.9752812
0.017654,3.9752812
0.017656,3.9752812
0.017658,3.9752812
0.01766,3.9752812
0.017662,3.9752812
0.017664,3.9752812
0.017666,3.9752812
0.017668,3.9752812
0.01767,3.9752812
0.017672,3.9752812
0.017674,3.9752812
0.017676,3.9752812
0.017678,3.9752812
0.01768,3.9752812
0.017682,3.9752812
0.017684,3.9752812
0.017686,3.9752812
0.017688,3.9752812
0.01769,3.9752812
0.017692,3.9752812
0.017694,3.9752812
0.017696,3.9752812
0.017698,3.9752812
0.0177,3.9752812
0.017702,3.9752812
0.017704,3.9752812
0.017706,3.9752812
0.017708,3.9752812
0.01771,3.9752812
0.017712,3.9752812
0.017714,3.9752812
0.017716,3.9752812
0.017718,3.9752812
0.01772,3.9752812
0.017722,3.9752812
0.017724,3.9752812
0.017726,3.9752812
0.017728,3.9752812
0.01773,3.9752812
0.017732,3.9752812
0.017734,3.9752812
0.017736,3.9752812
0.017738,3.9752812
0.01774,3.9752812
0.017742,3.9752812
0.017744,3.9752812
0.017746,3.9752812
0.017748,3.9752812
0.01775,3.9752812
0.017752,3.9752812
0.017754,3.9752812
0.017756,3.9752812
0.017758,3.9752812
0.01776,3.9752812
0.017762,3.9752812
0.017764,3.9752812
0.017766,3.9752812
0.017768,3.9752812
0.01777,3.9752812
0.017772,3.9752812
0.017774,3.9752812
0.017776,3.9752812
0.017778,3.9752812
0.01778,3.9752812
0.017782,3.9752812
0.017784,3.9752812
0.017786,3.9752812
0.017788,3.9752812
0.01779,3.9752812
0.017792,3.9752812
0.017794,3.9752812
0.017796,3.9752812
0.017798,3.9752812
0.0178,3.9752812
0.017802,3.9752812
0.017804,3.9752812
0.017806,3.9752812
0.017808,3.9752812
0.01781,3.9752812
0.017812,3.9752812
0.017814,3.9752812
0.017816,3.9752812
0.017818,3.9752812
0.01782,3.9752812
0.017822,3.9752812
0.017824,3.9752812
0.017826,3.9752812
0.017828,3.9752812
0.01783,3.9752812
0.017832,3.9752812
0.017834,3.9752812
0.017836,3.9752812
0.017838,3.9752812
0.01784,3.9752812
0.017842,3.9752812
0.017844,3.9752812
0.017846,3.9752812
0.017848,3.9752812
0.01785,3.9752812
0.017851999,3.9752812
0.017854,3.9752812
0.017856,3.9752812
0.017858,3.9752812
0.01786,3.9752812
0.017862,3.9752812
0.017864,3.9752812
0.017866,3.9752812
0.017868,3.9752812
0.01787,3.9752812
0.017872,3.9752812
0.017874,3.9752812
0.017876,3.9752812
0.017878,3.9752812
0.01788,3.9752812
0.017882,3.9752812
0.017884,3.9752812
0.017886,3.9752812
0.017888,3.9752812
0.01789,3.9752812
0.017892,3.9752812
0.017894,3.9752812
0.017896,3.9752812
0.017898,3.9752812
0.0179,3.9752812
0.017902,3.9752812
0.017904,3.9752812
0.017906,3.9752812
0.017908,3.9752812
0.01791,3.9752812
0.017912,3.9752812
0.017913999,3.9752812
0.017916,3.9752812
0.017918,3.9752812
0.01792,3.9752812
0.017922,3.9752812
0.017924,3.9752812
0.017926,3.9752812
0.017928,3.9752812
0.01793,3.9752812
0.017932,3.9752812
0.017934,3.9752812
0.017936,3.9752812
0.017938,3.9752812
0.01794,3.9752812
0.017942,3.9752812
0.017944,3.9752812
0.017946,3.9752812
0.017948,3.9752812
0.01795,3.9752812
0.017952,3.9752812
0.017954,3.9752812
0.017956,3.9752812
0.017958,3.9752812
0.01796,3.9752812
0.017962,3.9752812
0.017964,3.9752812
0.017966,3.9752812
0.017968,3.9752812
0.01797,3.9752812
0.017972,3.9752812
0.017974,3.9752812
0.017975999,3.9752812
0.017978,3.9752812
0.01798,3.9752812
0.017982,3.9752812
0.017984,3.9752812
0.017986,3.9752812
0.017988,3.9752812
0.01799,3.9752812
0.017992,3.9752812
0.017994,3.9752812
0.017996,3.9752812
0.017998,3.9752812
0.018,3.9752812
0.018002,3.9752812
0.018004,3.9752812
0.018006,3.9752812
0.018008,3.9752812
0.01801,3.9752812
0.018012,3.9752812
0.018014,3.9752812
0.018016,3.9752812
0.018018,3.9752812
0.01802,3.9752812
0.018022,3.9752812
0.018024,3.9752812
0.018026,3.9752812
0.018028,3.9752812
0.01803,3.9752812
0.018032,3.9752812
0.018034,3.9752812
0.018036,3.9752812
0.018037999,3.9752812
0.01804,3.9752812
0.018042,3.9752812
0.018044,3.9752812
0.018046,3.9752812
0.018048,3.9752812
0.01805,3.9752812
0.018052,3.9752812
0.018054,3.9752812
0.018056,3.9752812
0.018058,3.9752812
0.01806,3.9752812
0.018062,3.9752812
0.018064,3.9752812
0.018066,3.9752812
0.018068,3.9752812
0.01807,3.9752812
0.018072,3.9752812
0.018074,3.9752812
0.018076,3.9752812
0.018078,3.9752812
0.01808,3.9752812
0.018082,3.9752812
0.018084,3.9752812
0.018086,3.9752812
0.018088,3.9752812
0.01809,3.9752812
0.018092,3.9752812
0.018094,3.9752812
0.018096,3.9752812
0.018098,3.9752812
0.018099999,3.9752812
0.018102,3.9752812
0.018104,3.9752812
0.018106,3.9752812
0.018108,3.9752812
0.01811,3.9752812
0.018112,3.9752812
0.018114,3.8365874
0.018116,2.727035
0.018118,2.727035
0.01812,2.727035
0.018122,2.727035
0.018124,2.727035
0.018126,2.727035
0.018128,2.727035
0.01813,2.727035
0.018132,2.6808028
0.018134,2.6808028
0.018136,2.6808028
0.018138,2.6808028
0.01814,2.6808028
0.018142,2.6808028
0.018144,2.6808028
0.018146,2.6808028
0.018148,2.6808028
0.01815,2.6808028
0.018152,2.6808028
0.018154,2.6808028
0.018156,2.6808028
0.018158,2.6808028
0.01816,2.6808028
0.018161999,2.6808028
0.018164,2.6808028
0.018166,2.6808028
0.018168,2.6808028
0.01817,2.6808028
0.018172,2.6808028
0.018174,2.6808028
0.018176,2.6808028
0.018178,2.6808028
0.01818,2.6808028
0.018182,2.6808028
0.018184,2.6808028
0.018186,2.6808028
0.018188,2.6808028
0.01819,2.6808028
0.018192,2.6808028
0.018194,2.6808028
0.018196,2.6808028
0.018198,2.6808028
0.0182,2.6808028
0.018202,2.6808028
0.018204,2.6808028
0.018206,2.6808028
0.018208,2.6808028
0.01821,2.6808028
0.018212,2.6808028
0.018214,2.6808028
0.018216,2.6808028
0.018218,2.6808028
0.01822,2.6808028
0.018222,2.6808028
0.018223999,2.6808028
0.018226,2.6808028
0.018228,2.6808028
0.01823,2.6808028
0.018232,2.6808028
0.018234,2.6808028
0.018236,2.6808028
0.018238,2.6808028
0.01824,2.6808028
0.018242,2.6808028
0.018244,2.6808028
0.018246,2.6808028
0.018248,2.6808028
0.01825,2.6808028
0.018252,2.6808028
0.018254,2.6808028
0.018256,2.6808028
0.018258,2.6808028
0.01826,2.6808028
0.018262,2.6808028
0.018264,2.6808028
0.018266,2.6808028
0.018268,2.6808028
0.01827,2.6808028
0.018272,2.6808028
0.018274,2.6808028
0.018276,2.6808028
0.018278,2.6808028
0.01828,2.6808028
0.018282,2.6808028
0.018284,2.6808028
0.018286,2.6808028
0.018288,2.6808028
0.01829,2.6808028
0.018292,2.6808028
0.018294,2.6808028
0.018296,2.6808028
0.018298,2.6808028
0.0183,2.6808028
0.018302,2.6808028
0.018304,2.6808028
0.018306,2.6808028
0.018308,2.6808028
0.01831,2.6808028
0.018312,2.6808028
0.018314,2.6808028
0.018316,2.6808028
0.018318,2.6808028
0.01832,2.6808028
0.018322,2.6808028
0.018324,2.6808028
0.018326,2.6808028
0.018328,2.6808028
0.01833,2.6808028
0.018332,2.6808028
0.018334,2.6808028
0.018336,2.6808028
0.018338,2.6808028
0.01834,2.6808028
0.018342,2.6808028
0.018344,2.6808028
0.018346,2.6808028
0.018348,2.6808028
0.01835,2.6808028
0.018352,2.6808028
0.018354,2.6808028
0.018356,2.6808028
0.018358,2.6808028
0.01836,2.6808028
0.018362,2.6808028
0.018364,2.6808028
0.018366,2.6808028
0.018368,2.6808028
0.01837,2.6808028
0.018372,2.6808028
0.018374,2.6808028
0.018376,2.6808028
0.018378,2.6808028
0.01838,2.6808028
0.018382,2.6808028
0.018384,2.6808028
0.018386,2.6808028
0.018388,2.6808028
0.01839,2.6808028
0.018392,2.6808028
0.018394,2.6808028
0.018396,2.6808028
0.018398,2.6808028
0.0184,2.6808028
0.018401999,2.6808028
0.018404,2.6808028
0.018406,2.6808028
0.018408,2.6808028
0.01841,2.6808028
0.018412,2.6808028
0.018414,2.6808028
0.018416,2.6808028
0.018418,2.6808028
0.01842,2.6808028
0.018422,2.6808028
0.018424,2.6808028
0.018426,2.6808028
0.018428,2.6808028
0.01843,2.6808028
0.018432,2.6808028
0.018434,2.6808028
0.018436,2.6808028
0.018438,2.6808028
0.01844,2.6808028
0.018442,1.4787879
0.018444,1.4325566
0.018446,1.4325566
0.018448,1.4325566
0.01845,1.4325566
0.018452,1.4325566
0.018454,1.4325566
0.018456,1.4325566
0.018458,1.4325566
0.01846,1.4325566
0.018462,1.4325566
0.018463999,1.4325566
0.018466,1.4325566
0.018468,1.4325566
0.01847,1.4325566
0.018472,1.4325566
0.018474,1.4325566
0.018476,1.4325566
0.018478,1.3863249
0.01848,1.4325566
0.018482,1.3863249
0.018484,1.3863249
0.018486,1.3863249
0.018488,1.3863249
0.01849,1.3863249
0.018492,1.3863249
0.018494,1.3863249
0.018496,1.3863249
0.018498,1.3863249
0.0185,1.3863249
0.018502,1.3863249
0.018504,1.3863249
0.018506,1.3863249
0.018508,1.3863249
0.01851,1.3863249
0.018512,1.3863249
0.018514,1.3863249
0.018516,1.3863249
0.018518,1.3863249
0.01852,1.3863249
0.018522,1.3863249
0.018524,1.3863249
0.018525999,1.3863249
0.018528,1.3863249
0.01853,1.3863249
0.018532,1.3863249
0.018534,1.3863249
0.018536,1.3863249
0.018538,1.3863249
0.01854,1.3863249
0.018542,1.3863249
0.018544,1.3863249
0.018546,1.3863249
0.018548,1.3863249
0.01855,1.3863249
0.018552,1.3863249
0.018554,1.3863249
0.018556,1.3863249
0.018558,1.3863249
0.01856,1.3863249
0.018562,1.3863249
0.018564,1.3863249
0.018566,1.3863249
0.018568,1.3863249
0.01857,1.3863249
0.018572,1.3863249
0.018574,1.3863249
0.018576,1.3863249
0.018578,1.3863249
0.01858,1.3863249
0.018582,1.3863249
0.018584,1.3863249
0.018586,1.3863249
0.018587999,1.3863249
0.01859,1.3863249
0.018592,1.3863249
0.018594,1.3863249
0.018596,1.3863249
0.018598,1.3863249
0.0186,1.3863249
0.018602,1.3863249
0.018604,1.3863249
0.018606,1.3863249
0.018608,1.3863249
0.01861,1.3863249
0.018612,1.3863249
0.018614,1.3863249
0.018616,1.3863249
0.018618,1.3863249
0.01862,1.3863249
0.018622,1.3863249
0.018624,1.3863249
0.018626,1.3863249
0.018628,1.3863249
0.01863,1.3863249
0.018632,1.3863249
0.018634,1.3863249
0.018636,1.3863249
0.018638,1.3863249
0.01864,1.3863249
0.018642,1.3863249
0.018644,1.3863249
0.018646,1.3863249
0.018648,1.3863249
0.018649999,1.3863249
0.018652,1.3863249
0.018654,1.3863249
0.018656,1.3863249
0.018658,1.3863249
0.01866,1.3863249
0.018662,1.3863249
0.018664,1.3863249
0.018666,1.3863249
0.018668,1.3863249
0.01867,1.3863249
0.018672,1.3863249
0.018674,1.3863249
0.018676,1.3863249
0.018678,1.3863249
0.01868,1.3863249
0.018682,1.3863249
0.018684,1.3863249
0.018686,1.3863249
0.018688,1.3863249
0.01869,1.3863249
0.018692,1.3863249
0.018694,1.3863249
0.018696,1.3863249
0.018698,1.3863249
0.0187,1.3863249
0.018702,1.3863249
0.018704,1.3863249
0.018706,1.3863249
0.018708,1.3863249
0.01871,1.3863249
0.018711999,1.3863249
0.018714,1.3863249
0.018716,1.3863249
0.018718,1.3863249
0.01872,1.3863249
0.018722,1.3863249
0.018724,1.3863249
0.018726,1.3863249
0.018728,1.3863249
0.01873,1.3863249
0.018732,1.3863249
0.018734,1.3863249
0.018736,1.3863249
0.018738,1.3863249
0.01874,1.3863249
0.018742,1.3863249
0.018744,1.3863249
0.018746,1.3863249
0.018748,1.3863249
0.01875,1.3863249
0.018752,1.3863249
0.018754,1.3863249
0.018756,1.3863249
0.018758,1.3863249
0.01876,1.3863249
0.018762,1.3863249
0.018764,1.3863249
0.018766,1.3863249
0.018768,1.3863249
0.01877,1.3863249
0.018772,1.3863249
0.018773999,1.3863249
0.018776,1.3863249
0.018778,1.3863249
0.01878,1.3863249
0.018782,1.3863249
0.018784,1.3863249
0.018786,1.3863249
0.018788,1.3863249
0.01879,1.3863249
0.018792,1.3863249
0.018794,1.3863249
0.018796,1.3863249
0.018798,1.3863249
0.0188,1.3863249
0.018802,1.3863249
0.018804,1.3863249
0.018806,1.3863249
0.018808,1.3863249
0.01881,1.3863249
0.018812,1.3863249
0.018814,1.3863249
0.018816,1.3863249
0.018818,1.3863249
0.01882,1.3863249
0.018822,0.87777996
0.018824,0.13807821
0.018826,0.13807821
0.018828,0.13807821
0.01883,0.13807821
0.018832,0.13807821
0.018834,0.13807821
0.018836,0.13807821
0.018838,0.13807821
0.01884,0.13807821
0.018842,0.13807821
0.018844,0.13807821
0.018846,0.13807821
0.018848,0.091846466
0.01885,0.091846466
0.018852,0.091846466
0.018854,0.091846466
0.018856,0.091846466
0.018858,0.091846466
0.01886,0.091846466
0.018862,0.091846466
0.018864,0.091846466
0.018866,0.091846466
0.018868,0.091846466
0.01887,0.091846466
0.018872,0.091846466
0.018874,0.091846466
0.018876,0.091846466
0.018878,0.091846466
0.01888,0.091846466
0.018882,0.091846466
0.018884,0.091846466
0.018886,0.091846466
0.018888,0.091846466
0.01889,0.091846466
0.018892,0.091846466
0.018894,0.091846466
0.018896,0.091846466
0.018898,0.091846466
0.0189,0.091846466
0.018902,0.091846466
0.018904,0.091846466
0.018906,0.091846466
0.018908,0.091846466
0.01891,0.091846466
0.018912,0.091846466
0.018914,0.091846466
0.018916,0.091846466
0.018918,0.091846466
0.01892,0.091846466
0.018922,0.091846466
0.018924,0.091846466
0.018926,0.091846466
0.018928,0.091846466
0.01893,0.091846466
0.018932,0.091846466
0.018934,0.091846466
0.018936,0.091846466
0.018938,0.091846466
0.01894,0.091846466
0.018942,0.091846466
0.018944,0.091846466
0.018946,0.091846466
0.018948,0.091846466
0.01895,0.091846466
0.018951999,0.091846466
0.018954,0.091846466
0.018956,0.091846466
0.018958,0.091846466
0.01896,0.091846466
0.018962,0.091846466
0.018964,0.091846466
0.018966,0.091846466
0.018968,0.091846466
0.01897,0.091846466
0.018972,0.091846466
0.018974,0.091846466
0.018976,0.091846466
0.018978,0.091846466
0.01898,0.091846466
0.018982,0.091846466
0.018984,0.091846466
0.018986,0.091846466
0.018988,0.091846466
0.01899,0.091846466
0.018992,0.091846466
0.018994,0.091846466
0.018996,0.091846466
0.018998,0.091846466
0.019,0.091846466
0.019002,0.091846466
0.019004,0.091846466
0.019006,0.091846466
0.019008,0.091846466
0.01901,0.091846466
0.019012,0.091846466
0.019013999,0.091846466
0.019016,0.091846466
0.019018,0.091846466
0.01902,0.091846466
0.019022,0.091846466
0.019024,0.091846466
0.019026,0.091846466
0.019028,0.091846466
0.01903,0.091846466
0.019032,0.091846466
0.019034,0.091846466
0.019036,0.091846466
0.019038,0.091846466
0.01904,0.091846466
0.019042,0.091846466
0.019044,0.091846466
0.019046,0.091846466
0.019048,0.091846466
0.01905,0.091846466
0.019052,0.091846466
0.019054,0.091846466
0.019056,0.091846466
0.019058,0.091846466
0.01906,0.091846466
0.019062,0.091846466
0.019064,0.091846466
0.019066,0.091846466
0.019068,0.091846466
0.01907,0.091846466
0.019072,0.091846466
0.019074,0.091846466
0.019075999,0.091846466
0.019078,0.091846466
0.01908,0.091846466
0.019082,0.091846466
0.019084,0.091846466
0.019086,0.091846466
0.019088,0.091846466
0.01909,0.091846466
0.019092,0.091846466
0.019094,0.091846466
0.019096,0.091846466
0.019098,0.091846466
0.0191,0.091846466
0.019102,0.091846466
0.019104,0.091846466
0.019106,0.091846466
0.019108,0.091846466
0.01911,0.091846466
0.019112,0.091846466
0.019114,0.091846466
0.019116,0.091846466
0.019118,0.091846466
0.01912,0.091846466
0.019122,0.091846466
0.019124,0.091846466
0.019126,0.091846466
0.019128,0.091846466
0.01913,0.091846466
0.019132,0.091846466
0.019134,0.091846466
0.019136,0.091846466
0.019137999,0.091846466
0.01914,0.091846466
0.019142,0.091846466
0.019144,0.091846466
0.019146,0.091846466
0.019148,0.091846466
0.01915,0.091846466
0.019152,0.091846466
0.019154,0.091846466
0.019156,0.091846466
0.019158,0.091846466
0.01916,0.091846466
0.019162,0.091846466
0.019164,0.091846466
0.019166,0.091846466
0.019168,0.091846466
0.01917,0.091846466
0.019172,0.091846466
0.019174,0.091846466
0.019176,0.091846466
0.019178,0.091846466
0.01918,0.091846466
0.019182,0.091846466
0.019184,0.091846466
0.019186,0.091846466
0.019188,0.091846466
0.01919,0.091846466
0.019192,0.091846466
0.019194,0.091846466
0.019196,0.091846466
0.019198,0.091846466
0.019199999,0.091846466
0.019202,0.091846466
0.019204,0.091846466
0.019206,0.091846466
0.019208,0.091846466
0.01921,0.091846466
0.019212,0.091846466
0.019214,0.091846466
0.019216,0.091846466
0.019218,0.091846466
0.01922,0.091846466
0.019222,0.091846466
0.019224,0.091846466
0.019226,0.091846466
0.019228,0.091846466
0.01923,0.091846466
0.019232,0.091846466
0.019234,0.091846466
0.019236,0.091846466
0.019238,0.091846466
0.01924,0.091846466
0.019242,0.091846466
0.019244,0.091846466
0.019246,0.091846466
0.019248,0.091846466
0.01925,0.091846466
0.019252,0.091846466
0.019254,0.091846466
0.019256,0.091846466
0.019258,0.091846466
0.01926,0.091846466
0.019261999,0.091846466
0.019264,0.091846466
0.019266,0.091846466
0.019268,0.091846466
0.01927,0.091846466
0.019272,0.091846466
0.019274,0.091846466
0.019276,0.091846466
0.019278,0.091846466
0.01928,0.091846466
0.019282,0.091846466
0.019284,0.091846466
0.019286,0.091846466
0.019288,0.091846466
0.01929,0.091846466
0.019292,0.091846466
0.019294,0.091846466
0.019296,0.091846466
0.019298,0.091846466
0.0193,0.091846466
0.019302,0.091846466
0.019304,0.091846466
0.019306,0.091846466
0.019308,0.091846466
0.01931,0.091846466
0.019312,0.091846466
0.019314,0.091846466
0.019316,0.091846466
0.019318,0.091846466
0.01932,0.091846466
0.019322,0.091846466
0.019323999,0.091846466
0.019326,0.091846466
0.019328,0.091846466
0.01933,0.091846466
0.019332,0.091846466
0.019334,0.091846466
0.019336,0.091846466
0.019338,0.091846466
0.01934,0.091846466
0.019342,0.091846466
0.019344,0.091846466
0.019346,0.091846466
0.019348,0.091846466
0.01935,0.091846466
0.019352,0.091846466
0.019354,0.091846466
0.019356,0.091846466
0.019358,0.091846466
0.01936,0.091846466
0.019362,0.091846466
0.019364,0.091846466
0.019366,0.091846466
0.019368,0.091846466
0.01937,0.091846466
0.019372,0.091846466
0.019374,0.091846466
0.019376,0.091846466
0.019378,0.091846466
0.01938,0.091846466
0.019382,0.091846466
0.019384,0.091846466
0.019385999,0.091846466
0.019388,0.091846466
0.01939,0.091846466
0.019392,0.091846466
0.019394,0.091846466
0.019396,0.091846466
0.019398,0.091846466
0.0194,0.091846466
0.019402,0.091846466
0.019404,0.091846466
0.019406,0.091846466
0.019408,0.091846466
0.01941,0.091846466
0.019412,0.091846466
0.019414,0.091846466
0.019416,0.091846466
0.019418,0.091846466
0.01942,0.091846466
0.019422,0.091846466
0.019424,0.091846466
0.019426,0.091846466
0.019428,0.091846466
0.01943,0.091846466
0.019432,0.091846466
0.019434,0.091846466
0.019436,0.091846466
0.019438,0.091846466
0.01944,0.091846466
0.019442,0.091846466
0.019444,0.091846466
0.019446,0.091846466
0.019448,0.091846466
0.01945,0.091846466
0.019452,0.091846466
0.019454,0.091846466
0.019456,0.091846466
0.019458,0.091846466
0.01946,0.091846466
0.019462,0.091846466
0.019464,0.091846466
0.019466,0.091846466
0.019468,0.091846466
0.01947,0.091846466
0.019472,0.091846466
0.019474,0.091846466
0.019476,0.091846466
0.019478,0.091846466
0.01948,0.091846466
0.019482,0.091846466
0.019484,0.091846466
0.019486,0.091846466
0.019488,0.091846466
0.01949,0.091846466
0.019492,0.091846466
0.019494,0.091846466
0.019496,0.091846466
0.019498,0.091846466
0.0195,0.091846466
0.019501999,0.091846466
0.019504,0.091846466
0.019506,0.091846466
0.019508,0.091846466
0.01951,0.091846466
0.019512,0.091846466
0.019514,0.091846466
0.019516,0.091846466
0.019518,0.091846466
0.01952,0.091846466
0.019522,0.091846466
0.019524,0.091846466
0.019526,0.091846466
0.019528,0.091846466
0.01953,0.091846466
0.019532,0.091846466
0.019534,0.091846466
0.019536,0.091846466
0.019538,0.091846466
0.01954,0.091846466
0.019542,0.091846466
0.019544,0.091846466
0.019546,0.091846466
0.019548,0.091846466
0.01955,0.091846466
0.019552,0.091846466
0.019554,0.091846466
0.019556,0.091846466
0.019558,0.091846466
0.01956,0.091846466
0.019562,0.091846466
0.019563999,0.091846466
0.019566,0.091846466
0.019568,0.091846466
0.01957,0.091846466
0.019572,0.091846466
0.019574,0.091846466
0.019576,0.091846466
0.019578,0.091846466
0.01958,0.091846466
0.019582,0.091846466
0.019584,0.091846466
0.019586,0.091846466
0.019588,0.091846466
0.01959,0.091846466
0.019592,0.091846466
0.019594,0.091846466
0.019596,0.091846466
0.019598,0.091846466
0.0196,0.091846466
0.019602,0.091846466
0.019604,0.091846466
0.019606,0.091846466
0.019608,0.091846466
0.01961,0.091846466
0.019612,0.091846466
0.019614,0.091846466
0.019616,0.091846466
0.019618,0.091846466
0.01962,0.091846466
0.019622,0.091846466
0.019624,0.091846466
0.019625999,0.091846466
0.019628,0.091846466
0.01963,0.091846466
0.019632,0.091846466
0.019634,0.091846466
0.019636,0.091846466
0.019638,0.23054075
0.01964,1.3400936
0.019642,1.3400936
0.019644,1.3863249
0.019646,1.3863249
0.019648,1.3863249
0.01965,1.3863249
0.019652,1.3863249
0.019654,1.3863249
0.019656,1.3863249
0.019658,1.3863249
0.01966,1.3863249
0.019662,1.3863249
0.019664,1.3863249
0.019666,1.3863249
0.019668,1.3863249
0.01967,1.3863249
0.019672,1.3863249
0.019674,1.3863249
0.019676,1.3863249
0.019678,1.3863249
0.01968,1.3863249
0.019682,1.3863249
0.019684,1.3863249
0.019686,1.3863249
0.019687999,1.3863249
0.01969,1.3863249
0.019692,1.3863249
0.019694,1.3863249
0.019696,1.3863249
0.019698,1.3863249
0.0197,1.3863249
0.019702,1.3863249
0.019704,1.3863249
0.019706,1.3863249
0.019708,1.3863249
0.01971,1.3863249
0.019712,1.3863249
0.019714,1.3863249
0.019716,1.3863249
0.019718,1.3863249
0.01972,1.3863249
0.019722,1.3863249
0.019724,1.3863249
0.019726,1.3863249
0.019728,1.3863249
0.01973,1.3863249
0.019732,1.3863249
0.019734,1.3863249
0.019736,1.3863249
0.019738,1.3863249
0.01974,1.3863249
0.019742,1.3863249
0.019744,1.3863249
0.019746,1.3863249
0.019748,1.3863249
0.019749999,1.3863249
0.019752,1.3863249
0.019754,1.3863249
0.019756,1.3863249
0.019758,1.3863249
0.01976,1.3863249
0.019762,1.3863249
0.019764,1.3863249
0.019766,1.3863249
0.019768,1.3863249
0.01977,1.3863249
0.019772,1.3863249
0.019774,1.3863249
0.019776,1.3863249
0.019778,1.3863249
0.01978,1.3863249
0.019782,1.3863249
0.019784,1.3863249
0.019786,1.3863249
0.019788,1.3863249
0.01979,1.3863249
0.019792,1.3863249
0.019794,1.3863249
0.019796,1.3863249
0.019798,1.3863249
0.0198,1.3863249
0.019802,1.3863249
0.019804,1.3863249
0.019806,1.3863249
0.019808,1.3863249
0.01981,1.3863249
0.019811999,1.3863249
0.019814,1.3863249
0.019816,1.3863249
0.019818,1.3863249
0.01982,1.3863249
0.019822,1.3863249
0.019824,1.3863249
0.019826,1.3863249
0.019828,1.3863249
0.01983,1.3863249
0.019832,1.3863249
0.019834,1.3863249
0.019836,1.3863249
0.019838,1.3863249
0.01984,1.3863249
0.019842,1.3863249
0.019844,1.3863249
0.019846,1.3863249
0.019848,1.3863249
0.01985,1.3863249
0.019852,1.3863249
0.019854,1.3863249
0.019856,1.3863249
0.019858,1.3863249
0.01986,1.3863249
0.019862,1.3863249
0.019864,1.3863249
0.019866,1.3863249
0.019868,1.3863249
0.01987,1.3863249
0.019872,1.3863249
0.019873999,1.3863249
0.019876,1.3863249
0.019878,1.3863249
0.01988,1.3863249
0.019882,1.3863249
0.019884,1.3863249
0.019886,1.3863249
0.019888,1.3863249
0.01989,1.3863249
0.019892,1.3863249
0.019894,1.3863249
0.019896,1.3863249
0.019898,1.3863249
0.0199,1.3863249
0.019902,1.3863249
0.019904,1.3863249
0.019906,1.3863249
0.019908,1.3863249
0.01991,1.3863249
0.019912,1.3863249
0.019914,1.3863249
0.019916,1.3863249
0.019918,1.3863249
0.01992,1.3863249
0.019922,1.3863249
0.019924,1.3863249
0.019926,1.3863249
0.019928,1.3863249
0.01993,1.3863249
0.019932,1.3863249
0.019934,1.3863249
0.019935999,1.3863249
0.019938,1.3863249
0.01994,1.3863249
0.019942,1.3863249
0.019944,1.3863249
0.019946,1.3863249
0.019948,1.3863249
0.01995,1.3863249
0.019952,1.3863249
0.019954,1.3863249
0.019956,1.3863249
0.019958,1.3863249
0.01996,1.3863249
0.019962,1.3863249
0.019964,1.3863249
0.019966,1.3863249
0.019968,1.3863249
0.01997,1.3863249
0.019972,1.3863249
0.019974,1.3863249
0.019976,1.3863249
0.019978,1.3863249
0.01998,1.3863249
0.019982,1.3863249
0.019984,1.3863249
0.019986,1.3863249
0.019988,1.3863249
0.01999,1.3863249
0.019992,1.9411016
0.019994,2.5883412
0.019996,2.6345725
0.019998,2.6345725
0.02,2.6345725
0.020002,2.6345725
0.020004,2.6345725
0.020006,2.6345725
0.020008,2.6345725
0.02001,2.6808028
0.020012,2.6808028
0.020014,2.6808028
0.020016,2.6808028
0.020018,2.6808028
0.02002,2.6808028
0.020022,2.6808028
0.020024,2.6808028
0.020026,2.6808028
0.020028,2.6808028
0.02003,2.6808028
0.020032,2.6808028
0.020034,2.6808028
0.020036,2.6808028
0.020038,2.6808028
0.02004,2.6808028
0.020042,2.6808028
0.020044,2.6808028
0.020046,2.6808028
0.020048,2.6808028
0.02005,2.6808028
0.020052,2.6808028
0.020054,2.6808028
0.020056,2.6808028
0.020058,2.6808028
0.02006,2.6808028
0.020062,2.6808028
0.020064,2.6808028
0.020066,2.6808028
0.020068,2.6808028
0.02007,2.6808028
0.020072,2.6808028
0.020074,2.6808028
0.020076,2.6808028
0.020078,2.6808028
0.02008,2.6808028
0.020082,2.6808028
0.020084,2.6808028
0.020086,2.6808028
0.020088,2.6808028
0.02009,2.6808028
0.020092,2.6808028
0.020094,2.6808028
0.020096,2.6808028
0.020098,2.6808028
0.0201,2.6808028
0.020102,2.6808028
0.020104,2.6808028
0.020106,2.6808028
0.020108,2.6808028
0.02011,2.6808028
0.020112,2.6808028
0.020113999,2.6808028
0.020116,2.6808028
0.020118,2.6808028
0.02012,2.6808028
0.020122,2.6808028
0.020124,2.6808028
0.020126,2.6808028
0.020128,2.6808028
0.02013,2.6808028
0.020132,2.6808028
0.020134,2.6808028
0.020136,2.6808028
0.020138,2.6808028
0.02014,2.6808028
0.020142,2.6808028
0.020144,2.6808028
0.020146,2.6808028
0.020148,2.6808028
0.02015,2.6808028
0.020152,2.6808028
0.020154,2.6808028
0.020156,2.6808028
0.020158,2.6808028
0.02016,2.6808028
0.020162,2.6808028
0.020164,2.6808028
0.020166,2.6808028
0.020168,2.6808028
0.02017,2.6808028
0.020172,2.6808028
0.020174,2.6808028
0.020175999,2.6808028
0.020178,2.6808028
0.02018,2.6808028
0.020182,2.6808028
0.020184,2.6808028
0.020186,2.6808028
0.020188,2.6808028
0.02019,2.6808028
0.020192,2.6808028
0.020194,2.6808028
0.020196,2.6808028
0.020198,2.6808028
0.0202,2.6808028
0.020202,2.6808028
0.020204,2.6808028
0.020206,2.6808028
0.020208,2.6808028
0.02021,2.6808028
0.020212,2.6808028
0.020214,2.6808028
0.020216,2.6808028
0.020218,2.6808028
0.02022,2.6808028
0.020222,2.6808028
0.020224,2.6808028
0.020226,2.6808028
0.020228,2.6808028
0.02023,2.6808028
0.020232,2.6808028
0.020234,2.6808028
0.020236,2.6808028
0.020237999,2.6808028
0.02024,2.6808028
0.020242,2.6808028
0.020244,2.6808028
0.020246,2.6808028
0.020248,2.6808028
0.02025,2.6808028
0.020252,2.6808028
0.020254,2.6808028
0.020256,2.6808028
0.020258,2.6808028
0.02026,2.6808028
0.020262,2.6808028
0.020264,2.6808028
0.020266,2.6808028
0.020268,2.6808028
0.02027,2.6808028
0.020272,2.6808028
0.020274,2.6808028
0.020276,2.6808028
0.020278,2.6808028
0.02028,2.6808028
0.020282,2.6808028
0.020284,2.6808028
0.020286,2.6808028
0.020288,2.6808028
0.02029,2.6808028
0.020292,2.6808028
0.020294,2.6808028
0.020296,2.6808028
0.020298,2.6808028
0.020299999,2.6808028
0.020302,2.6808028
0.020304,2.6808028
0.020306,2.6808028
0.020308,2.6808028
0.02031,2.6808028
0.020312,2.6808028
0.020314,2.6808028
0.020316,2.6808028
0.020318,2.6808028
0.02032,3.8828197
0.020322,3.92905
0.020324,3.92905
0.020326,3.92905
0.020328,3.9752812
0.02033,3.9752812
0.020332,3.9752812
0.020334,3.9752812
0.020336,3.9752812
0.020338,3.9752812
0.02034,3.9752812
0.020342,3.9752812
0.020344,3.9752812
0.020346,3.9752812
0.020348,3.9752812
0.02035,3.9752812
0.020352,3.9752812
0.020354,3.9752812
0.020356,3.9752812
0.020358,3.9752812
0.02036,3.9752812
0.020361999,3.9752812
0.020364,3.9752812
0.020366,3.9752812
0.020368,3.9752812
0.02037,3.9752812
0.020372,3.9752812
0.020374,3.9752812
0.020376,3.9752812
0.020378,3.9752812
0.02038,3.9752812
0.020382,3.9752812
0.020384,3.9752812
0.020386,3.9752812
0.020388,3.9752812
0.02039,3.9752812
0.020392,3.9752812
0.020394,3.9752812
0.020396,3.9752812
0.020398,3.9752812
0.0204,3.9752812
0.020402,3.9752812
0.020404,3.9752812
0.020406,3.9752812
0.020408,3.9752812
0.02041,3.9752812
0.020412,3.9752812
0.020414,3.9752812
0.020416,3.9752812
0.020418,3.9752812
0.02042,3.9752812
0.020422,3.9752812
0.020423999,3.9752812
0.020426,3.9752812
0.020428,3.9752812
0.02043,3.9752812
0.020432,3.9752812
0.020434,3.9752812
0.020436,3.9752812
0.020438,3.9752812
0.02044,3.9752812
0.020442,3.9752812
0.020444,3.9752812
0.020446,3.9752812
0.020448,3.9752812
0.02045,3.9752812
0.020452,3.9752812
0.020454,3.9752812
0.020456,3.9752812
0.020458,3.9752812
0.02046,3.9752812
0.020462,3.9752812
0.020464,3.9752812
0.020466,3.9752812
0.020468,3.9752812
0.02047,3.9752812
0.020472,3.9752812
0.020474,3.9752812
0.020476,3.9752812
0.020478,3.9752812
0.02048,3.9752812
0.020482,3.9752812
0.020484,3.9752812
0.020485999,3.9752812
0.020488,3.9752812
0.02049,3.9752812
0.020492,3.9752812
0.020494,3.9752812
0.020496,3.9752812
0.020498,3.9752812
0.0205,3.9752812
0.020502,3.9752812
0.020504,3.9752812
0.020506,3.9752812
0.020508,3.9752812
0.02051,3.9752812
0.020512,3.9752812
0.020514,3.9752812
0.020516,3.9752812
0.020518,3.9752812
0.02052,3.9752812
0.020522,3.9752812
0.020524,3.9752812
0.020526,3.9752812
0.020528,3.9752812
0.02053,3.9752812
0.020532,3.9752812
0.020534,3.9752812
0.020536,3.9752812
0.020538,3.9752812
0.02054,3.9752812
0.020542,3.9752812
0.020544,3.9752812
0.020546,3.9752812
0.020548,3.9752812
0.02055,3.9752812
0.020552,3.9752812
0.020554,3.9752812
0.020556,3.9752812
0.020558,3.9752812
0.02056,3.9752812
0.020562,3.9752812
0.020564,3.9752812
0.020566,3.9752812
0.020568,3.9752812
0.02057,3.9752812
0.020572,3.9752812
0.020574,3.9752812
0.020576,3.9752812
0.020578,3.9752812
0.02058,3.9752812
0.020582,3.9752812
0.020584,3.9752812
0.020586,3.9752812
0.020588,3.9752812
0.02059,3.9752812
0.020592,3.9752812
0.020594,3.9752812
0.020596,3.9752812
0.020598,3.9752812
0.0206,3.9752812
0.020602,3.9752812
0.020604,3.9752812
0.020606,3.9752812
0.020608,3.9752812
0.02061,3.9752812
0.020612,3.9752812
0.020614,3.9752812
0.020616,3.9752812
0.020618,3.9752812
0.02062,3.9752812
0.020622,3.9752812
0.020624,3.9752812
0.020626,3.9752812
0.020628,3.9752812
0.02063,3.9752812
0.020632,3.9752812
0.020634,3.9752812
0.020636,3.9752812
0.020638,3.9752812
0.02064,3.9752812
0.020642,3.9752812
0.020644,3.9752812
0.020646,3.9752812
0.020648,3.9752812
0.02065,3.9752812
0.020652,3.9752812
0.020654,3.9752812
0.020656,3.9752812
0.020658,3.9752812
0.02066,3.9752812
0.020662,3.9752812
0.020663999,3.9752812
0.020666,3.9752812
0.020668,3.9752812
0.02067,3.9752812
0.020672,3.9752812
0.020674,3.9752812
0.020676,3.9752812
0.020678,3.9752812
0.02068,3.9752812
0.020682,3.9752812
0.020684,3.9752812
0.020686,3.9752812
0.020688,3.9752812
0.02069,3.9752812
0.020692,3.9752812
0.020694,3.9752812
0.020696,3.9752812
0.020698,3.9752812
0.0207,3.9752812
0.020702,3.9752812
0.020704,3.9752812
0.020706,3.9752812
0.020708,3.9752812
0.02071,3.9752812
0.020712,3.9752812
0.020714,3.9752812
0.020716,3.9752812
0.020718,3.9752812
0.02072,3.9752812
0.020722,3.9752812
0.020724,3.9752812
0.020725999,3.9752812
0.020728,3.9752812
0.02073,3.9752812
0.020732,3.9752812
0.020734,3.9752812
0.020736,3.9752812
0.020738,3.9752812
0.02074,3.9752812
0.020742,3.9752812
0.020744,3.9752812
0.020746,3.9752812
0.020748,3.9752812
0.02075,3.9752812
0.020752,3.9752812
0.020754,3.9752812
0.020756,3.9752812
0.020758,3.9752812
0.02076,3.9752812
0.020762,3.9752812
0.020764,3.9752812
0.020766,3.9752812
0.020768,3.9752812
0.02077,3.9752812
0.020772,3.9752812
0.020774,3.9752812
0.020776,3.9752812
0.020778,3.9752812
0.02078,3.9752812
0.020782,3.9752812
0.020784,3.9752812
0.020786,3.9752812
0.020787999,3.9752812
0.02079,3.9752812
0.020792,3.9752812
0.020794,3.9752812
0.020796,3.9752812
0.020798,3.9752812
0.0208,3.9752812
0.020802,3.9752812
0.020804,3.9752812
0.020806,3.9752812
0.020808,3.9752812
0.02081,3.9752812
0.020812,3.9752812
0.020814,3.9752812
0.020816,3.9752812
0.020818,3.9752812
0.02082,3.9752812
0.020822,3.9752812
0.020824,3.9752812
0.020826,3.9752812
0.020828,3.9752812
0.02083,3.9752812
0.020832,3.9752812
0.020834,3.9752812
0.020836,3.9752812
0.020838,3.9752812
0.02084,3.9752812
0.020842,3.9752812
0.020844,3.9752812
0.020846,3.9752812
0.020848,3.9752812
0.020849999,3.9752812
0.020852,3.9752812
0.020854,3.9752812
0.020856,3.9752812
0.020858,3.9752812
0.02086,3.9752812
0.020862,3.9752812
0.020864,3.9752812
0.020866,3.9752812
0.020868,3.9752812
0.02087,3.9752812
0.020872,3.9752812
0.020874,3.9752812
0.020876,3.9752812
0.020878,3.9752812
0.02088,3.9752812
0.020882,3.9752812
0.020884,3.9752812
0.020886,3.9752812
0.020888,3.9752812
0.02089,3.9752812
0.020892,3.9752812
0.020894,3.9752812
0.020896,3.9752812
0.020898,3.9752812
0.0209,3.9752812
0.020902,3.9752812
0.020904,3.9752812
0.020906,3.9752812
0.020908,3.9752812
0.02091,3.9752812
0.020911999,3.9752812
0.020914,3.9752812
0.020916,3.9752812
0.020918,3.9752812
0.02092,3.9752812
0.020922,3.9752812
0.020924,3.9752812
0.020926,3.9752812
0.020928,3.9752812
0.02093,3.9752812
0.020932,3.9752812
0.020934,3.9752812
0.020936,3.9752812
0.020938,3.9752812
0.02094,3.9752812
0.020942,3.9752812
0.020944,3.9752812
0.020946,3.9752812
0.020948,3.9752812
0.02095,3.9752812
0.020952,3.9752812
0.020954,3.9752812
0.020956,3.9752812
0.020958,3.9752812
0.02096,3.9752812
0.020962,3.9752812
0.020964,3.9752812
0.020966,3.9752812
0.020968,3.9752812
0.02097,3.9752812
0.020972,3.9752812
0.020973999,3.9752812
0.020976,3.9752812
0.020978,3.9752812
0.02098,3.9752812
0.020982,3.9752812
0.020984,3.9752812
0.020986,3.9752812
0.020988,3.9752812
0.02099,3.9752812
0.020992,3.9752812
0.020994,3.9752812
0.020996,3.9752812
0.020998,3.9752812
0.021,3.9752812
0.021002,3.9752812
0.021004,3.9752812
0.021006,3.9752812
0.021008,3.9752812
0.02101,3.9752812
0.021012,3.9752812
0.021014,3.9752812
0.021016,3.9752812
0.021018,3.9752812
0.02102,3.9752812
0.021022,3.9752812
0.021024,3.9752812
0.021026,3.9752812
0.021028,3.9752812
0.02103,3.9752812
0.021032,3.9752812
0.021034,3.9752812
0.021035999,3.9752812
0.021038,3.9752812
0.02104,3.9752812
0.021042,3.9752812
0.021044,3.9752812
0.021046,3.9752812
0.021048,3.9752812
0.02105,3.9752812
0.021052,3.9752812
0.021054,3.9752812
0.021056,3.9752812
0.021058,3.9752812
0.02106,3.9752812
0.021062,3.9752812
0.021064,3.9752812
0.021066,3.9752812
0.021068,3.9752812
0.02107,3.9752812
0.021072,3.9752812
0.021074,3.9752812
0.021076,3.9752812
0.021078,3.9752812
0.02108,3.9752812
0.021082,3.9752812
0.021084,3.9752812
0.021086,3.9752812
0.021088,3.9752812
0.02109,3.9752812
0.021092,3.9752812
0.021094,3.9752812
0.021096,3.9752812
0.021097999,3.9752812
0.0211,3.9752812
0.021102,3.9752812
0.021104,3.9752812
0.021106,3.9752812
0.021108,3.9752812
0.02111,3.9752812
0.021112,3.9752812
0.021114,3.9752812
0.021116,3.9752812
0.021118,3.9752812
0.02112,3.9752812
0.021122,3.9752812
0.021124,3.9752812
0.021126,3.9752812
0.021128,3.9752812
0.02113,3.9752812
0.021132,3.9752812
0.021134,3.9752812
0.021136,3.9752812
0.021138,3.9752812
0.02114,3.9752812
0.021142,3.9752812
0.021144,3.9752812
0.021146,3.9752812
0.021148,3.9752812
0.02115,3.9752812
0.021152,3.9752812
0.021154,3.9752812
0.021156,3.9752812
0.021158,3.9752812
0.02116,3.9752812
0.021162,3.9752812
0.021164,3.9752812
0.021166,3.9752812
0.021168,3.9752812
0.02117,3.9752812
0.021172,3.9752812
0.021174,3.9752812
0.021176,3.9752812
0.021178,3.9752812
0.02118,3.9752812
0.021182,3.9752812
0.021184,3.9752812
0.021186,3.9752812
0.021188,3.9752812
0.02119,3.9752812
0.021192,3.9752812
0.021194,3.9752812
0.021196,3.9752812
0.021198,3.9752812
0.0212,3.9752812
0.021202,3.9752812
0.021204,3.9752812
0.021206,3.9752812
0.021208,3.9752812
0.02121,3.9752812
0.021212,3.9752812
0.021213999,3.9752812
0.021216,3.9752812
0.021218,3.9752812
0.02122,3.9752812
0.021222,3.9752812
0.021224,3.9752812
0.021226,3.9752812
0.021228,3.9752812
0.02123,3.9752812
0.021232,3.9752812
0.021234,3.9752812
0.021236,3.9752812
0.021238,3.9752812
0.02124,3.9752812
0.021242,3.9752812
0.021244,3.9752812
0.021246,3.9752812
0.021248,3.9752812
0.02125,3.9752812
0.021252,3.9752812
0.021254,3.9752812
0.021256,3.9752812
0.021258,3.9752812
0.02126,3.9752812
0.021262,3.9752812
0.021264,3.9752812
0.021266,3.9752812
0.021268,3.9752812
0.02127,3.9752812
0.021272,3.9752812
0.021274,3.9752812
0.021275999,3.9752812
0.021278,3.9752812
0.02128,3.9752812
0.021282,3.9752812
0.021284,3.9752812
0.021286,3.9752812
0.021288,3.9752812
0.02129,3.9752812
0.021292,3.9752812
0.021294,3.9752812
0.021296,3.9752812
0.021298,3.9752812
0.0213,3.9752812
0.021302,3.9752812
0.021304,3.9752812
0.021306,3.9752812
0.021308,3.9752812
0.02131,3.9752812
0.021312,3.9752812
0.021314,3.9752812
0.021316,3.9752812
0.021318,3.9752812
0.02132,3.9752812
0.021322,3.9752812
0.021324,3.9752812
0.021326,3.9752812
0.021328,3.9752812
0.02133,3.9752812
0.021332,3.9752812
0.021334,3.9752812
0.021336,3.9752812
0.021337999,3.9752812
0.02134,3.9752812
0.021342,3.9752812
0.021344,3.9752812
0.021346,3.9752812
0.021348,3.9752812
0.02135,3.9752812
0.021352,3.9752812
0.021354,3.9752812
0.021356,3.9752812
0.021358,3.9752812
0.02136,3.9752812
0.021362,3.9752812
0.021364,3.9752812
0.021366,3.9752812
0.021368,3.9752812
0.02137,3.9752812
0.021372,3.9752812
0.021374,3.9752812
0.021376,3.9752812
0.021378,3.9752812
0.02138,3.9752812
0.021382,3.9752812
0.021384,3.9752812
0.021386,3.9752812
0.021388,3.9752812
0.02139,3.9752812
0.021392,3.9752812
0.021394,3.9752812
0.021396,3.9752812
0.021398,3.9752812
0.021399999,3.9752812
0.021402,3.9752812
0.021404,3.9752812
0.021406,3.9752812
0.021408,3.9752812
0.02141,3.9752812
0.021412,3.9752812
0.021414,3.9752812
0.021416,3.9752812
0.021418,3.9752812
0.02142,3.9752812
0.021422,3.9752812
0.021424,3.9752812
0.021426,3.9752812
0.021428,3.9752812
0.02143,3.9752812
0.021432,3.9752812
0.021434,3.9752812
0.021436,3.9752812
0.021438,3.9752812
0.02144,3.9752812
0.021442,3.9752812
0.021444,3.9752812
0.021446,3.9752812
0.021448,3.9752812
0.02145,3.9752812
0.021452,3.9752812
0.021454,3.9752812
0.021456,3.9752812
0.021458,3.9752812
0.02146,3.9752812
0.021461999,2.9581914
0.021464,2.727035
0.021466,2.727035
0.021468,2.727035
0.02147,2.727035
0.021472,2.727035
0.021474,2.727035
0.021476,2.727035
0.021478,2.727035
0.02148,2.6808028
0.021482,2.727035
0.021484,2.6808028
0.021486,2.6808028
0.021488,2.6808028
0.02149,2.6808028
0.021492,2.6808028
0.021494,2.6808028
0.021496,2.6808028
0.021498,2.6808028
0.0215,2.6808028
0.021502,2.6808028
0.021504,2.6808028
0.021506,2.6808028
0.021508,2.6808028
0.02151,2.6808028
0.021512,2.6808028
0.021514,2.6808028
0.021516,2.6808028
0.021518,2.6808028
0.02152,2.6808028
0.021522,2.6808028
0.021523999,2.6808028
0.021526,2.6808028
0.021528,2.6808028
0.02153,2.6808028
0.021532,2.6808028
0.021534,2.6808028
0.021536,2.6808028
0.021538,2.6808028
0.02154,2.6808028
0.021542,2.6808028
0.021544,2.6808028
0.021546,2.6808028
0.021548,2.6808028
0.02155,2.6808028
0.021552,2.6808028
0.021554,2.6808028
0.021556,2.6808028
0.021558,2.6808028
0.02156,2.6808028
0.021562,2.6808028
0.021564,2.6808028
0.021566,2.6808028
0.021568,2.6808028
0.02157,2.6808028
0.021572,2.6808028
0.021574,2.6808028
0.021576,2.6808028
0.021578,2.6808028
0.02158,2.6808028
0.021582,2.6808028
0.021584,2.6808028
0.021585999,2.6808028
0.021588,2.6808028
0.02159,2.6808028
0.021592,2.6808028
0.021594,2.6808028
0.021596,2.6808028
0.021598,2.6808028
0.0216,2.6808028
0.021602,2.6808028
0.021604,2.6808028
0.021606,2.6808028
0.021608,2.6808028
0.02161,2.6808028
0.021612,2.6808028
0.021614,2.6808028
0.021616,2.6808028
0.021618,2.6808028
0.02162,2.6808028
0.021622,2.6808028
0.021624,2.6808028
0.021626,2.6808028
0.021628,2.6808028
0.02163,2.6808028
0.021632,2.6808028
0.021634,2.6808028
0.021636,2.6808028
0.021638,2.6808028
0.02164,2.6808028
0.021642,2.6808028
0.021644,2.6808028
0.021646,2.6808028
0.021647999,2.6808028
0.02165,2.6808028
0.021652,2.6808028
0.021654,2.6808028
0.021656,2.6808028
0.021658,2.6808028
0.02166,2.6808028
0.021662,2.6808028
0.021664,2.6808028
0.021666,2.6808028
0.021668,2.6808028
0.02167,2.6808028
0.021672,2.6808028
0.021674,2.6808028
0.021676,2.6808028
0.021678,2.6808028
0.02168,2.6808028
0.021682,2.6808028
0.021684,2.6808028
0.021686,2.6808028
0.021688,2.6808028
0.02169,2.6808028
0.021692,2.6808028
0.021694,2.6808028
0.021696,2.6808028
0.021698,2.6808028
0.0217,2.6808028
0.021702,2.6808028
0.021704,2.6808028
0.021706,2.6808028
0.021708,2.6808028
0.02171,2.6808028
0.021712,2.6808028
0.021714,2.6808028
0.021716,2.6808028
0.021718,2.6808028
0.02172,2.6808028
0.021722,2.6808028
0.021724,2.6808028
0.021726,2.6808028
0.021728,2.6808028
0.02173,2.6808028
0.021732,2.6808028
0.021734,2.6808028
0.021736,2.6808028
0.021738,2.6808028
0.02174,2.6808028
0.021742,2.6808028
0.021744,2.6808028
0.021746,2.6808028
0.021748,2.6808028
0.02175,2.6808028
0.021752,2.6808028
0.021754,2.6808028
0.021756,2.6808028
0.021758,2.6808028
0.02176,2.6808028
0.021762,2.6808028
0.021763999,2.6808028
0.021766,2.6808028
0.021768,2.6808028
0.02177,2.6808028
0.021772,2.6808028
0.021774,2.6808028
0.021776,2.6808028
0.021778,2.6808028
0.02178,2.6808028
0.021782,2.6808028
0.021784,2.6808028
0.021786,2.6808028
0.021788,2.172258
0.02179,1.4787879
0.021792,1.4325566
0.021794,1.4325566
0.021796,1.4325566
0.021798,1.4325566
0.0218,1.4325566
0.021802,1.4325566
0.021804,1.4325566
0.021806,1.4325566
0.021808,1.4325566
0.02181,1.4325566
0.021812,1.4325566
0.021814,1.4325566
0.021816,1.4325566
0.021818,1.4325566
0.02182,1.4325566
0.021822,1.4325566
0.021824,1.3863249
0.021825999,1.3863249
0.021828,1.4325566
0.02183,1.3863249
0.021832,1.3863249
0.021834,1.3863249
0.021836,1.3863249
0.021838,1.3863249
0.02184,1.3863249
0.021842,1.3863249
0.021844,1.3863249
0.021846,1.3863249
0.021848,1.3863249
0.02185,1.3863249
0.021852,1.3863249
0.021854,1.3863249
0.021856,1.3863249
0.021858,1.3863249
0.02186,1.3863249
0.021862,1.3863249
0.021864,1.3863249
0.021866,1.3863249
0.021868,1.3863249
0.02187,1.3863249
0.021872,1.3863249
0.021874,1.3863249
0.021876,1.3863249
0.021878,1.3863249
0.02188,1.3863249
0.021882,1.3863249
0.021884,1.3863249
0.021886,1.3863249
0.021887999,1.3863249
0.02189,1.3863249
0.021892,1.3863249
0.021894,1.3863249
0.021896,1.3863249
0.021898,1.3863249
0.0219,1.3863249
0.021902,1.3863249
0.021904,1.3863249
0.021906,1.3863249
0.021908,1.3863249
0.02191,1.3863249
0.021912,1.3863249
0.021914,1.3863249
0.021916,1.3863249
0.021918,1.3863249
0.02192,1.3863249
0.021922,1.3863249
0.021924,1.3863249
0.021926,1.3863249
0.021928,1.3863249
0.02193,1.3863249
0.021932,1.3863249
0.021934,1.3863249
0.021936,1.3863249
0.021938,1.3863249
0.02194,1.3863249
0.021942,1.3863249
0.021944,1.3863249
0.021946,1.3863249
0.021948,1.3863249
0.021949999,1.3863249
0.021952,1.3863249
0.021954,1.3863249
0.021956,1.3863249
0.021958,1.3863249
0.02196,1.3863249
0.021962,1.3863249
0.021964,1.3863249
0.021966,1.3863249
0.021968,1.3863249
0.02197,1.3863249
0.021972,1.3863249
0.021974,1.3863249
0.021976,1.3863249
0.021978,1.3863249
0.02198,1.3863249
0.021982,1.3863249
0.021984,1.3863249
0.021986,1.3863249
0.021988,1.3863249
0.02199,1.3863249
0.021992,1.3863249
0.021994,1.3863249
0.021996,1.3863249
0.021998,1.3863249
0.022,1.3863249
0.022002,1.3863249
0.022004,1.3863249
0.022006,1.3863249
0.022008,1.3863249
0.02201,1.3863249
0.022011999,1.3863249
0.022014,1.3863249
0.022016,1.3863249
0.022018,1.3863249
0.02202,1.3863249
0.022022,1.3863249
0.022024,1.3863249
0.022026,1.3863249
0.022028,1.3863249
0.02203,1.3863249
0.022032,1.3863249
0.022034,1.3863249
0.022036,1.3863249
0.022038,1.3863249
0.02204,1.3863249
0.022042,1.3863249
0.022044,1.3863249
0.022046,1.3863249
0.022048,1.3863249
0.02205,1.3863249
0.022052,1.3863249
0.022054,1.3863249
0.022056,1.3863249
0.022058,1.3863249
0.02206,1.3863249
0.022062,1.3863249
0.022064,1.3863249
0.022066,1.3863249
0.022068,1.3863249
0.02207,1.3863249
0.022072,1.3863249
0.022073999,1.3863249
0.022076,1.3863249
0.022078,1.3863249
0.02208,1.3863249
0.022082,1.3863249
0.022084,1.3863249
0.022086,1.3863249
0.022088,1.3863249
0.02209,1.3863249
0.022092,1.3863249
0.022094,1.3863249
0.022096,1.3863249
0.022098,1.3863249
0.0221,1.3863249
0.022102,1.3863249
0.022104,1.3863249
0.022106,1.3863249
0.022108,1.3863249
0.02211,1.3863249
0.022112,1.3863249
0.022114,1.3863249
0.022116,1.3863249
0.022118,1.3863249
0.02212,1.3863249
0.022122,1.3863249
0.022124,1.3863249
0.022126,1.3863249
0.022128,1.3863249
0.02213,1.3863249
0.022132,1.3863249
0.022134,1.3863249
0.022135999,1.3863249
0.022138,1.3863249
0.02214,1.3863249
0.022142,0.8315482
0.022144,0.13807821
0.022146,0.13807821
0.022148,0.13807821
0.02215,0.13807821
0.022152,0.13807821
0.022154,0.13807821
0.022156,0.13807821
0.022158,0.13807821
0.02216,0.13807821
0.022162,0.13807821
0.022164,0.13807821
0.022166,0.13807821
0.022168,0.091846466
0.02217,0.091846466
0.022172,0.091846466
0.022174,0.091846466
0.022176,0.091846466
0.022178,0.091846466
0.02218,0.091846466
0.022182,0.091846466
0.022184,0.091846466
0.022186,0.091846466
0.022188,0.091846466
0.02219,0.091846466
0.022192,0.091846466
0.022194,0.091846466
0.022196,0.091846466
0.022197999,0.091846466
0.0222,0.091846466
0.022202,0.091846466
0.022204,0.091846466
0.022206,0.091846466
0.022208,0.091846466
0.02221,0.091846466
0.022212,0.091846466
0.022214,0.091846466
0.022216,0.091846466
0.022218,0.091846466
0.02222,0.091846466
0.022222,0.091846466
0.022224,0.091846466
0.022226,0.091846466
0.022228,0.091846466
0.02223,0.091846466
0.022232,0.091846466
0.022234,0.091846466
0.022236,0.091846466
0.022238,0.091846466
0.02224,0.091846466
0.022242,0.091846466
0.022244,0.091846466
0.022246,0.091846466
0.022248,0.091846466
0.02225,0.091846466
0.022252,0.091846466
0.022254,0.091846466
0.022256,0.091846466
0.022258,0.091846466
0.022259999,0.091846466
0.022262,0.091846466
0.022264,0.091846466
0.022266,0.091846466
0.022268,0.091846466
0.02227,0.091846466
0.022272,0.091846466
0.022274,0.091846466
0.022276,0.091846466
0.022278,0.091846466
0.02228,0.091846466
0.022282,0.091846466
0.022284,0.091846466
0.022286,0.091846466
0.022288,0.091846466
0.02229,0.091846466
0.022292,0.091846466
0.022294,0.091846466
0.022296,0.091846466
0.022298,0.091846466
0.0223,0.091846466
0.022302,0.091846466
0.022304,0.091846466
0.022306,0.091846466
0.022308,0.091846466
0.02231,0.091846466
0.022312,0.091846466
0.022314,0.091846466
0.022316,0.091846466
0.022318,0.091846466
0.02232,0.091846466
0.022322,0.091846466
0.022324,0.091846466
0.022326,0.091846466
0.022328,0.091846466
0.02233,0.091846466
0.022332,0.091846466
0.022334,0.091846466
0.022336,0.091846466
0.022338,0.091846466
0.02234,0.091846466
0.022342,0.091846466
0.022344,0.091846466
0.022346,0.091846466
0.022348,0.091846466
0.02235,0.091846466
0.022352,0.091846466
0.022354,0.091846466
0.022356,0.091846466
0.022358,0.091846466
0.02236,0.091846466
0.022362,0.091846466
0.022364,0.091846466
0.022366,0.091846466
0.022368,0.091846466
0.02237,0.091846466
0.022372,0.091846466
0.022374,0.091846466
0.022375999,0.091846466
0.022378,0.091846466
0.02238,0.091846466
0.022382,0.091846466
0.022384,0.091846466
0.022386,0.091846466
0.022388,0.091846466
0.02239,0.091846466
0.022392,0.091846466
0.022394,0.091846466
0.022396,0.091846466
0.022398,0.091846466
0.0224,0.091846466
0.022402,0.091846466
0.022404,0.091846466
0.022406,0.091846466
0.022408,0.091846466
0.02241,0.091846466
0.022412,0.091846466
0.022414,0.091846466
0.022416,0.091846466
0.022418,0.091846466
0.02242,0.091846466
0.022422,0.091846466
0.022424,0.091846466
0.022426,0.091846466
0.022428,0.091846466
0.02243,0.091846466
0.022432,0.091846466
0.022434,0.091846466
0.022436,0.091846466
0.022437999,0.091846466
0.02244,0.091846466
0.022442,0.091846466
0.022444,0.091846466
0.022446,0.091846466
0.022448,0.091846466
0.02245,0.091846466
0.022452,0.091846466
0.022454,0.091846466
0.022456,0.091846466
0.022458,0.091846466
0.02246,0.091846466
0.022462,0.091846466
0.022464,0.091846466
0.022466,0.091846466
0.022468,0.091846466
0.02247,0.091846466
0.022472,0.091846466
0.022474,0.091846466
0.022476,0.091846466
0.022478,0.091846466
0.02248,0.091846466
0.022482,0.091846466
0.022484,0.091846466
0.022486,0.091846466
0.022488,0.091846466
0.02249,0.091846466
0.022492,0.091846466
0.022494,0.091846466
0.022496,0.091846466
0.022498,0.091846466
0.022499999,0.091846466
0.022502,0.091846466
0.022504,0.091846466
0.022506,0.091846466
0.022508,0.091846466
0.02251,0.091846466
0.022512,0.091846466
0.022514,0.091846466
0.022516,0.091846466
0.022518,0.091846466
0.02252,0.091846466
0.022522,0.091846466
0.022524,0.091846466
0.022526,0.091846466
0.022528,0.091846466
0.02253,0.091846466
0.022532,0.091846466
0.022534,0.091846466
0.022536,0.091846466
0.022538,0.091846466
0.02254,0.091846466
0.022542,0.091846466
0.022544,0.091846466
0.022546,0.091846466
0.022548,0.091846466
0.02255,0.091846466
0.022552,0.091846466
0.022554,0.091846466
0.022556,0.091846466
0.022558,0.091846466
0.02256,0.091846466
0.022561999,0.091846466
0.022564,0.091846466
0.022566,0.091846466
0.022568,0.091846466
0.02257,0.091846466
0.022572,0.091846466
0.022574,0.091846466
0.022576,0.091846466
0.022578,0.091846466
0.02258,0.091846466
0.022582,0.091846466
0.022584,0.091846466
0.022586,0.091846466
0.022588,0.091846466
0.02259,0.091846466
0.022592,0.091846466
0.022594,0.091846466
0.022596,0.091846466
0.022598,0.091846466
0.0226,0.091846466
0.022602,0.091846466
0.022604,0.091846466
0.022606,0.091846466
0.022608,0.091846466
0.02261,0.091846466
0.022612,0.091846466
0.022614,0.091846466
0.022616,0.091846466
0.022618,0.091846466
0.02262,0.091846466
0.022622,0.091846466
0.022623999,0.091846466
0.022626,0.091846466
0.022628,0.091846466
0.02263,0.091846466
0.022632,0.091846466
0.022634,0.091846466
0.022636,0.091846466
0.022638,0.091846466
0.02264,0.091846466
0.022642,0.091846466
0.022644,0.091846466
0.022646,0.091846466
0.022648,0.091846466
0.02265,0.091846466
0.022652,0.091846466
0.022654,0.091846466
0.022656,0.091846466
0.022658,0.091846466
0.02266,0.091846466
0.022662,0.091846466
0.022664,0.091846466
0.022666,0.091846466
0.022668,0.091846466
0.02267,0.091846466
0.022672,0.091846466
0.022674,0.091846466
0.022676,0.091846466
0.022678,0.091846466
0.02268,0.091846466
0.022682,0.091846466
0.022684,0.091846466
0.022685999,0.091846466
0.022688,0.091846466
0.02269,0.091846466
0.022692,0.091846466
0.022694,0.091846466
0.022696,0.091846466
0.022698,0.091846466
0.0227,0.091846466
0.022702,0.091846466
0.022704,0.091846466
0.022706,0.091846466
0.022708,0.091846466
0.02271,0.091846466
0.022712,0.091846466
0.022714,0.091846466
0.022716,0.091846466
0.022718,0.091846466
0.02272,0.091846466
0.022722,0.091846466
0.022724,0.091846466
0.022726,0.091846466
0.022728,0.091846466
0.02273,0.091846466
0.022732,0.091846466
0.022734,0.091846466
0.022736,0.091846466
0.022738,0.091846466
0.02274,0.091846466
0.022742,0.091846466
0.022744,0.091846466
0.022746,0.091846466
0.022747999,0.091846466
0.02275,0.091846466
0.022752,0.091846466
0.022754,0.091846466
0.022756,0.091846466
0.022758,0.091846466
0.02276,0.091846466
0.022762,0.091846466
0.022764,0.091846466
0.022766,0.091846466
0.022768,0.091846466
0.02277,0.091846466
0.022772,0.091846466
0.022774,0.091846466
0.022776,0.091846466
0.022778,0.091846466
0.02278,0.091846466
0.022782,0.091846466
0.022784,0.091846466
0.022786,0.091846466
0.022788,0.091846466
0.02279,0.091846466
0.022792,0.091846466
0.022794,0.091846466
0.022796,0.091846466
0.022798,0.091846466
0.0228,0.091846466
0.022802,0.091846466
0.022804,0.091846466
0.022806,0.091846466
0.022808,0.091846466
0.022809999,0.091846466
0.022812,0.091846466
0.022814,0.091846466
0.022816,0.091846466
0.022818,0.091846466
0.02282,0.091846466
0.022822,0.091846466
0.022824,0.091846466
0.022826,0.091846466
0.022828,0.091846466
0.02283,0.091846466
0.022832,0.091846466
0.022834,0.091846466
0.022836,0.091846466
0.022838,0.091846466
0.02284,0.091846466
0.022842,0.091846466
0.022844,0.091846466
0.022846,0.091846466
0.022848,0.091846466
0.02285,0.091846466
0.022852,0.091846466
0.022854,0.091846466
0.022856,0.091846466
0.022858,0.091846466
0.02286,0.091846466
0.022862,0.091846466
0.022864,0.091846466
0.022866,0.091846466
0.022868,0.091846466
0.02287,0.091846466
0.022872,0.091846466
0.022874,0.091846466
0.022876,0.091846466
0.022878,0.091846466
0.02288,0.091846466
0.022882,0.091846466
0.022884,0.091846466
0.022886,0.091846466
0.022888,0.091846466
0.02289,0.091846466
0.022892,0.091846466
0.022894,0.091846466
0.022896,0.091846466
0.022898,0.091846466
0.0229,0.091846466
0.022902,0.091846466
0.022904,0.091846466
0.022906,0.091846466
0.022908,0.091846466
0.02291,0.091846466
0.022912,0.091846466
0.022914,0.091846466
0.022916,0.091846466
0.022918,0.091846466
0.02292,0.091846466
0.022922,0.091846466
0.022924,0.091846466
0.022925999,0.091846466
0.022928,0.091846466
0.02293,0.091846466
0.022932,0.091846466
0.022934,0.091846466
0.022936,0.091846466
0.022938,0.091846466
0.02294,0.091846466
0.022942,0.091846466
0.022944,0.091846466
0.022946,0.091846466
0.022948,0.091846466
0.02295,0.091846466
0.022952,0.091846466
0.022954,0.091846466
0.022956,0.091846466
0.022958,0.184309
0.02296,1.3400936
0.022962,1.3400936
0.022964,1.3400936
0.022966,1.3863249
0.022968,1.3863249
0.02297,1.3863249
0.022972,1.3863249
0.022974,1.3863249
0.022976,1.3863249
0.022978,1.3863249
0.02298,1.3863249
0.022982,1.3863249
0.022984,1.3863249
0.022986,1.3863249
0.022987999,1.3863249
0.02299,1.3863249
0.022992,1.3863249
0.022994,1.3863249
0.022996,1.3863249
0.022998,1.3863249
0.023,1.3863249
0.023002,1.3863249
0.023004,1.3863249
0.023006,1.3863249
0.023008,1.3863249
0.02301,1.3863249
0.023012,1.3863249
0.023014,1.3863249
0.023016,1.3863249
0.023018,1.3863249
0.02302,1.3863249
0.023022,1.3863249
0.023024,1.3863249
0.023026,1.3863249
0.023028,1.3863249
0.02303,1.3863249
0.023032,1.3863249
0.023034,1.3863249
0.023036,1.3863249
0.023038,1.3863249
0.02304,1.3863249
0.023042,1.3863249
0.023044,1.3863249
0.023046,1.3863249
0.023048,1.3863249
0.023049999,1.3863249
0.023052,1.3863249
0.023054,1.3863249
0.023056,1.3863249
0.023058,1.3863249
0.02306,1.3863249
0.023062,1.3863249
0.023064,1.3863249
0.023066,1.3863249
0.023068,1.3863249
0.02307,1.3863249
0.023072,1.3863249
0.023074,1.3863249
0.023076,1.3863249
0.023078,1.3863249
0.02308,1.3863249
0.023082,1.3863249
0.023084,1.3863249
0.023086,1.3863249
0.023088,1.3863249
0.02309,1.3863249
0.023092,1.3863249
0.023094,1.3863249
0.023096,1.3863249
0.023098,1.3863249
0.0231,1.3863249
0.023102,1.3863249
0.023104,1.3863249
0.023106,1.3863249
0.023108,1.3863249
0.02311,1.3863249
0.023111999,1.3863249
0.023114,1.3863249
0.023116,1.3863249
0.023118,1.3863249
0.02312,1.3863249
0.023122,1.3863249
0.023124,1.3863249
0.023126,1.3863249
0.023128,1.3863249
0.02313,1.3863249
0.023132,1.3863249
0.023134,1.3863249
0.023136,1.3863249
0.023138,1.3863249
0.02314,1.3863249
0.023142,1.3863249
0.023144,1.3863249
0.023146,1.3863249
0.023148,1.3863249
0.02315,1.3863249
0.023152,1.3863249
0.023154,1.3863249
0.023156,1.3863249
0.023158,1.3863249
0.02316,1.3863249
0.023162,1.3863249
0.023164,1.3863249
0.023166,1.3863249
0.023168,1.3863249
0.02317,1.3863249
0.023172,1.3863249
0.023173999,1.3863249
0.023176,1.3863249
0.023178,1.3863249
0.02318,1.3863249
0.023182,1.3863249
0.023184,1.3863249
0.023186,1.3863249
0.023188,1.3863249
0.02319,1.3863249
0.023192,1.3863249
0.023194,1.3863249
0.023196,1.3863249
0.023198,1.3863249
0.0232,1.3863249
0.023202,1.3863249
0.023204,1.3863249
0.023206,1.3863249
0.023208,1.3863249
0.02321,1.3863249
0.023212,1.3863249
0.023214,1.3863249
0.023216,1.3863249
0.023218,1.3863249
0.02322,1.3863249
0.023222,1.3863249
0.023224,1.3863249
0.023226,1.3863249
0.023228,1.3863249
0.02323,1.3863249
0.023232,1.3863249
0.023234,1.3863249
0.023235999,1.3863249
0.023238,1.3863249
0.02324,1.3863249
0.023242,1.3863249
0.023244,1.3863249
0.023246,1.3863249
0.023248,1.3863249
0.02325,1.3863249
0.023252,1.3863249
0.023254,1.3863249
0.023256,1.3863249
0.023258,1.3863249
0.02326,1.3863249
0.023262,1.3863249
0.023264,1.3863249
0.023266,1.3863249
0.023268,1.3863249
0.02327,1.3863249
0.023272,1.3863249
0.023274,1.3863249
0.023276,1.3863249
0.023278,1.3863249
0.02328,1.3863249
0.023282,1.3863249
0.023284,1.3863249
0.023286,1.3863249
0.023288,1.3863249
0.02329,1.3863249
0.023292,1.3863249
0.023294,1.3863249
0.023296,1.3863249
0.023297999,1.3863249
0.0233,1.3863249
0.023302,1.3863249
0.023304,1.3863249
0.023306,1.3863249
0.023308,1.3863249
0.02331,1.3863249
0.023312,1.3863249
0.023314,1.3863249
0.023316,1.3863249
0.023318,1.3863249
0.02332,1.3863249
0.023322,1.3863249
0.023324,1.3863249
0.023326,1.3863249
0.023328,1.3863249
0.02333,1.3863249
0.023332,1.3863249
0.023334,1.3863249
0.023336,1.3863249
0.023338,1.3863249
0.02334,2.3109517
0.023342,2.6345725
0.023344,2.6345725
0.023346,2.6345725
0.023348,2.6345725
0.02335,2.6345725
0.023352,2.6345725
0.023354,2.6345725
0.023356,2.6808028
0.023358,2.6808028
0.023359999,2.6808028
0.023362,2.6808028
0.023364,2.6808028
0.023366,2.6808028
0.023368,2.6808028
0.02337,2.6808028
0.023372,2.6808028
0.023374,2.6808028
0.023376,2.6808028
0.023378,2.6808028
0.02338,2.6808028
0.023382,2.6808028
0.023384,2.6808028
0.023386,2.6808028
0.023388,2.6808028
0.02339,2.6808028
0.023392,2.6808028
0.023394,2.6808028
0.023396,2.6808028
0.023398,2.6808028
0.0234,2.6808028
0.023402,2.6808028
0.023404,2.6808028
0.023406,2.6808028
0.023408,2.6808028
0.02341,2.6808028
0.023412,2.6808028
0.023414,2.6808028
0.023416,2.6808028
0.023418,2.6808028
0.02342,2.6808028
0.023421999,2.6808028
0.023424,2.6808028
0.023426,2.6808028
0.023428,2.6808028
0.02343,2.6808028
0.023432,2.6808028
0.023434,2.6808028
0.023436,2.6808028
0.023438,2.6808028
0.02344,2.6808028
0.023442,2.6808028
0.023444,2.6808028
0.023446,2.6808028
0.023448,2.6808028
0.02345,2.6808028
0.023452,2.6808028
0.023454,2.6808028
0.023456,2.6808028
0.023458,2.6808028
0.02346,2.6808028
0.023462,2.6808028
0.023464,2.6808028
0.023466,2.6808028
0.023468,2.6808028
0.02347,2.6808028
0.023472,2.6808028
0.023474,2.6808028
0.023475999,2.6808028
0.023478,2.6808028
0.02348,2.6808028
0.023482,2.6808028
0.023484,2.6808028
0.023486,2.6808028
0.023488,2.6808028
0.02349,2.6808028
0.023492,2.6808028
0.023494,2.6808028
0.023496,2.6808028
0.023498,2.6808028
0.0235,2.6808028
0.023502,2.6808028
0.023504,2.6808028
0.023506,2.6808028
0.023508,2.6808028
0.02351,2.6808028
0.023512,2.6808028
0.023514,2.6808028
0.023516,2.6808028
0.023518,2.6808028
0.02352,2.6808028
0.023522,2.6808028
0.023524,2.6808028
0.023526,2.6808028
0.023528,2.6808028
0.02353,2.6808028
0.023532,2.6808028
0.023534,2.6808028
0.023536,2.6808028
0.023537999,2.6808028
0.02354,2.6808028
0.023542,2.6808028
0.023544,2.6808028
0.023546,2.6808028
0.023548,2.6808028
0.02355,2.6808028
0.023552,2.6808028
0.023554,2.6808028
0.023556,2.6808028
0.023558,2.6808028
0.02356,2.6808028
0.023562,2.6808028
0.023564,2.6808028
0.023566,2.6808028
0.023568,2.6808028
0.02357,2.6808028
0.023572,2.6808028
0.023574,2.6808028
0.023576,2.6808028
0.023578,2.6808028
0.02358,2.6808028
0.023582,2.6808028
0.023584,2.6808028
0.023586,2.6808028
0.023588,2.6808028
0.02359,2.6808028
0.023592,2.6808028
0.023594,2.6808028
0.023596,2.6808028
0.023598,2.6808028
0.023599999,2.6808028
0.023602,2.6808028
0.023604,2.6808028
0.023606,2.6808028
0.023608,2.6808028
0.02361,2.6808028
0.023612,2.6808028
0.023614,2.6808028
0.023616,2.6808028
0.023618,2.6808028
0.02362,2.6808028
0.023622,2.6808028
0.023624,2.6808028
0.023626,2.6808028
0.023628,2.6808028
0.02363,2.6808028
0.023632,2.6808028
0.023634,2.6808028
0.023636,2.6808028
0.023638,2.6808028
0.02364,2.6808028
0.023642,2.6808028
0.023644,2.6808028
0.023646,2.6808028
0.023648,2.6808028
0.02365,2.6808028
0.023652,2.6808028
0.023654,2.6808028
0.023656,2.6808028
0.023658,2.6808028
0.02366,2.6808028
0.023661999,2.6808028
0.023664,2.6808028
0.023666,3.23558
0.023668,3.9752812
0.02367,3.92905
0.023672,3.92905
0.023674,3.9752812
0.023676,3.9752812
0.023678,3.9752812
0.02368,3.9752812
0.023682,3.9752812
0.023684,3.9752812
0.023686,3.9752812
0.023688,3.9752812
0.02369,3.9752812
0.023692,3.9752812
0.023694,3.9752812
0.023696,3.9752812
0.023698,3.9752812
0.0237,3.9752812
0.023702,3.9752812
0.023704,3.9752812
0.023706,3.9752812
0.023708,3.9752812
0.02371,3.9752812
0.023712,3.9752812
0.023714,3.9752812
0.023716,3.9752812
0.023718,3.9752812
0.02372,3.9752812
0.023722,3.9752812
0.023723999,3.9752812
0.023726,3.9752812
0.023728,3.9752812
0.02373,3.9752812
0.023732,3.9752812
0.023734,3.9752812
0.023736,3.9752812
0.023738,3.9752812
0.02374,3.9752812
0.023742,3.9752812
0.023744,3.9752812
0.023746,3.9752812
0.023748,3.9752812
0.02375,3.9752812
0.023752,3.9752812
0.023754,3.9752812
0.023756,3.9752812
0.023758,3.9752812
0.02376,3.9752812
0.023762,3.9752812
0.023764,3.9752812
0.023766,3.9752812
0.023768,3.9752812
0.02377,3.9752812
0.023772,3.9752812
0.023774,3.9752812
0.023776,3.9752812
0.023778,3.9752812
0.02378,3.9752812
0.023782,3.9752812
0.023784,3.9752812
0.023785999,3.9752812
0.023788,3.9752812
0.02379,3.9752812
0.023792,3.9752812
0.023794,3.9752812
0.023796,3.9752812
0.023798,3.9752812
0.0238,3.9752812
0.023802,3.9752812
0.023804,3.9752812
0.023806,3.9752812
0.023808,3.9752812
0.02381,3.9752812
0.023812,3.9752812
0.023814,3.9752812
0.023816,3.9752812
0.023818,3.9752812
0.02382,3.9752812
0.023822,3.9752812
0.023824,3.9752812
0.023826,3.9752812
0.023828,3.9752812
0.02383,3.9752812
0.023832,3.9752812
0.023834,3.9752812
0.023836,3.9752812
0.023838,3.9752812
0.02384,3.9752812
0.023842,3.9752812
0.023844,3.9752812
0.023846,3.9752812
0.023847999,3.9752812
0.02385,3.9752812
0.023852,3.9752812
0.023854,3.9752812
0.023856,3.9752812
0.023858,3.9752812
0.02386,3.9752812
0.023862,3.9752812
0.023864,3.9752812
0.023866,3.9752812
0.023868,3.9752812
0.02387,3.9752812
0.023872,3.9752812
0.023874,3.9752812
0.023876,3.9752812
0.023878,3.9752812
0.02388,3.9752812
0.023882,3.9752812
0.023884,3.9752812
0.023886,3.9752812
0.023888,3.9752812
0.02389,3.9752812
0.023892,3.9752812
0.023894,3.9752812
0.023896,3.9752812
0.023898,3.9752812
0.0239,3.9752812
0.023902,3.9752812
0.023904,3.9752812
0.023906,3.9752812
0.023908,3.9752812
0.023909999,3.9752812
0.023912,3.9752812
0.023914,3.9752812
0.023916,3.9752812
0.023918,3.9752812
0.02392,3.9752812
0.023922,3.9752812
0.023924,3.9752812
0.023926,3.9752812
0.023928,3.9752812
0.02393,3.9752812
0.023932,3.9752812
0.023934,3.9752812
0.023936,3.9752812
0.023938,3.9752812
0.02394,3.9752812
0.023942,3.9752812
0.023944,3.9752812
0.023946,3.9752812
0.023948,3.9752812
0.02395,3.9752812
0.023952,3.9752812
0.023954,3.9752812
0.023956,3.9752812
0.023958,3.9752812
0.02396,3.9752812
0.023962,3.9752812
0.023964,3.9752812
0.023966,3.9752812
0.023968,3.9752812
0.02397,3.9752812
0.023971999,3.9752812
0.023974,3.9752812
0.023976,3.9752812
0.023978,3.9752812
0.02398,3.9752812
0.023982,3.9752812
0.023984,3.9752812
0.023986,3.9752812
0.023988,3.9752812
0.02399,3.9752812
0.023992,3.9752812
0.023994,3.9752812
0.023996,3.9752812
0.023998,3.9752812
0.024,3.9752812
0.024002,3.9752812
0.024004,3.9752812
0.024006,3.9752812
0.024008,3.9752812
0.02401,3.9752812
0.024012,3.9752812
0.024014,3.9752812
0.024016,3.9752812
0.024018,3.9752812
0.02402,3.9752812
0.024022,3.9752812
0.024024,3.9752812
0.024025999,3.9752812
0.024028,3.9752812
0.02403,3.9752812
0.024032,3.9752812
0.024034,3.9752812
0.024036,3.9752812
0.024038,3.9752812
0.02404,3.9752812
0.024042,3.9752812
0.024044,3.9752812
0.024046,3.9752812
0.024048,3.9752812
0.02405,3.9752812
0.024052,3.9752812
0.024054,3.9752812
0.024056,3.9752812
0.024058,3.9752812
0.02406,3.9752812
0.024062,3.9752812
0.024064,3.9752812
0.024066,3.9752812
0.024068,3.9752812
0.02407,3.9752812
0.024072,3.9752812
0.024074,3.9752812
0.024076,3.9752812
0.024078,3.9752812
0.02408,3.9752812
0.024082,3.9752812
0.024084,3.9752812
0.024086,3.9752812
0.024087999,3.9752812
0.02409,3.9752812
0.024092,3.9752812
0.024094,3.9752812
0.024096,3.9752812
0.024098,3.9752812
0.0241,3.9752812
0.024102,3.9752812
0.024104,3.9752812
0.024106,3.9752812
0.024108,3.9752812
0.02411,3.9752812
0.024112,3.9752812
0.024114,3.9752812
0.024116,3.9752812
0.024118,3.9752812
0.02412,3.9752812
0.024122,3.9752812
0.024124,3.9752812
0.024126,3.9752812
0.024128,3.9752812
0.02413,3.9752812
0.024132,3.9752812
0.024134,3.9752812
0.024136,3.9752812
0.024138,3.9752812
0.02414,3.9752812
0.024142,3.9752812
0.024144,3.9752812
0.024146,3.9752812
0.024148,3.9752812
0.024149999,3.9752812
0.024152,3.9752812
0.024154,3.9752812
0.024156,3.9752812
0.024158,3.9752812
0.02416,3.9752812
0.024162,3.9752812
0.024164,3.9752812
0.024166,3.9752812
0.024168,3.9752812
0.02417,3.9752812
0.024172,3.9752812
0.024174,3.9752812
0.024176,3.9752812
0.024178,3.9752812
0.02418,3.9752812
0.024182,3.9752812
0.024184,3.9752812
0.024186,3.9752812
0.024188,3.9752812
0.02419,3.9752812
0.024192,3.9752812
0.024194,3.9752812
0.024196,3.9752812
0.024198,3.9752812
0.0242,3.9752812
0.024202,3.9752812
0.024204,3.9752812
0.024206,3.9752812
0.024208,3.9752812
0.02421,3.9752812
0.024211999,3.9752812
0.024214,3.9752812
0.024216,3.9752812
0.024218,3.9752812
0.02422,3.9752812
0.024222,3.9752812
0.024224,3.9752812
0.024226,3.9752812
0.024228,3.9752812
0.02423,3.9752812
0.024232,3.9752812
0.024234,3.9752812
0.024236,3.9752812
0.024238,3.9752812
0.02424,3.9752812
0.024242,3.9752812
0.024244,3.9752812
0.024246,3.9752812
0.024248,3.9752812
0.02425,3.9752812
0.024252,3.9752812
0.024254,3.9752812
0.024256,3.9752812
0.024258,3.9752812
0.02426,3.9752812
0.024262,3.9752812
0.024264,3.9752812
0.024266,3.9752812
0.024268,3.9752812
0.02427,3.9752812
0.024272,3.9752812
0.024273999,3.9752812
0.024276,3.9752812
0.024278,3.9752812
0.02428,3.9752812
0.024282,3.9752812
0.024284,3.9752812
0.024286,3.9752812
0.024288,3.9752812
0.02429,3.9752812
0.024292,3.9752812
0.024294,3.9752812
0.024296,3.9752812
0.024298,3.9752812
0.0243,3.9752812
0.024302,3.9752812
0.024304,3.9752812
0.024306,3.9752812
0.024308,3.9752812
0.02431,3.9752812
0.024312,3.9752812
0.024314,3.9752812
0.024316,3.9752812
0.024318,3.9752812
0.02432,3.9752812
0.024322,3.9752812
0.024324,3.9752812
0.024326,3.9752812
0.024328,3.9752812
0.02433,3.9752812
0.024332,3.9752812
0.024334,3.9752812
0.024335999,3.9752812
0.024338,3.9752812
0.02434,3.9752812
0.024342,3.9752812
0.024344,3.9752812
0.024346,3.9752812
0.024348,3.9752812
0.02435,3.9752812
0.024352,3.9752812
0.024354,3.9752812
0.024356,3.9752812
0.024358,3.9752812
0.02436,3.9752812
0.024362,3.9752812
0.024364,3.9752812
0.024366,3.9752812
0.024368,3.9752812
0.02437,3.9752812
0.024372,3.9752812
0.024374,3.9752812
0.024376,3.9752812
0.024378,3.9752812
0.02438,3.9752812
0.024382,3.9752812
0.024384,3.9752812
0.024386,3.9752812
0.024388,3.9752812
0.02439,3.9752812
0.024392,3.9752812
0.024394,3.9752812
0.024396,3.9752812
0.024397999,3.9752812
0.0244,3.9752812
0.024402,3.9752812
0.024404,3.9752812
0.024406,3.9752812
0.024408,3.9752812
0.02441,3.9752812
0.024412,3.9752812
0.024414,3.9752812
0.024416,3.9752812
0.024418,3.9752812
0.02442,3.9752812
0.024422,3.9752812
0.024424,3.9752812
0.024426,3.9752812
0.024428,3.9752812
0.02443,3.9752812
0.024432,3.9752812
0.024434,3.9752812
0.024436,3.9752812
0.024438,3.9752812
0.02444,3.9752812
0.024442,3.9752812
0.024444,3.9752812
0.024446,3.9752812
0.024448,3.9752812
0.02445,3.9752812
0.024452,3.9752812
0.024454,3.9752812
0.024456,3.9752812
0.024458,3.9752812
0.024459999,3.9752812
0.024462,3.9752812
0.024464,3.9752812
0.024466,3.9752812
0.024468,3.9752812
0.02447,3.9752812
0.024472,3.9752812
0.024474,3.9752812
0.024476,3.9752812
0.024478,3.9752812
0.02448,3.9752812
0.024482,3.9752812
0.024484,3.9752812
0.024486,3.9752812
0.024488,3.9752812
0.02449,3.9752812
0.024492,3.9752812
0.024494,3.9752812
0.024496,3.9752812
0.024498,3.9752812
0.0245,3.9752812
0.024502,3.9752812
0.024504,3.9752812
0.024506,3.9752812
0.024508,3.9752812
0.02451,3.9752812
0.024512,3.9752812
0.024514,3.9752812
0.024516,3.9752812
0.024518,3.9752812
0.02452,3.9752812
0.024521999,3.9752812
0.024524,3.9752812
0.024526,3.9752812
0.024528,3.9752812
0.02453,3.9752812
0.024532,3.9752812
0.024534,3.9752812
0.024536,3.9752812
0.024538,3.9752812
0.02454,3.9752812
0.024542,3.9752812
0.024544,3.9752812
0.024546,3.9752812
0.024548,3.9752812
0.02455,3.9752812
0.024552,3.9752812
0.024554,3.9752812
0.024556,3.9752812
0.024558,3.9752812
0.02456,3.9752812
0.024562,3.9752812
0.024564,3.9752812
0.024566,3.9752812
0.024568,3.9752812
0.02457,3.9752812
0.024572,3.9752812
0.024574,3.9752812
0.024576,3.9752812
0.024578,3.9752812
0.02458,3.9752812
0.024582,3.9752812
0.024583999,3.9752812
0.024586,3.9752812
0.024588,3.9752812
0.02459,3.9752812
0.024592,3.9752812
0.024594,3.9752812
0.024596,3.9752812
0.024598,3.9752812
0.0246,3.9752812
0.024602,3.9752812
0.024604,3.9752812
0.024606,3.9752812
0.024608,3.9752812
0.02461,3.9752812
0.024612,3.9752812
0.024614,3.9752812
0.024616,3.9752812
0.024618,3.9752812
0.02462,3.9752812
0.024622,3.9752812
0.024624,3.9752812
0.024626,3.9752812
0.024628,3.9752812
0.02463,3.9752812
0.024632,3.9752812
0.024634,3.9752812
0.024636,3.9752812
0.024637999,3.9752812
0.02464,3.9752812
0.024642,3.9752812
0.024644,3.9752812
0.024646,3.9752812
0.024648,3.9752812
0.02465,3.9752812
0.024652,3.9752812
0.024654,3.9752812
0.024656,3.9752812
0.024658,3.9752812
0.02466,3.9752812
0.024662,3.9752812
0.024664,3.9752812
0.024666,3.9752812
0.024668,3.9752812
0.02467,3.9752812
0.024672,3.9752812
0.024674,3.9752812
0.024676,3.9752812
0.024678,3.9752812
0.02468,3.9752812
0.024682,3.9752812
0.024684,3.9752812
0.024686,3.9752812
0.024688,3.9752812
0.02469,3.9752812
0.024692,3.9752812
0.024694,3.9752812
0.024696,3.9752812
0.024698,3.9752812
0.024699999,3.9752812
0.024702,3.9752812
0.024704,3.9752812
0.024706,3.9752812
0.024708,3.9752812
0.02471,3.9752812
0.024712,3.9752812
0.024714,3.9752812
0.024716,3.9752812
0.024718,3.9752812
0.02472,3.9752812
0.024722,3.9752812
0.024724,3.9752812
0.024726,3.9752812
0.024728,3.9752812
0.02473,3.9752812
0.024732,3.9752812
0.024734,3.9752812
0.024736,3.9752812
0.024738,3.9752812
0.02474,3.9752812
0.024742,3.9752812
0.024744,3.9752812
0.024746,3.9752812
0.024748,3.9752812
0.02475,3.9752812
0.024752,3.9752812
0.024754,3.9752812
0.024756,3.9752812
0.024758,3.9752812
0.02476,3.9752812
0.024761999,3.9752812
0.024764,3.9752812
0.024766,3.9752812
0.024768,3.9752812
0.02477,3.9752812
0.024772,3.9752812
0.024774,3.9752812
0.024776,3.9752812
0.024778,3.9752812
0.02478,3.9752812
0.024782,3.0044227
0.024784,2.727035
0.024786,2.727035
0.024788,2.727035
0.02479,2.727035
0.024792,2.727035
0.024794,2.727035
0.024796,2.727035
0.024798,2.727035
0.0248,2.6808028
0.024802,2.6808028
0.024804,2.6808028
0.024806,2.6808028
0.024808,2.6808028
0.02481,2.6808028
0.024812,2.6808028
0.024814,2.6808028
0.024816,2.6808028
0.024818,2.6808028
0.02482,2.6808028
0.024822,2.6808028
0.024823999,2.6808028
0.024826,2.6808028
0.024828,2.6808028
0.02483,2.6808028
0.024832,2.6808028
0.024834,2.6808028
0.024836,2.6808028
0.024838,2.6808028
0.02484,2.6808028
0.024842,2.6808028
0.024844,2.6808028
0.024846,2.6808028
0.024848,2.6808028
0.02485,2.6808028
0.024852,2.6808028
0.024854,2.6808028
0.024856,2.6808028
0.024858,2.6808028
0.02486,2.6808028
0.024862,2.6808028
0.024864,2.6808028
0.024866,2.6808028
0.024868,2.6808028
0.02487,2.6808028
0.024872,2.6808028
0.024874,2.6808028
0.024876,2.6808028
0.024878,2.6808028
0.02488,2.6808028
0.024882,2.6808028
0.024884,2.6808028
0.024885999,2.6808028
0.024888,2.6808028
0.02489,2.6808028
0.024892,2.6808028
0.024894,2.6808028
0.024896,2.6808028
0.024898,2.6808028
0.0249,2.6808028
0.024902,2.6808028
0.024904,2.6808028
0.024906,2.6808028
0.024908,2.6808028
0.02491,2.6808028
0.024912,2.6808028
0.024914,2.6808028
0.024916,2.6808028
0.024918,2.6808028
0.02492,2.6808028
0.024922,2.6808028
0.024924,2.6808028
0.024926,2.6808028
0.024928,2.6808028
0.02493,2.6808028
0.024932,2.6808028
0.024934,2.6808028
0.024936,2.6808028
0.024938,2.6808028
0.02494,2.6808028
0.024942,2.6808028
0.024944,2.6808028
0.024946,2.6808028
0.024947999,2.6808028
0.02495,2.6808028
0.024952,2.6808028
0.024954,2.6808028
0.024956,2.6808028
0.024958,2.6808028
0.02496,2.6808028
0.024962,2.6808028
0.024964,2.6808028
0.024966,2.6808028
0.024968,2.6808028
0.02497,2.6808028
0.024972,2.6808028
0.024974,2.6808028
0.024976,2.6808028
0.024978,2.6808028
0.02498,2.6808028
0.024982,2.6808028
0.024984,2.6808028
0.024986,2.6808028
0.024988,2.6808028
0.02499,2.6808028
0.024992,2.6808028
0.024994,2.6808028
0.024996,2.6808028
0.024998,2.6808028
0.025,2.6808028
0.025002,2.6808028
0.025004,2.6808028
0.025006,2.6808028
0.025008,2.6808028
0.025009999,2.6808028
0.025012,2.6808028
0.025014,2.6808028
0.025016,2.6808028
0.025018,2.6808028
0.02502,2.6808028
0.025022,2.6808028
0.025024,2.6808028
0.025026,2.6808028
0.025028,2.6808028
0.02503,2.6808028
0.025032,2.6808028
0.025034,2.6808028
0.025036,2.6808028
0.025038,2.6808028
0.02504,2.6808028
0.025042,2.6808028
0.025044,2.6808028
0.025046,2.6808028
0.025048,2.6808028
0.02505,2.6808028
0.025052,2.6808028
0.025054,2.6808028
0.025056,2.6808028
0.025058,2.6808028
0.02506,2.6808028
0.025062,2.6808028
0.025064,2.6808028
0.025066,2.6808028
0.025068,2.6808028
0.02507,2.6808028
0.025071999,2.6808028
0.025074,2.6808028
0.025076,2.6808028
0.025078,2.6808028
0.02508,2.6808028
0.025082,2.6808028
0.025084,2.6808028
0.025086,2.6808028
0.025088,2.6808028
0.02509,2.6808028
0.025092,2.6808028
0.025094,2.6808028
0.025096,2.6808028
0.025098,2.6808028
0.0251,2.6808028
0.025102,2.6808028
0.025104,2.6808028
0.025106,2.6808028
0.025108,2.3109517
0.02511,1.4787879
0.025112,1.4325566
0.025114,1.4325566
0.025116,1.4325566
0.025118,1.4325566
0.02512,1.4325566
0.025122,1.4325566
0.025124,1.4325566
0.025126,1.4325566
0.025128,1.4325566
0.02513,1.4325566
0.025132,1.4325566
0.025133999,1.4325566
0.025136,1.4325566
0.025138,1.4325566
0.02514,1.4325566
0.025142,1.4325566
0.025144,1.4325566
0.025146,1.4325566
0.025148,1.4325566
0.02515,1.3863249
0.025152,1.3863249
0.025154,1.3863249
0.025156,1.3863249
0.025158,1.3863249
0.02516,1.3863249
0.025162,1.3863249
0.025164,1.3863249
0.025166,1.3863249
0.025168,1.3863249
0.02517,1.3863249
0.025172,1.3863249
0.025174,1.3863249
0.025176,1.3863249
0.025178,1.3863249
0.02518,1.3863249
0.025182,1.3863249
0.025184,1.3863249
0.025186,1.3863249
0.025187999,1.3863249
0.02519,1.3863249
0.025192,1.3863249
0.025194,1.3863249
0.025196,1.3863249
0.025198,1.3863249
0.0252,1.3863249
0.025202,1.3863249
0.025204,1.3863249
0.025206,1.3863249
0.025208,1.3863249
0.02521,1.3863249
0.025212,1.3863249
0.025214,1.3863249
0.025216,1.3863249
0.025218,1.3863249
0.02522,1.3863249
0.025222,1.3863249
0.025224,1.3863249
0.025226,1.3863249
0.025228,1.3863249
0.02523,1.3863249
0.025232,1.3863249
0.025234,1.3863249
0.025236,1.3863249
0.025238,1.3863249
0.02524,1.3863249
0.025242,1.3863249
0.025244,1.3863249
0.025246,1.3863249
0.025248,1.3863249
0.025249999,1.3863249
0.025252,1.3863249
0.025254,1.3863249
0.025256,1.3863249
0.025258,1.3863249
0.02526,1.3863249
0.025262,1.3863249
0.025264,1.3863249
0.025266,1.3863249
0.025268,1.3863249
0.02527,1.3863249
0.025272,1.3863249
0.025274,1.3863249
0.025276,1.3863249
0.025278,1.3863249
0.02528,1.3863249
0.025282,1.3863249
0.025284,1.3863249
0.025286,1.3863249
0.025288,1.3863249
0.02529,1.3863249
0.025292,1.3863249
0.025294,1.3863249
0.025296,1.3863249
0.025298,1.3863249
0.0253,1.3863249
0.025302,1.3863249
0.025304,1.3863249
0.025306,1.3863249
0.025308,1.3863249
0.02531,1.3863249
0.025311999,1.3863249
0.025314,1.3863249
0.025316,1.3863249
0.025318,1.3863249
0.02532,1.3863249
0.025322,1.3863249
0.025324,1.3863249
0.025326,1.3863249
0.025328,1.3863249
0.02533,1.3863249
0.025332,1.3863249
0.025334,1.3863249
0.025336,1.3863249
0.025338,1.3863249
0.02534,1.3863249
0.025342,1.3863249
0.025344,1.3863249
0.025346,1.3863249
0.025348,1.3863249
0.02535,1.3863249
0.025352,1.3863249
0.025354,1.3863249
0.025356,1.3863249
0.025358,1.3863249
0.02536,1.3863249
0.025362,1.3863249
0.025364,1.3863249
0.025366,1.3863249
0.025368,1.3863249
0.02537,1.3863249
0.025372,1.3863249
0.025373999,1.3863249
0.025376,1.3863249
0.025378,1.3863249
0.02538,1.3863249
0.025382,1.3863249
0.025384,1.3863249
0.025386,1.3863249
0.025388,1.3863249
0.02539,1.3863249
0.025392,1.3863249
0.025394,1.3863249
0.025396,1.3863249
0.025398,1.3863249
0.0254,1.3863249
0.025402,1.3863249
0.025404,1.3863249
0.025406,1.3863249
0.025408,1.3863249
0.02541,1.3863249
0.025412,1.3863249
0.025414,1.3863249
0.025416,1.3863249
0.025418,1.3863249
0.02542,1.3863249
0.025422,1.3863249
0.025424,1.3863249
0.025426,1.3863249
0.025428,1.3863249
0.02543,1.3863249
0.025432,1.3863249
0.025434,1.3863249
0.025435999,1.3863249
0.025438,1.3863249
0.02544,1.3863249
0.025442,1.3863249
0.025444,1.3863249
0.025446,1.3863249
0.025448,1.3863249
0.02545,1.3863249
0.025452,1.3863249
0.025454,1.3863249
0.025456,1.3863249
0.025458,1.3863249
0.02546,1.3863249
0.025462,1.3863249
0.025464,1.3863249
0.025466,1.3863249
0.025468,1.3863249
0.02547,1.3863249
0.025472,1.3863249
0.025474,1.3863249
0.025476,1.3863249
0.025478,1.3863249
0.02548,1.3863249
0.025482,1.3863249
0.025484,1.3863249
0.025486,1.3863249
0.025488,1.3863249
0.02549,0.36923456
0.025492,0.13807821
0.025494,0.13807821
0.025496,0.13807821
0.025497999,0.13807821
0.0255,0.13807821
0.025502,0.13807821
0.025504,0.13807821
0.025506,0.13807821
0.025508,0.13807821
0.02551,0.13807821
0.025512,0.13807821
0.025514,0.13807821
0.025516,0.091846466
0.025518,0.091846466
0.02552,0.091846466
0.025522,0.091846466
0.025524,0.091846466
0.025526,0.091846466
0.025528,0.091846466
0.02553,0.091846466
0.025532,0.091846466
0.025534,0.091846466
0.025536,0.091846466
0.025538,0.091846466
0.02554,0.091846466
0.025542,0.091846466
0.025544,0.091846466
0.025546,0.091846466
0.025548,0.091846466
0.02555,0.091846466
0.025552,0.091846466
0.025554,0.091846466
0.025556,0.091846466
0.025558,0.091846466
0.025559999,0.091846466
0.025562,0.091846466
0.025564,0.091846466
0.025566,0.091846466
0.025568,0.091846466
0.02557,0.091846466
0.025572,0.091846466
0.025574,0.091846466
0.025576,0.091846466
0.025578,0.091846466
0.02558,0.091846466
0.025582,0.091846466
0.025584,0.091846466
0.025586,0.091846466
0.025588,0.091846466
0.02559,0.091846466
0.025592,0.091846466
0.025594,0.091846466
0.025596,0.091846466
0.025598,0.091846466
0.0256,0.091846466
0.025602,0.091846466
0.025604,0.091846466
0.025606,0.091846466
0.025608,0.091846466
0.02561,0.091846466
0.025612,0.091846466
0.025614,0.091846466
0.025616,0.091846466
0.025618,0.091846466
0.02562,0.091846466
0.025621999,0.091846466
0.025624,0.091846466
0.025626,0.091846466
0.025628,0.091846466
0.02563,0.091846466
0.025632,0.091846466
0.025634,0.091846466
0.025636,0.091846466
0.025638,0.091846466
0.02564,0.091846466
0.025642,0.091846466
0.025644,0.091846466
0.025646,0.091846466
0.025648,0.091846466
0.02565,0.091846466
0.025652,0.091846466
0.025654,0.091846466
0.025656,0.091846466
0.025658,0.091846466
0.02566,0.091846466
0.025662,0.091846466
0.025664,0.091846466
0.025666,0.091846466
0.025668,0.091846466
0.02567,0.091846466
0.025672,0.091846466
0.025674,0.091846466
0.025676,0.091846466
0.025678,0.091846466
0.02568,0.091846466
0.025682,0.091846466
0.025683999,0.091846466
0.025686,0.091846466
0.025688,0.091846466
0.02569,0.091846466
0.025692,0.091846466
0.025694,0.091846466
0.025696,0.091846466
0.025698,0.091846466
0.0257,0.091846466
0.025702,0.091846466
0.025704,0.091846466
0.025706,0.091846466
0.025708,0.091846466
0.02571,0.091846466
0.025712,0.091846466
0.025714,0.091846466
0.025716,0.091846466
0.025718,0.091846466
0.02572,0.091846466
0.025722,0.091846466
0.025724,0.091846466
0.025726,0.091846466
0.025728,0.091846466
0.02573,0.091846466
0.025732,0.091846466
0.025734,0.091846466
0.025736,0.091846466
0.025737999,0.091846466
0.02574,0.091846466
0.025742,0.091846466
0.025744,0.091846466
0.025745999,0.091846466
0.025748,0.091846466
0.02575,0.091846466
0.025752,0.091846466
0.025754,0.091846466
0.025756,0.091846466
0.025758,0.091846466
0.02576,0.091846466
0.025762,0.091846466
0.025764,0.091846466
0.025766,0.091846466
0.025768,0.091846466
0.02577,0.091846466
0.025772,0.091846466
0.025774,0.091846466
0.025776,0.091846466
0.025778,0.091846466
0.02578,0.091846466
0.025782,0.091846466
0.025784,0.091846466
0.025786,0.091846466
0.025788,0.091846466
0.02579,0.091846466
0.025792,0.091846466
0.025794,0.091846466
0.025796,0.091846466
0.025798,0.091846466
0.025799999,0.091846466
0.025802,0.091846466
0.025804,0.091846466
0.025806,0.091846466
0.025808,0.091846466
0.02581,0.091846466
0.025812,0.091846466
0.025814,0.091846466
0.025816,0.091846466
0.025818,0.091846466
0.02582,0.091846466
0.025822,0.091846466
0.025824,0.091846466
0.025826,0.091846466
0.025828,0.091846466
0.02583,0.091846466
0.025832,0.091846466
0.025834,0.091846466
0.025836,0.091846466
0.025838,0.091846466
0.02584,0.091846466
0.025842,0.091846466
0.025844,0.091846466
0.025846,0.091846466
0.025848,0.091846466
0.02585,0.091846466
0.025852,0.091846466
0.025854,0.091846466
0.025856,0.091846466
0.025858,0.091846466
0.02586,0.091846466
0.025861999,0.091846466
0.025864,0.091846466
0.025866,0.091846466
0.025868,0.091846466
0.02587,0.091846466
0.025872,0.091846466
0.025874,0.091846466
0.025876,0.091846466
0.025878,0.091846466
0.02588,0.091846466
0.025882,0.091846466
0.025884,0.091846466
0.025886,0.091846466
0.025888,0.091846466
0.02589,0.091846466
0.025892,0.091846466
0.025894,0.091846466
0.025896,0.091846466
0.025898,0.091846466
0.0259,0.091846466
0.025902,0.091846466
0.025904,0.091846466
0.025906,0.091846466
0.025908,0.091846466
0.02591,0.091846466
0.025912,0.091846466
0.025914,0.091846466
0.025916,0.091846466
0.025918,0.091846466
0.02592,0.091846466
0.025922,0.091846466
0.025923999,0.091846466
0.025926,0.091846466
0.025928,0.091846466
0.02593,0.091846466
0.025932,0.091846466
0.025934,0.091846466
0.025936,0.091846466
0.025938,0.091846466
0.02594,0.091846466
0.025942,0.091846466
0.025944,0.091846466
0.025946,0.091846466
0.025948,0.091846466
0.02595,0.091846466
0.025952,0.091846466
0.025954,0.091846466
0.025956,0.091846466
0.025958,0.091846466
0.02596,0.091846466
0.025962,0.091846466
0.025964,0.091846466
0.025966,0.091846466
0.025968,0.091846466
0.02597,0.091846466
0.025972,0.091846466
0.025974,0.091846466
0.025976,0.091846466
0.025978,0.091846466
0.02598,0.091846466
0.025982,0.091846466
0.025984,0.091846466
0.025985999,0.091846466
0.025988,0.091846466
0.02599,0.091846466
0.025992,0.091846466
0.025994,0.091846466
0.025996,0.091846466
0.025998,0.091846466
0.026,0.091846466
0.026002,0.091846466
0.026004,0.091846466
0.026006,0.091846466
0.026008,0.091846466
0.02601,0.091846466
0.026012,0.091846466
0.026014,0.091846466
0.026016,0.091846466
0.026018,0.091846466
0.02602,0.091846466
0.026022,0.091846466
0.026024,0.091846466
0.026026,0.091846466
0.026028,0.091846466
0.02603,0.091846466
0.026032,0.091846466
0.026034,0.091846466
0.026036,0.091846466
0.026038,0.091846466
0.02604,0.091846466
0.026042,0.091846466
0.026044,0.091846466
0.026046,0.091846466
0.026047999,0.091846466
0.02605,0.091846466
0.026052,0.091846466
0.026054,0.091846466
0.026056,0.091846466
0.026058,0.091846466
0.02606,0.091846466
0.026062,0.091846466
0.026064,0.091846466
0.026066,0.091846466
0.026068,0.091846466
0.02607,0.091846466
0.026072,0.091846466
0.026074,0.091846466
0.026076,0.091846466
0.026078,0.091846466
0.02608,0.091846466
0.026082,0.091846466
0.026084,0.091846466
0.026086,0.091846466
0.026088,0.091846466
0.02609,0.091846466
0.026092,0.091846466
0.026094,0.091846466
0.026096,0.091846466
0.026098,0.091846466
0.0261,0.091846466
0.026102,0.091846466
0.026104,0.091846466
0.026106,0.091846466
0.026108,0.091846466
0.026109999,0.091846466
0.026112,0.091846466
0.026114,0.091846466
0.026116,0.091846466
0.026118,0.091846466
0.02612,0.091846466
0.026122,0.091846466
0.026124,0.091846466
0.026126,0.091846466
0.026128,0.091846466
0.02613,0.091846466
0.026132,0.091846466
0.026134,0.091846466
0.026136,0.091846466
0.026138,0.091846466
0.02614,0.091846466
0.026142,0.091846466
0.026144,0.091846466
0.026146,0.091846466
0.026148,0.091846466
0.02615,0.091846466
0.026152,0.091846466
0.026154,0.091846466
0.026156,0.091846466
0.026158,0.091846466
0.02616,0.091846466
0.026162,0.091846466
0.026164,0.091846466
0.026166,0.091846466
0.026168,0.091846466
0.02617,0.091846466
0.026171999,0.091846466
0.026174,0.091846466
0.026176,0.091846466
0.026178,0.091846466
0.02618,0.091846466
0.026182,0.091846466
0.026184,0.091846466
0.026186,0.091846466
0.026188,0.091846466
0.02619,0.091846466
0.026192,0.091846466
0.026194,0.091846466
0.026196,0.091846466
0.026198,0.091846466
0.0262,0.091846466
0.026202,0.091846466
0.026204,0.091846466
0.026206,0.091846466
0.026208,0.091846466
0.02621,0.091846466
0.026212,0.091846466
0.026214,0.091846466
0.026216,0.091846466
0.026218,0.091846466
0.02622,0.091846466
0.026222,0.091846466
0.026224,0.091846466
0.026226,0.091846466
0.026228,0.091846466
0.02623,0.091846466
0.026232,0.091846466
0.026233999,0.091846466
0.026236,0.091846466
0.026238,0.091846466
0.02624,0.091846466
0.026242,0.091846466
0.026244,0.091846466
0.026246,0.091846466
0.026248,0.091846466
0.02625,0.091846466
0.026252,0.091846466
0.026254,0.091846466
0.026256,0.091846466
0.026258,0.091846466
0.02626,0.091846466
0.026262,0.091846466
0.026264,0.091846466
0.026266,0.091846466
0.026268,0.091846466
0.02627,0.091846466
0.026272,0.091846466
0.026274,0.091846466
0.026276,0.091846466
0.026278,0.091846466
0.02628,0.091846466
0.026282,0.091846466
0.026284,0.091846466
0.026286,0.091846466
0.026287999,0.091846466
0.02629,0.091846466
0.026292,0.091846466
0.026294,0.091846466
0.026295999,0.091846466
0.026298,0.091846466
0.0263,0.091846466
0.026302,0.091846466
0.026304,0.091846466
0.026306,1.0627055
0.026308,1.3400936
0.02631,1.3400936
0.026312,1.3400936
0.026314,1.3863249
0.026316,1.3863249
0.026318,1.3863249
0.02632,1.3863249
0.026322,1.3863249
0.026324,1.3863249
0.026326,1.3863249
0.026328,1.3863249
0.02633,1.3863249
0.026332,1.3863249
0.026334,1.3863249
0.026336,1.3863249
0.026338,1.3863249
0.02634,1.3863249
0.026342,1.3863249
0.026344,1.3863249
0.026346,1.3863249
0.026348,1.3863249
0.026349999,1.3863249
0.026352,1.3863249
0.026354,1.3863249
0.026356,1.3863249
0.026358,1.3863249
0.02636,1.3863249
0.026362,1.3863249
0.026364,1.3863249
0.026366,1.3863249
0.026368,1.3863249
0.02637,1.3863249
0.026372,1.3863249
0.026374,1.3863249
0.026376,1.3863249
0.026378,1.3863249
0.02638,1.3863249
0.026382,1.3863249
0.026384,1.3863249
0.026386,1.3863249
0.026388,1.3863249
0.02639,1.3863249
0.026392,1.3863249
0.026394,1.3863249
0.026396,1.3863249
0.026398,1.3863249
0.0264,1.3863249
0.026402,1.3863249
0.026404,1.3863249
0.026406,1.3863249
0.026408,1.3863249
0.02641,1.3863249
0.026411999,1.3863249
0.026414,1.3863249
0.026416,1.3863249
0.026418,1.3863249
0.02642,1.3863249
0.026422,1.3863249
0.026424,1.3863249
0.026426,1.3863249
0.026428,1.3863249
0.02643,1.3863249
0.026432,1.3863249
0.026434,1.3863249
0.026436,1.3863249
0.026438,1.3863249
0.02644,1.3863249
0.026442,1.3863249
0.026444,1.3863249
0.026446,1.3863249
0.026448,1.3863249
0.02645,1.3863249
0.026452,1.3863249
0.026454,1.3863249
0.026456,1.3863249
0.026458,1.3863249
0.02646,1.3863249
0.026462,1.3863249
0.026464,1.3863249
0.026466,1.3863249
0.026468,1.3863249
0.02647,1.3863249
0.026472,1.3863249
0.026473999,1.3863249
0.026476,1.3863249
0.026478,1.3863249
0.02648,1.3863249
0.026482,1.3863249
0.026484,1.3863249
0.026486,1.3863249
0.026488,1.3863249
0.02649,1.3863249
0.026492,1.3863249
0.026494,1.3863249
0.026496,1.3863249
0.026498,1.3863249
0.0265,1.3863249
0.026502,1.3863249
0.026504,1.3863249
0.026506,1.3863249
0.026508,1.3863249
0.02651,1.3863249
0.026512,1.3863249
0.026514,1.3863249
0.026516,1.3863249
0.026518,1.3863249
0.02652,1.3863249
0.026522,1.3863249
0.026524,1.3863249
0.026526,1.3863249
0.026528,1.3863249
0.02653,1.3863249
0.026532,1.3863249
0.026534,1.3863249
0.026535999,1.3863249
0.026538,1.3863249
0.02654,1.3863249
0.026542,1.3863249
0.026544,1.3863249
0.026546,1.3863249
0.026548,1.3863249
0.02655,1.3863249
0.026552,1.3863249
0.026554,1.3863249
0.026556,1.3863249
0.026558,1.3863249
0.02656,1.3863249
0.026562,1.3863249
0.026564,1.3863249
0.026566,1.3863249
0.026568,1.3863249
0.02657,1.3863249
0.026572,1.3863249
0.026574,1.3863249
0.026576,1.3863249
0.026578,1.3863249
0.02658,1.3863249
0.026582,1.3863249
0.026584,1.3863249
0.026586,1.3863249
0.026588,1.3863249
0.02659,1.3863249
0.026592,1.3863249
0.026594,1.3863249
0.026596,1.3863249
0.026597999,1.3863249
0.0266,1.3863249
0.026602,1.3863249
0.026604,1.3863249
0.026606,1.3863249
0.026608,1.3863249
0.02661,1.3863249
0.026612,1.3863249
0.026614,1.3863249
0.026616,1.3863249
0.026618,1.3863249
0.02662,1.3863249
0.026622,1.3863249
0.026624,1.3863249
0.026626,1.3863249
0.026628,1.3863249
0.02663,1.3863249
0.026632,1.3863249
0.026634,1.3863249
0.026636,1.3863249
0.026638,1.3863249
0.02664,1.3863249
0.026642,1.3863249
0.026644,1.3863249
0.026646,1.3863249
0.026648,1.3863249
0.02665,1.3863249
0.026652,1.3863249
0.026654,1.3863249
0.026656,1.3863249
0.026658,1.3863249
0.026659999,2.3109517
0.026662,2.6345725
0.026664,2.6345725
0.026666,2.6345725
0.026668,2.6345725
0.02667,2.6345725
0.026672,2.6345725
0.026674,2.6345725
0.026676,2.6345725
0.026678,2.6808028
0.02668,2.6808028
0.026682,2.6808028
0.026684,2.6808028
0.026686,2.6808028
0.026688,2.6808028
0.02669,2.6808028
0.026692,2.6808028
0.026694,2.6808028
0.026696,2.6808028
0.026698,2.6808028
0.0267,2.6808028
0.026702,2.6808028
0.026704,2.6808028
0.026706,2.6808028
0.026708,2.6808028
0.02671,2.6808028
0.026712,2.6808028
0.026714,2.6808028
0.026716,2.6808028
0.026718,2.6808028
0.02672,2.6808028
0.026721999,2.6808028
0.026724,2.6808028
0.026726,2.6808028
0.026728,2.6808028
0.02673,2.6808028
0.026732,2.6808028
0.026734,2.6808028
0.026736,2.6808028
0.026738,2.6808028
0.02674,2.6808028
0.026742,2.6808028
0.026744,2.6808028
0.026746,2.6808028
0.026748,2.6808028
0.02675,2.6808028
0.026752,2.6808028
0.026754,2.6808028
0.026756,2.6808028
0.026758,2.6808028
0.02676,2.6808028
0.026762,2.6808028
0.026764,2.6808028
0.026766,2.6808028
0.026768,2.6808028
0.02677,2.6808028
0.026772,2.6808028
0.026774,2.6808028
0.026776,2.6808028
0.026778,2.6808028
0.02678,2.6808028
0.026782,2.6808028
0.026783999,2.6808028
0.026786,2.6808028
0.026788,2.6808028
0.02679,2.6808028
0.026792,2.6808028
0.026794,2.6808028
0.026796,2.6808028
0.026798,2.6808028
0.0268,2.6808028
0.026802,2.6808028
0.026804,2.6808028
0.026806,2.6808028
0.026808,2.6808028
0.02681,2.6808028
0.026812,2.6808028
0.026814,2.6808028
0.026816,2.6808028
0.026818,2.6808028
0.02682,2.6808028
0.026822,2.6808028
0.026824,2.6808028
0.026826,2.6808028
0.026828,2.6808028
0.02683,2.6808028
0.026832,2.6808028
0.026834,2.6808028
0.026836,2.6808028
0.026837999,2.6808028
0.02684,2.6808028
0.026842,2.6808028
0.026844,2.6808028
0.026845999,2.6808028
0.026848,2.6808028
0.02685,2.6808028
0.026852,2.6808028
0.026854,2.6808028
0.026856,2.6808028
0.026858,2.6808028
0.02686,2.6808028
0.026862,2.6808028
0.026864,2.6808028
0.026866,2.6808028
0.026868,2.6808028
0.02687,2.6808028
0.026872,2.6808028
0.026874,2.6808028
0.026876,2.6808028
0.026878,2.6808028
0.02688,2.6808028
0.026882,2.6808028
0.026884,2.6808028
0.026886,2.6808028
0.026888,2.6808028
0.02689,2.6808028
0.026892,2.6808028
0.026894,2.6808028
0.026896,2.6808028
0.026898,2.6808028
0.026899999,2.6808028
0.026902,2.6808028
0.026904,2.6808028
0.026906,2.6808028
0.026907999,2.6808028
0.02691,2.6808028
0.026912,2.6808028
0.026914,2.6808028
0.026916,2.6808028
0.026918,2.6808028
0.02692,2.6808028
0.026922,2.6808028
0.026924,2.6808028
0.026926,2.6808028
0.026928,2.6808028
0.02693,2.6808028
0.026932,2.6808028
0.026934,2.6808028
0.026936,2.6808028
0.026938,2.6808028
0.02694,2.6808028
0.026942,2.6808028
0.026944,2.6808028
0.026946,2.6808028
0.026948,2.6808028
0.02695,2.6808028
0.026952,2.6808028
0.026954,2.6808028
0.026956,2.6808028
0.026958,2.6808028
0.02696,2.6808028
0.026961999,2.6808028
0.026964,2.6808028
0.026966,2.6808028
0.026968,2.6808028
0.02697,2.6808028
0.026972,2.6808028
0.026974,2.6808028
0.026976,2.6808028
0.026978,2.6808028
0.02698,2.6808028
0.026982,2.6808028
0.026984,2.6808028
0.026986,3.23558
0.026988,3.9752812
0.02699,3.92905
0.026992,3.92905
0.026994,3.92905
0.026996,3.92905
0.026998,3.9752812
0.027,3.9752812
0.027002,3.9752812
0.027004,3.9752812
0.027006,3.9752812
0.027008,3.9752812
0.02701,3.9752812
0.027012,3.9752812
0.027014,3.9752812
0.027016,3.9752812
0.027018,3.9752812
0.02702,3.9752812
0.027022,3.9752812
0.027023999,3.9752812
0.027026,3.9752812
0.027028,3.9752812
0.02703,3.9752812
0.027032,3.9752812
0.027034,3.9752812
0.027036,3.9752812
0.027038,3.9752812
0.02704,3.9752812
0.027042,3.9752812
0.027044,3.9752812
0.027046,3.9752812
0.027048,3.9752812
0.02705,3.9752812
0.027052,3.9752812
0.027054,3.9752812
0.027056,3.9752812
0.027058,3.9752812
0.02706,3.9752812
0.027062,3.9752812
0.027064,3.9752812
0.027066,3.9752812
0.027068,3.9752812
0.02707,3.9752812
0.027072,3.9752812
0.027074,3.9752812
0.027076,3.9752812
0.027078,3.9752812
0.02708,3.9752812
0.027082,3.9752812
0.027084,3.9752812
0.027085999,3.9752812
0.027088,3.9752812
0.02709,3.9752812
0.027092,3.9752812
0.027094,3.9752812
0.027096,3.9752812
0.027098,3.9752812
0.0271,3.9752812
0.027102,3.9752812
0.027104,3.9752812
0.027106,3.9752812
0.027108,3.9752812
0.02711,3.9752812
0.027112,3.9752812
0.027114,3.9752812
0.027116,3.9752812
0.027118,3.9752812
0.02712,3.9752812
0.027122,3.9752812
0.027124,3.9752812
0.027126,3.9752812
0.027128,3.9752812
0.02713,3.9752812
0.027132,3.9752812
0.027134,3.9752812
0.027136,3.9752812
0.027138,3.9752812
0.02714,3.9752812
0.027142,3.9752812
0.027144,3.9752812
0.027146,3.9752812
0.027147999,3.9752812
0.02715,3.9752812
0.027152,3.9752812
0.027154,3.9752812
0.027156,3.9752812
0.027158,3.9752812
0.02716,3.9752812
0.027162,3.9752812
0.027164,3.9752812
0.027166,3.9752812
0.027168,3.9752812
0.02717,3.9752812
0.027172,3.9752812
0.027174,3.9752812
0.027176,3.9752812
0.027178,3.9752812
0.02718,3.9752812
0.027182,3.9752812
0.027184,3.9752812
0.027186,3.9752812
0.027188,3.9752812
0.02719,3.9752812
0.027192,3.9752812
0.027194,3.9752812
0.027196,3.9752812
0.027198,3.9752812
0.0272,3.9752812
0.027202,3.9752812
0.027204,3.9752812
0.027206,3.9752812
0.027208,3.9752812
0.027209999,3.9752812
0.027212,3.9752812
0.027214,3.9752812
0.027216,3.9752812
0.027218,3.9752812
0.02722,3.9752812
0.027222,3.9752812
0.027224,3.9752812
0.027226,3.9752812
0.027228,3.9752812
0.02723,3.9752812
0.027232,3.9752812
0.027234,3.9752812
0.027236,3.9752812
0.027238,3.9752812
0.02724,3.9752812
0.027242,3.9752812
0.027244,3.9752812
0.027246,3.9752812
0.027248,3.9752812
0.02725,3.9752812
0.027252,3.9752812
0.027254,3.9752812
0.027256,3.9752812
0.027258,3.9752812
0.02726,3.9752812
0.027262,3.9752812
0.027264,3.9752812
0.027266,3.9752812
0.027268,3.9752812
0.02727,3.9752812
0.027271999,3.9752812
0.027274,3.9752812
0.027276,3.9752812
0.027278,3.9752812
0.02728,3.9752812
0.027282,3.9752812
0.027284,3.9752812
0.027286,3.9752812
0.027288,3.9752812
0.02729,3.9752812
0.027292,3.9752812
0.027294,3.9752812
0.027296,3.9752812
0.027298,3.9752812
0.0273,3.9752812
0.027302,3.9752812
0.027304,3.9752812
0.027306,3.9752812
0.027308,3.9752812
0.02731,3.9752812
0.027312,3.9752812
0.027314,3.9752812
0.027316,3.9752812
0.027318,3.9752812
0.02732,3.9752812
0.027322,3.9752812
0.027324,3.9752812
0.027326,3.9752812
0.027328,3.9752812
0.02733,3.9752812
0.027332,3.9752812
0.027333999,3.9752812
0.027336,3.9752812
0.027338,3.9752812
0.02734,3.9752812
0.027342,3.9752812
0.027344,3.9752812
0.027346,3.9752812
0.027348,3.9752812
0.02735,3.9752812
0.027352,3.9752812
0.027354,3.9752812
0.027356,3.9752812
0.027358,3.9752812
0.02736,3.9752812
0.027362,3.9752812
0.027364,3.9752812
0.027366,3.9752812
0.027368,3.9752812
0.02737,3.9752812
0.027372,3.9752812
0.027374,3.9752812
0.027376,3.9752812
0.027378,3.9752812
0.02738,3.9752812
0.027382,3.9752812
0.027384,3.9752812
0.027386,3.9752812
0.027388,3.9752812
0.02739,3.9752812
0.027392,3.9752812
0.027394,3.9752812
0.027395999,3.9752812
0.027398,3.9752812
0.0274,3.9752812
0.027402,3.9752812
0.027404,3.9752812
0.027406,3.9752812
0.027408,3.9752812
0.02741,3.9752812
0.027412,3.9752812
0.027414,3.9752812
0.027416,3.9752812
0.027418,3.9752812
0.02742,3.9752812
0.027422,3.9752812
0.027424,3.9752812
0.027426,3.9752812
0.027428,3.9752812
0.02743,3.9752812
0.027432,3.9752812
0.027434,3.9752812
0.027436,3.9752812
0.027438,3.9752812
0.02744,3.9752812
0.027442,3.9752812
0.027444,3.9752812
0.027446,3.9752812
0.027448,3.9752812
0.027449999,3.9752812
0.027452,3.9752812
0.027454,3.9752812
0.027456,3.9752812
0.027457999,3.9752812
0.02746,3.9752812
0.027462,3.9752812
0.027464,3.9752812
0.027466,3.9752812
0.027468,3.9752812
0.02747,3.9752812
0.027472,3.9752812
0.027474,3.9752812
0.027476,3.9752812
0.027478,3.9752812
0.02748,3.9752812
0.027482,3.9752812
0.027484,3.9752812
0.027486,3.9752812
0.027488,3.9752812
0.02749,3.9752812
0.027492,3.9752812
0.027494,3.9752812
0.027496,3.9752812
0.027498,3.9752812
0.0275,3.9752812
0.027502,3.9752812
0.027504,3.9752812
0.027506,3.9752812
0.027508,3.9752812
0.02751,3.9752812
0.027511999,3.9752812
0.027514,3.9752812
0.027516,3.9752812
0.027518,3.9752812
0.02752,3.9752812
0.027522,3.9752812
0.027524,3.9752812
0.027526,3.9752812
0.027528,3.9752812
0.02753,3.9752812
0.027532,3.9752812
0.027534,3.9752812
0.027536,3.9752812
0.027538,3.9752812
0.02754,3.9752812
0.027542,3.9752812
0.027544,3.9752812
0.027546,3.9752812
0.027548,3.9752812
0.02755,3.9752812
0.027552,3.9752812
0.027554,3.9752812
0.027556,3.9752812
0.027558,3.9752812
0.02756,3.9752812
0.027562,3.9752812
0.027564,3.9752812
0.027566,3.9752812
0.027568,3.9752812
0.02757,3.9752812
0.027572,3.9752812
0.027573999,3.9752812
0.027576,3.9752812
0.027578,3.9752812
0.02758,3.9752812
0.027582,3.9752812
0.027584,3.9752812
0.027586,3.9752812
0.027588,3.9752812
0.02759,3.9752812
0.027592,3.9752812
0.027594,3.9752812
0.027596,3.9752812
0.027598,3.9752812
0.0276,3.9752812
0.027602,3.9752812
0.027604,3.9752812
0.027606,3.9752812
0.027608,3.9752812
0.02761,3.9752812
0.027612,3.9752812
0.027614,3.9752812
0.027616,3.9752812
0.027618,3.9752812
0.02762,3.9752812
0.027622,3.9752812
0.027624,3.9752812
0.027626,3.9752812
0.027628,3.9752812
0.02763,3.9752812
0.027632,3.9752812
0.027634,3.9752812
0.027635999,3.9752812
0.027638,3.9752812
0.02764,3.9752812
0.027642,3.9752812
0.027644,3.9752812
0.027646,3.9752812
0.027648,3.9752812
0.02765,3.9752812
0.027652,3.9752812
0.027654,3.9752812
0.027656,3.9752812
0.027658,3.9752812
0.02766,3.9752812
0.027662,3.9752812
0.027664,3.9752812
0.027666,3.9752812
0.027668,3.9752812
0.02767,3.9752812
0.027672,3.9752812
0.027674,3.9752812
0.027676,3.9752812
0.027678,3.9752812
0.02768,3.9752812
0.027682,3.9752812
0.027684,3.9752812
0.027686,3.9752812
0.027688,3.9752812
0.02769,3.9752812
0.027692,3.9752812
0.027694,3.9752812
0.027696,3.9752812
0.027697999,3.9752812
0.0277,3.9752812
0.027702,3.9752812
0.027704,3.9752812
0.027706,3.9752812
0.027708,3.9752812
0.02771,3.9752812
0.027712,3.9752812
0.027714,3.9752812
0.027716,3.9752812
0.027718,3.9752812
0.02772,3.9752812
0.027722,3.9752812
0.027724,3.9752812
0.027726,3.9752812
0.027728,3.9752812
0.02773,3.9752812
0.027732,3.9752812
0.027734,3.9752812
0.027736,3.9752812
0.027738,3.9752812
0.02774,3.9752812
0.027742,3.9752812
0.027744,3.9752812
0.027746,3.9752812
0.027748,3.9752812
0.02775,3.9752812
0.027752,3.9752812
0.027754,3.9752812
0.027756,3.9752812
0.027758,3.9752812
0.027759999,3.9752812
0.027762,3.9752812
0.027764,3.9752812
0.027766,3.9752812
0.027768,3.9752812
0.02777,3.9752812
0.027772,3.9752812
0.027774,3.9752812
0.027776,3.9752812
0.027778,3.9752812
0.02778,3.9752812
0.027782,3.9752812
0.027784,3.9752812
0.027786,3.9752812
0.027788,3.9752812
0.02779,3.9752812
0.027792,3.9752812
0.027794,3.9752812
0.027796,3.9752812
0.027798,3.9752812
0.0278,3.9752812
0.027802,3.9752812
0.027804,3.9752812
0.027806,3.9752812
0.027808,3.9752812
0.02781,3.9752812
0.027812,3.9752812
0.027814,3.9752812
0.027816,3.9752812
0.027818,3.9752812
0.02782,3.9752812
0.027821999,3.9752812
0.027824,3.9752812
0.027826,3.9752812
0.027828,3.9752812
0.02783,3.9752812
0.027832,3.9752812
0.027834,3.9752812
0.027836,3.9752812
0.027838,3.9752812
0.02784,3.9752812
0.027842,3.9752812
0.027844,3.9752812
0.027846,3.9752812
0.027848,3.9752812
0.02785,3.9752812
0.027852,3.9752812
0.027854,3.9752812
0.027856,3.9752812
0.027858,3.9752812
0.02786,3.9752812
0.027862,3.9752812
0.027864,3.9752812
0.027866,3.9752812
0.027868,3.9752812
0.02787,3.9752812
0.027872,3.9752812
0.027874,3.9752812
0.027876,3.9752812
0.027878,3.9752812
0.02788,3.9752812
0.027882,3.9752812
0.027883999,3.9752812
0.027886,3.9752812
0.027888,3.9752812
0.02789,3.9752812
0.027892,3.9752812
0.027894,3.9752812
0.027896,3.9752812
0.027898,3.9752812
0.0279,3.9752812
0.027902,3.9752812
0.027904,3.9752812
0.027906,3.9752812
0.027908,3.9752812
0.02791,3.9752812
0.027912,3.9752812
0.027914,3.9752812
0.027916,3.9752812
0.027918,3.9752812
0.02792,3.9752812
0.027922,3.9752812
0.027924,3.9752812
0.027926,3.9752812
0.027928,3.9752812
0.02793,3.9752812
0.027932,3.9752812
0.027934,3.9752812
0.027936,3.9752812
0.027938,3.9752812
0.02794,3.9752812
0.027942,3.9752812
0.027944,3.9752812
0.027945999,3.9752812
0.027948,3.9752812
0.02795,3.9752812
0.027952,3.9752812
0.027954,3.9752812
0.027956,3.9752812
0.027958,3.9752812
0.02796,3.9752812
0.027962,3.9752812
0.027964,3.9752812
0.027966,3.9752812
0.027968,3.9752812
0.02797,3.9752812
0.027972,3.9752812
0.027974,3.9752812
0.027976,3.9752812
0.027978,3.9752812
0.02798,3.9752812
0.027982,3.9752812
0.027984,3.9752812
0.027986,3.9752812
0.027988,3.9752812
0.02799,3.9752812
0.027992,3.9752812
0.027994,3.9752812
0.027996,3.9752812
0.027998,3.9752812
0.027999999,3.9752812
0.028002,3.9752812
0.028004,3.9752812
0.028006,3.9752812
0.028007999,3.9752812
0.02801,3.9752812
0.028012,3.9752812
0.028014,3.9752812
0.028016,3.9752812
0.028018,3.9752812
0.02802,3.9752812
0.028022,3.9752812
0.028024,3.9752812
0.028026,3.9752812
0.028028,3.9752812
0.02803,3.9752812
0.028032,3.9752812
0.028034,3.9752812
0.028036,3.9752812
0.028038,3.9752812
0.02804,3.9752812
0.028042,3.9752812
0.028044,3.9752812
0.028046,3.9752812
0.028048,3.9752812
0.02805,3.9752812
0.028052,3.9752812
0.028054,3.9752812
0.028056,3.9752812
0.028058,3.9752812
0.02806,3.9752812
0.028061999,3.9752812
0.028064,3.9752812
0.028066,3.9752812
0.028068,3.9752812
0.02807,3.9752812
0.028072,3.9752812
0.028074,3.9752812
0.028076,3.9752812
0.028078,3.9752812
0.02808,3.9752812
0.028082,3.9752812
0.028084,3.9752812
0.028086,3.9752812
0.028088,3.9752812
0.02809,3.9752812
0.028092,3.9752812
0.028094,3.9752812
0.028096,3.9752812
0.028098,3.9752812
0.0281,3.9752812
0.028102,3.9752812
0.028104,3.9752812
0.028106,3.9752812
0.028108,3.9752812
0.02811,3.9752812
0.028112,3.9752812
0.028114,3.9752812
0.028116,3.9752812
0.028118,3.9752812
0.02812,3.9752812
0.028122,3.9752812
0.028123999,3.9752812
0.028126,3.9752812
0.028128,3.9752812
0.02813,2.8194976
0.028132,2.727035
0.028134,2.727035
0.028136,2.727035
0.028138,2.727035
0.02814,2.727035
0.028142,2.727035
0.028144,2.727035
0.028146,2.727035
0.028148,2.727035
0.02815,2.6808028
0.028152,2.6808028
0.028154,2.6808028
0.028156,2.6808028
0.028158,2.6808028
0.02816,2.6808028
0.028162,2.6808028
0.028164,2.6808028
0.028166,2.6808028
0.028168,2.6808028
0.02817,2.6808028
0.028172,2.6808028
0.028174,2.6808028
0.028176,2.6808028
0.028178,2.6808028
0.02818,2.6808028
0.028182,2.6808028
0.028184,2.6808028
0.028185999,2.6808028
0.028188,2.6808028
0.02819,2.6808028
0.028192,2.6808028
0.028194,2.6808028
0.028196,2.6808028
0.028198,2.6808028
0.0282,2.6808028
0.028202,2.6808028
0.028204,2.6808028
0.028206,2.6808028
0.028208,2.6808028
0.02821,2.6808028
0.028212,2.6808028
0.028214,2.6808028
0.028216,2.6808028
0.028218,2.6808028
0.02822,2.6808028
0.028222,2.6808028
0.028224,2.6808028
0.028226,2.6808028
0.028228,2.6808028
0.02823,2.6808028
0.028232,2.6808028
0.028234,2.6808028
0.028236,2.6808028
0.028238,2.6808028
0.02824,2.6808028
0.028242,2.6808028
0.028244,2.6808028
0.028246,2.6808028
0.028247999,2.6808028
0.02825,2.6808028
0.028252,2.6808028
0.028254,2.6808028
0.028256,2.6808028
0.028258,2.6808028
0.02826,2.6808028
0.028262,2.6808028
0.028264,2.6808028
0.028266,2.6808028
0.028268,2.6808028
0.02827,2.6808028
0.028272,2.6808028
0.028274,2.6808028
0.028276,2.6808028
0.028278,2.6808028
0.02828,2.6808028
0.028282,2.6808028
0.028284,2.6808028
0.028286,2.6808028
0.028288,2.6808028
0.02829,2.6808028
0.028292,2.6808028
0.028294,2.6808028
0.028296,2.6808028
0.028298,2.6808028
0.0283,2.6808028
0.028302,2.6808028
0.028304,2.6808028
0.028306,2.6808028
0.028308,2.6808028
0.028309999,2.6808028
0.028312,2.6808028
0.028314,2.6808028
0.028316,2.6808028
0.028318,2.6808028
0.02832,2.6808028
0.028322,2.6808028
0.028324,2.6808028
0.028326,2.6808028
0.028328,2.6808028
0.02833,2.6808028
0.028332,2.6808028
0.028334,2.6808028
0.028336,2.6808028
0.028338,2.6808028
0.02834,2.6808028
0.028342,2.6808028
0.028344,2.6808028
0.028346,2.6808028
0.028348,2.6808028
0.02835,2.6808028
0.028352,2.6808028
0.028354,2.6808028
0.028356,2.6808028
0.028358,2.6808028
0.02836,2.6808028
0.028362,2.6808028
0.028364,2.6808028
0.028366,2.6808028
0.028368,2.6808028
0.02837,2.6808028
0.028371999,2.6808028
0.028374,2.6808028
0.028376,2.6808028
0.028378,2.6808028
0.02838,2.6808028
0.028382,2.6808028
0.028384,2.6808028
0.028386,2.6808028
0.028388,2.6808028
0.02839,2.6808028
0.028392,2.6808028
0.028394,2.6808028
0.028396,2.6808028
0.028398,2.6808028
0.0284,2.6808028
0.028402,2.6808028
0.028404,2.6808028
0.028406,2.6808028
0.028408,2.6808028
0.02841,2.6808028
0.028412,2.6808028
0.028414,2.6808028
0.028416,2.6808028
0.028418,2.6808028
0.02842,2.6808028
0.028422,2.6808028
0.028424,2.6808028
0.028426,2.6808028
0.028428,2.6808028
0.02843,2.6808028
0.028432,2.6808028
0.028433999,2.6808028
0.028436,2.6808028
0.028438,2.6808028
0.02844,2.6808028
0.028442,2.6808028
0.028444,2.6808028
0.028446,2.6808028
0.028448,2.6808028
0.02845,2.6808028
0.028452,2.6808028
0.028454,2.6808028
0.028456,1.6637135
0.028458,1.4325566
0.02846,1.4325566
0.028462,1.4325566
0.028464,1.4325566
0.028466,1.4325566
0.028468,1.4325566
0.02847,1.4325566
0.028472,1.4325566
0.028474,1.4325566
0.028476,1.4325566
0.028478,1.4325566
0.02848,1.4325566
0.028482,1.4325566
0.028484,1.4325566
0.028486,1.4325566
0.028488,1.4325566
0.02849,1.4325566
0.028492,1.4325566
0.028494,1.3863249
0.028495999,1.4325566
0.028498,1.3863249
0.0285,1.3863249
0.028502,1.3863249
0.028504,1.3863249
0.028506,1.3863249
0.028508,1.3863249
0.02851,1.3863249
0.028512,1.3863249
0.028514,1.3863249
0.028516,1.3863249
0.028518,1.3863249
0.02852,1.3863249
0.028522,1.3863249
0.028524,1.3863249
0.028526,1.3863249
0.028528,1.3863249
0.02853,1.3863249
0.028532,1.3863249
0.028534,1.3863249
0.028536,1.3863249
0.028538,1.3863249
0.02854,1.3863249
0.028542,1.3863249
0.028544,1.3863249
0.028546,1.3863249
0.028548,1.3863249
0.028549999,1.3863249
0.028552,1.3863249
0.028554,1.3863249
0.028556,1.3863249
0.028557999,1.3863249
0.02856,1.3863249
0.028562,1.3863249
0.028564,1.3863249
0.028566,1.3863249
0.028568,1.3863249
0.02857,1.3863249
0.028572,1.3863249
0.028574,1.3863249
0.028576,1.3863249
0.028578,1.3863249
0.02858,1.3863249
0.028582,1.3863249
0.028584,1.3863249
0.028586,1.3863249
0.028588,1.3863249
0.02859,1.3863249
0.028592,1.3863249
0.028594,1.3863249
0.028596,1.3863249
0.028598,1.3863249
0.0286,1.3863249
0.028602,1.3863249
0.028604,1.3863249
0.028606,1.3863249
0.028608,1.3863249
0.02861,1.3863249
0.028611999,1.3863249
0.028614,1.3863249
0.028616,1.3863249
0.028618,1.3863249
0.028619999,1.3863249
0.028622,1.3863249
0.028624,1.3863249
0.028626,1.3863249
0.028628,1.3863249
0.02863,1.3863249
0.028632,1.3863249
0.028634,1.3863249
0.028636,1.3863249
0.028638,1.3863249
0.02864,1.3863249
0.028642,1.3863249
0.028644,1.3863249
0.028646,1.3863249
0.028648,1.3863249
0.02865,1.3863249
0.028652,1.3863249
0.028654,1.3863249
0.028656,1.3863249
0.028658,1.3863249
0.02866,1.3863249
0.028662,1.3863249
0.028664,1.3863249
0.028666,1.3863249
0.028668,1.3863249
0.02867,1.3863249
0.028672,1.3863249
0.028673999,1.3863249
0.028676,1.3863249
0.028678,1.3863249
0.02868,1.3863249
0.028682,1.3863249
0.028684,1.3863249
0.028686,1.3863249
0.028688,1.3863249
0.02869,1.3863249
0.028692,1.3863249
0.028694,1.3863249
0.028696,1.3863249
0.028698,1.3863249
0.0287,1.3863249
0.028702,1.3863249
0.028704,1.3863249
0.028706,1.3863249
0.028708,1.3863249
0.02871,1.3863249
0.028712,1.3863249
0.028714,1.3863249
0.028716,1.3863249
0.028718,1.3863249
0.02872,1.3863249
0.028722,1.3863249
0.028724,1.3863249
0.028726,1.3863249
0.028728,1.3863249
0.02873,1.3863249
0.028732,1.3863249
0.028734,1.3863249
0.028735999,1.3863249
0.028738,1.3863249
0.02874,1.3863249
0.028742,1.3863249
0.028744,1.3863249
0.028746,1.3863249
0.028748,1.3863249
0.02875,1.3863249
0.028752,1.3863249
0.028754,1.3863249
0.028756,1.3863249
0.028758,1.3863249
0.02876,1.3863249
0.028762,1.3863249
0.028764,1.3863249
0.028766,1.3863249
0.028768,1.3863249
0.02877,1.3863249
0.028772,1.3863249
0.028774,1.3863249
0.028776,1.3863249
0.028778,1.3863249
0.02878,1.3863249
0.028782,1.3863249
0.028784,1.3863249
0.028786,1.3863249
0.028788,1.3863249
0.02879,1.3863249
0.028792,1.3863249
0.028794,1.3863249
0.028796,1.3863249
0.028797999,1.3863249
0.0288,1.3863249
0.028802,1.3863249
0.028804,1.3863249
0.028806,1.3863249
0.028808,1.3863249
0.02881,0.4154663
0.028812,0.13807821
0.028814,0.13807821
0.028816,0.13807821
0.028818,0.13807821
0.02882,0.13807821
0.028822,0.13807821
0.028824,0.13807821
0.028826,0.13807821
0.028828,0.13807821
0.02883,0.13807821
0.028832,0.13807821
0.028834,0.091846466
0.028836,0.091846466
0.028838,0.091846466
0.02884,0.091846466
0.028842,0.091846466
0.028844,0.091846466
0.028846,0.091846466
0.028848,0.091846466
0.02885,0.091846466
0.028852,0.091846466
0.028854,0.091846466
0.028856,0.091846466
0.028858,0.091846466
0.028859999,0.091846466
0.028862,0.091846466
0.028864,0.091846466
0.028866,0.091846466
0.028868,0.091846466
0.02887,0.091846466
0.028872,0.091846466
0.028874,0.091846466
0.028876,0.091846466
0.028878,0.091846466
0.02888,0.091846466
0.028882,0.091846466
0.028884,0.091846466
0.028886,0.091846466
0.028888,0.091846466
0.02889,0.091846466
0.028892,0.091846466
0.028894,0.091846466
0.028896,0.091846466
0.028898,0.091846466
0.0289,0.091846466
0.028902,0.091846466
0.028904,0.091846466
0.028906,0.091846466
0.028908,0.091846466
0.02891,0.091846466
0.028912,0.091846466
0.028914,0.091846466
0.028916,0.091846466
0.028918,0.091846466
0.02892,0.091846466
0.028921999,0.091846466
0.028924,0.091846466
0.028926,0.091846466
0.028928,0.091846466
0.02893,0.091846466
0.028932,0.091846466
0.028934,0.091846466
0.028936,0.091846466
0.028938,0.091846466
0.02894,0.091846466
0.028942,0.091846466
0.028944,0.091846466
0.028946,0.091846466
0.028948,0.091846466
0.02895,0.091846466
0.028952,0.091846466
0.028954,0.091846466
0.028956,0.091846466
0.028958,0.091846466
0.02896,0.091846466
0.028962,0.091846466
0.028964,0.091846466
0.028966,0.091846466
0.028968,0.091846466
0.02897,0.091846466
0.028972,0.091846466
0.028974,0.091846466
0.028976,0.091846466
0.028978,0.091846466
0.02898,0.091846466
0.028982,0.091846466
0.028983999,0.091846466
0.028986,0.091846466
0.028988,0.091846466
0.02899,0.091846466
0.028992,0.091846466
0.028994,0.091846466
0.028996,0.091846466
0.028998,0.091846466
0.029,0.091846466
0.029002,0.091846466
0.029004,0.091846466
0.029006,0.091846466
0.029008,0.091846466
0.02901,0.091846466
0.029012,0.091846466
0.029014,0.091846466
0.029016,0.091846466
0.029018,0.091846466
0.02902,0.091846466
0.029022,0.091846466
0.029024,0.091846466
0.029026,0.091846466
0.029028,0.091846466
0.02903,0.091846466
0.029032,0.091846466
0.029034,0.091846466
0.029036,0.091846466
0.029038,0.091846466
0.02904,0.091846466
0.029042,0.091846466
0.029044,0.091846466
0.029045999,0.091846466
0.029048,0.091846466
0.02905,0.091846466
0.029052,0.091846466
0.029054,0.091846466
0.029056,0.091846466
0.029058,0.091846466
0.02906,0.091846466
0.029062,0.091846466
0.029064,0.091846466
0.029066,0.091846466
0.029068,0.091846466
0.02907,0.091846466
0.029072,0.091846466
0.029074,0.091846466
0.029076,0.091846466
0.029078,0.091846466
0.02908,0.091846466
0.029082,0.091846466
0.029084,0.091846466
0.029086,0.091846466
0.029088,0.091846466
0.02909,0.091846466
0.029092,0.091846466
0.029094,0.091846466
0.029096,0.091846466
0.029098,0.091846466
0.029099999,0.091846466
0.029102,0.091846466
0.029104,0.091846466
0.029106,0.091846466
0.029107999,0.091846466
0.02911,0.091846466
0.029112,0.091846466
0.029114,0.091846466
0.029116,0.091846466
0.029118,0.091846466
0.02912,0.091846466
0.029122,0.091846466
0.029124,0.091846466
0.029126,0.091846466
0.029128,0.091846466
0.02913,0.091846466
0.029132,0.091846466
0.029134,0.091846466
0.029136,0.091846466
0.029138,0.091846466
0.02914,0.091846466
0.029142,0.091846466
0.029144,0.091846466
0.029146,0.091846466
0.029148,0.091846466
0.02915,0.091846466
0.029152,0.091846466
0.029154,0.091846466
0.029156,0.091846466
0.029158,0.091846466
0.02916,0.091846466
0.029161999,0.091846466
0.029164,0.091846466
0.029166,0.091846466
0.029168,0.091846466
0.029169999,0.091846466
0.029172,0.091846466
0.029174,0.091846466
0.029176,0.091846466
0.029178,0.091846466
0.02918,0.091846466
0.029182,0.091846466
0.029184,0.091846466
0.029186,0.091846466
0.029188,0.091846466
0.02919,0.091846466
0.029192,0.091846466
0.029194,0.091846466
0.029196,0.091846466
0.029198,0.091846466
0.0292,0.091846466
0.029202,0.091846466
0.029204,0.091846466
0.029206,0.091846466
0.029208,0.091846466
0.02921,0.091846466
0.029212,0.091846466
0.029214,0.091846466
0.029216,0.091846466
0.029218,0.091846466
0.02922,0.091846466
0.029222,0.091846466
0.029223999,0.091846466
0.029226,0.091846466
0.029228,0.091846466
0.02923,0.091846466
0.029232,0.091846466
0.029234,0.091846466
0.029236,0.091846466
0.029238,0.091846466
0.02924,0.091846466
0.029242,0.091846466
0.029244,0.091846466
0.029246,0.091846466
0.029248,0.091846466
0.02925,0.091846466
0.029252,0.091846466
0.029254,0.091846466
0.029256,0.091846466
0.029258,0.091846466
0.02926,0.091846466
0.029262,0.091846466
0.029264,0.091846466
0.029266,0.091846466
0.029268,0.091846466
0.02927,0.091846466
0.029272,0.091846466
0.029274,0.091846466
0.029276,0.091846466
0.029278,0.091846466
0.02928,0.091846466
0.029282,0.091846466
0.029284,0.091846466
0.029285999,0.091846466
0.029288,0.091846466
0.02929,0.091846466
0.029292,0.091846466
0.029294,0.091846466
0.029296,0.091846466
0.029298,0.091846466
0.0293,0.091846466
0.029302,0.091846466
0.029304,0.091846466
0.029306,0.091846466
0.029308,0.091846466
0.02931,0.091846466
0.029312,0.091846466
0.029314,0.091846466
0.029316,0.091846466
0.029318,0.091846466
0.02932,0.091846466
0.029322,0.091846466
0.029324,0.091846466
0.029326,0.091846466
0.029328,0.091846466
0.02933,0.091846466
0.029332,0.091846466
0.029334,0.091846466
0.029336,0.091846466
0.029338,0.091846466
0.02934,0.091846466
0.029342,0.091846466
0.029344,0.091846466
0.029346,0.091846466
0.029347999,0.091846466
0.02935,0.091846466
0.029352,0.091846466
0.029354,0.091846466
0.029356,0.091846466
0.029358,0.091846466
0.02936,0.091846466
0.029362,0.091846466
0.029364,0.091846466
0.029366,0.091846466
0.029368,0.091846466
0.02937,0.091846466
0.029372,0.091846466
0.029374,0.091846466
0.029376,0.091846466
0.029378,0.091846466
0.02938,0.091846466
0.029382,0.091846466
0.029384,0.091846466
0.029386,0.091846466
0.029388,0.091846466
0.02939,0.091846466
0.029392,0.091846466
0.029394,0.091846466
0.029396,0.091846466
0.029398,0.091846466
0.0294,0.091846466
0.029402,0.091846466
0.029404,0.091846466
0.029406,0.091846466
0.029408,0.091846466
0.029409999,0.091846466
0.029412,0.091846466
0.029414,0.091846466
0.029416,0.091846466
0.029418,0.091846466
0.02942,0.091846466
0.029422,0.091846466
0.029424,0.091846466
0.029426,0.091846466
0.029428,0.091846466
0.02943,0.091846466
0.029432,0.091846466
0.029434,0.091846466
0.029436,0.091846466
0.029438,0.091846466
0.02944,0.091846466
0.029442,0.091846466
0.029444,0.091846466
0.029446,0.091846466
0.029448,0.091846466
0.02945,0.091846466
0.029452,0.091846466
0.029454,0.091846466
0.029456,0.091846466
0.029458,0.091846466
0.02946,0.091846466
0.029462,0.091846466
0.029464,0.091846466
0.029466,0.091846466
0.029468,0.091846466
0.02947,0.091846466
0.029471999,0.091846466
0.029474,0.091846466
0.029476,0.091846466
0.029478,0.091846466
0.02948,0.091846466
0.029482,0.091846466
0.029484,0.091846466
0.029486,0.091846466
0.029488,0.091846466
0.02949,0.091846466
0.029492,0.091846466
0.029494,0.091846466
0.029496,0.091846466
0.029498,0.091846466
0.0295,0.091846466
0.029502,0.091846466
0.029504,0.091846466
0.029506,0.091846466
0.029508,0.091846466
0.02951,0.091846466
0.029512,0.091846466
0.029514,0.091846466
0.029516,0.091846466
0.029518,0.091846466
0.02952,0.091846466
0.029522,0.091846466
0.029524,0.091846466
0.029526,0.091846466
0.029528,0.091846466
0.02953,0.091846466
0.029532,0.091846466
0.029533999,0.091846466
0.029536,0.091846466
0.029538,0.091846466
0.02954,0.091846466
0.029542,0.091846466
0.029544,0.091846466
0.029546,0.091846466
0.029548,0.091846466
0.02955,0.091846466
0.029552,0.091846466
0.029554,0.091846466
0.029556,0.091846466
0.029558,0.091846466
0.02956,0.091846466
0.029562,0.091846466
0.029564,0.091846466
0.029566,0.091846466
0.029568,0.091846466
0.02957,0.091846466
0.029572,0.091846466
0.029574,0.091846466
0.029576,0.091846466
0.029578,0.091846466
0.02958,0.091846466
0.029582,0.091846466
0.029584,0.091846466
0.029586,0.091846466
0.029588,0.091846466
0.02959,0.091846466
0.029592,0.091846466
0.029594,0.091846466
0.029595999,0.091846466
0.029598,0.091846466
0.0296,0.091846466
0.029602,0.091846466
0.029604,0.091846466
0.029606,0.091846466
0.029608,0.091846466
0.02961,0.091846466
0.029612,0.091846466
0.029614,0.091846466
0.029616,0.091846466
0.029618,0.091846466
0.02962,0.091846466
0.029622,0.091846466
0.029624,0.091846466
0.029626,1.0627055
0.029628,1.3400936
0.02963,1.3863249
0.029632,1.3400936
0.029634,1.3863249
0.029636,1.3863249
0.029638,1.3863249
0.02964,1.3863249
0.029642,1.3863249
0.029644,1.3863249
0.029646,1.3863249
0.029648,1.3863249
0.02965,1.3863249
0.029652,1.3863249
0.029654,1.3863249
0.029656,1.3863249
0.029657999,1.3863249
0.02966,1.3863249
0.029662,1.3863249
0.029664,1.3863249
0.029666,1.3863249
0.029668,1.3863249
0.02967,1.3863249
0.029672,1.3863249
0.029674,1.3863249
0.029676,1.3863249
0.029678,1.3863249
0.02968,1.3863249
0.029682,1.3863249
0.029684,1.3863249
0.029686,1.3863249
0.029688,1.3863249
0.02969,1.3863249
0.029692,1.3863249
0.029694,1.3863249
0.029696,1.3863249
0.029698,1.3863249
0.0297,1.3863249
0.029702,1.3863249
0.029704,1.3863249
0.029706,1.3863249
0.029708,1.3863249
0.02971,1.3863249
0.029711999,1.3863249
0.029714,1.3863249
0.029716,1.3863249
0.029718,1.3863249
0.029719999,1.3863249
0.029722,1.3863249
0.029724,1.3863249
0.029726,1.3863249
0.029728,1.3863249
0.02973,1.3863249
0.029732,1.3863249
0.029734,1.3863249
0.029736,1.3863249
0.029738,1.3863249
0.02974,1.3863249
0.029742,1.3863249
0.029744,1.3863249
0.029746,1.3863249
0.029748,1.3863249
0.02975,1.3863249
0.029752,1.3863249
0.029754,1.3863249
0.029756,1.3863249
0.029758,1.3863249
0.02976,1.3863249
0.029762,1.3863249
0.029764,1.3863249
0.029766,1.3863249
0.029768,1.3863249
0.02977,1.3863249
0.029772,1.3863249
0.029773999,1.3863249
0.029776,1.3863249
0.029778,1.3863249
0.02978,1.3863249
0.029781999,1.3863249
0.029784,1.3863249
0.029786,1.3863249
0.029788,1.3863249
0.02979,1.3863249
0.029792,1.3863249
0.029794,1.3863249
0.029796,1.3863249
0.029798,1.3863249
0.0298,1.3863249
0.029802,1.3863249
0.029804,1.3863249
0.029806,1.3863249
0.029808,1.3863249
0.02981,1.3863249
0.029812,1.3863249
0.029814,1.3863249
0.029816,1.3863249
0.029818,1.3863249
0.02982,1.3863249
0.029822,1.3863249
0.029824,1.3863249
0.029826,1.3863249
0.029828,1.3863249
0.02983,1.3863249
0.029832,1.3863249
0.029834,1.3863249
0.029835999,1.3863249
0.029838,1.3863249
0.02984,1.3863249
0.029842,1.3863249
0.029844,1.3863249
0.029846,1.3863249
0.029848,1.3863249
0.02985,1.3863249
0.029852,1.3863249
0.029854,1.3863249
0.029856,1.3863249
0.029858,1.3863249
0.02986,1.3863249
0.029862,1.3863249
0.029864,1.3863249
0.029866,1.3863249
0.029868,1.3863249
0.02987,1.3863249
0.029872,1.3863249
0.029874,1.3863249
0.029876,1.3863249
0.029878,1.3863249
0.02988,1.3863249
0.029882,1.3863249
0.029884,1.3863249
0.029886,1.3863249
0.029888,1.3863249
0.02989,1.3863249
0.029892,1.3863249
0.029894,1.3863249
0.029896,1.3863249
0.029897999,1.3863249
0.0299,1.3863249
0.029902,1.3863249
0.029904,1.3863249
0.029906,1.3863249
0.029908,1.3863249
0.02991,1.3863249
0.029912,1.3863249
0.029914,1.3863249
0.029916,1.3863249
0.029918,1.3863249
0.02992,1.3863249
0.029922,1.3863249
0.029924,1.3863249
0.029926,1.3863249
0.029928,1.3863249
0.02993,1.3863249
0.029932,1.3863249
0.029934,1.3863249
0.029936,1.3863249
0.029938,1.3863249
0.02994,1.3863249
0.029942,1.3863249
0.029944,1.3863249
0.029946,1.3863249
0.029948,1.3863249
0.02995,1.3863249
0.029952,1.3863249
0.029954,1.3863249
0.029956,1.3863249
0.029958,1.3863249
0.029959999,1.3863249
0.029962,1.3863249
0.029964,1.3863249
0.029966,1.3863249
0.029968,1.3863249
0.02997,1.3863249
0.029972,1.3863249
0.029974,1.3863249
0.029976,1.3863249
0.029978,1.3863249
0.02998,2.3109517
0.029982,2.6345725
0.029984,2.6345725
0.029986,2.6345725
0.029988,2.6345725
0.02999,2.6345725
0.029992,2.6345725
0.029994,2.6345725
0.029996,2.6808028
0.029998,2.6808028
0.03,2.6808028
0.030002,2.6808028
0.030004,2.6808028
0.030006,2.6808028
0.030008,2.6808028
0.03001,2.6808028
0.030012,2.6808028
0.030014,2.6808028
0.030016,2.6808028
0.030018,2.6808028
0.03002,2.6808028
0.030021999,2.6808028
0.030024,2.6808028
0.030026,2.6808028
0.030028,2.6808028
0.03003,2.6808028
0.030032,2.6808028
0.030034,2.6808028
0.030036,2.6808028
0.030038,2.6808028
0.03004,2.6808028
0.030042,2.6808028
0.030044,2.6808028
0.030046,2.6808028
0.030048,2.6808028
0.03005,2.6808028
0.030052,2.6808028
0.030054,2.6808028
0.030056,2.6808028
0.030058,2.6808028
0.03006,2.6808028
0.030062,2.6808028
0.030064,2.6808028
0.030066,2.6808028
0.030068,2.6808028
0.03007,2.6808028
0.030072,2.6808028
0.030074,2.6808028
0.030076,2.6808028
0.030078,2.6808028
0.03008,2.6808028
0.030082,2.6808028
0.030083999,2.6808028
0.030086,2.6808028
0.030088,2.6808028
0.03009,2.6808028
0.030092,2.6808028
0.030094,2.6808028
0.030096,2.6808028
0.030098,2.6808028
0.0301,2.6808028
0.030102,2.6808028
0.030104,2.6808028
0.030106,2.6808028
0.030108,2.6808028
0.03011,2.6808028
0.030112,2.6808028
0.030114,2.6808028
0.030116,2.6808028
0.030118,2.6808028
0.03012,2.6808028
0.030122,2.6808028
0.030124,2.6808028
0.030126,2.6808028
0.030128,2.6808028
0.03013,2.6808028
0.030132,2.6808028
0.030134,2.6808028
0.030136,2.6808028
0.030138,2.6808028
0.03014,2.6808028
0.030142,2.6808028
0.030144,2.6808028
0.030145999,2.6808028
0.030148,2.6808028
0.03015,2.6808028
0.030152,2.6808028
0.030154,2.6808028
0.030156,2.6808028
0.030158,2.6808028
0.03016,2.6808028
0.030162,2.6808028
0.030164,2.6808028
0.030166,2.6808028
0.030168,2.6808028
0.03017,2.6808028
0.030172,2.6808028
0.030174,2.6808028
0.030176,2.6808028
0.030178,2.6808028
0.03018,2.6808028
0.030182,2.6808028
0.030184,2.6808028
0.030186,2.6808028
0.030188,2.6808028
0.03019,2.6808028
0.030192,2.6808028
0.030194,2.6808028
0.030196,2.6808028
0.030198,2.6808028
0.0302,2.6808028
0.030202,2.6808028
0.030204,2.6808028
0.030206,2.6808028
0.030207999,2.6808028
0.03021,2.6808028
0.030212,2.6808028
0.030214,2.6808028
0.030216,2.6808028
0.030218,2.6808028
0.03022,2.6808028
0.030222,2.6808028
0.030224,2.6808028
0.030226,2.6808028
0.030228,2.6808028
0.03023,2.6808028
0.030232,2.6808028
0.030234,2.6808028
0.030236,2.6808028
0.030238,2.6808028
0.03024,2.6808028
0.030242,2.6808028
0.030244,2.6808028
0.030246,2.6808028
0.030248,2.6808028
0.03025,2.6808028
0.030252,2.6808028
0.030254,2.6808028
0.030256,2.6808028
0.030258,2.6808028
0.03026,2.6808028
0.030261999,2.6808028
0.030264,2.6808028
0.030266,2.6808028
0.030268,2.6808028
0.030269999,2.6808028
0.030272,2.6808028
0.030274,2.6808028
0.030276,2.6808028
0.030278,2.6808028
0.03028,2.6808028
0.030282,2.6808028
0.030284,2.6808028
0.030286,2.6808028
0.030288,2.6808028
0.03029,2.6808028
0.030292,2.6808028
0.030294,2.6808028
0.030296,2.6808028
0.030298,2.6808028
0.0303,2.6808028
0.030302,2.6808028
0.030304,2.6808028
0.030306,2.6808028
0.030308,2.6808028
0.03031,2.6808028
0.030312,2.6808028
0.030314,2.6808028
0.030316,2.6808028
0.030318,2.6808028
0.03032,2.6808028
0.030322,2.6808028
0.030323999,2.6808028
0.030326,2.6808028
0.030328,2.6808028
0.03033,2.6808028
0.030331999,2.6808028
0.030334,3.8365874
0.030336,3.92905
0.030338,3.92905
0.03034,3.92905
0.030342,3.92905
0.030344,3.9752812
0.030346,3.9752812
0.030348,3.9752812
0.03035,3.9752812
0.030352,3.9752812
0.030354,3.9752812
0.030356,3.9752812
0.030358,3.9752812
0.03036,3.9752812
0.030362,3.9752812
0.030364,3.9752812
0.030366,3.9752812
0.030368,3.9752812
0.03037,3.9752812
0.030372,3.9752812
0.030374,3.9752812
0.030376,3.9752812
0.030378,3.9752812
0.03038,3.9752812
0.030382,3.9752812
0.030384,3.9752812
0.030385999,3.9752812
0.030388,3.9752812
0.03039,3.9752812
0.030392,3.9752812
0.030394,3.9752812
0.030396,3.9752812
0.030398,3.9752812
0.0304,3.9752812
0.030402,3.9752812
0.030404,3.9752812
0.030406,3.9752812
0.030408,3.9752812
0.03041,3.9752812
0.030412,3.9752812
0.030414,3.9752812
0.030416,3.9752812
0.030418,3.9752812
0.03042,3.9752812
0.030422,3.9752812
0.030424,3.9752812
0.030426,3.9752812
0.030428,3.9752812
0.03043,3.9752812
0.030432,3.9752812
0.030434,3.9752812
0.030436,3.9752812
0.030438,3.9752812
0.03044,3.9752812
0.030442,3.9752812
0.030444,3.9752812
0.030446,3.9752812
0.030447999,3.9752812
0.03045,3.9752812
0.030452,3.9752812
0.030454,3.9752812
0.030456,3.9752812
0.030458,3.9752812
0.03046,3.9752812
0.030462,3.9752812
0.030464,3.9752812
0.030466,3.9752812
0.030468,3.9752812
0.03047,3.9752812
0.030472,3.9752812
0.030474,3.9752812
0.030476,3.9752812
0.030478,3.9752812
0.03048,3.9752812
0.030482,3.9752812
0.030484,3.9752812
0.030486,3.9752812
0.030488,3.9752812
0.03049,3.9752812
0.030492,3.9752812
0.030494,3.9752812
0.030496,3.9752812
0.030498,3.9752812
0.0305,3.9752812
0.030502,3.9752812
0.030504,3.9752812
0.030506,3.9752812
0.030508,3.9752812
0.030509999,3.9752812
0.030512,3.9752812
0.030514,3.9752812
0.030516,3.9752812
0.030518,3.9752812
0.03052,3.9752812
0.030522,3.9752812
0.030524,3.9752812
0.030526,3.9752812
0.030528,3.9752812
0.03053,3.9752812
0.030532,3.9752812
0.030534,3.9752812
0.030536,3.9752812
0.030538,3.9752812
0.03054,3.9752812
0.030542,3.9752812
0.030544,3.9752812
0.030546,3.9752812
0.030548,3.9752812
0.03055,3.9752812
0.030552,3.9752812
0.030554,3.9752812
0.030556,3.9752812
0.030558,3.9752812
0.03056,3.9752812
0.030562,3.9752812
0.030564,3.9752812
0.030566,3.9752812
0.030568,3.9752812
0.03057,3.9752812
0.030571999,3.9752812
0.030574,3.9752812
0.030576,3.9752812
0.030578,3.9752812
0.03058,3.9752812
0.030582,3.9752812
0.030584,3.9752812
0.030586,3.9752812
0.030588,3.9752812
0.03059,3.9752812
0.030592,3.9752812
0.030594,3.9752812
0.030596,3.9752812
0.030598,3.9752812
0.0306,3.9752812
0.030602,3.9752812
0.030604,3.9752812
0.030606,3.9752812
0.030608,3.9752812
0.03061,3.9752812
0.030612,3.9752812
0.030614,3.9752812
0.030616,3.9752812
0.030618,3.9752812
0.03062,3.9752812
0.030622,3.9752812
0.030624,3.9752812
0.030626,3.9752812
0.030628,3.9752812
0.03063,3.9752812
0.030632,3.9752812
0.030633999,3.9752812
0.030636,3.9752812
0.030638,3.9752812
0.03064,3.9752812
0.030642,3.9752812
0.030644,3.9752812
0.030646,3.9752812
0.030648,3.9752812
0.03065,3.9752812
0.030652,3.9752812
0.030654,3.9752812
0.030656,3.9752812
0.030658,3.9752812
0.03066,3.9752812
0.030662,3.9752812
0.030664,3.9752812
0.030666,3.9752812
0.030668,3.9752812
0.03067,3.9752812
0.030672,3.9752812
0.030674,3.9752812
0.030676,3.9752812
0.030678,3.9752812
0.03068,3.9752812
0.030682,3.9752812
0.030684,3.9752812
0.030686,3.9752812
0.030688,3.9752812
0.03069,3.9752812
0.030692,3.9752812
0.030694,3.9752812
0.030695999,3.9752812
0.030698,3.9752812
0.0307,3.9752812
0.030702,3.9752812
0.030704,3.9752812
0.030706,3.9752812
0.030708,3.9752812
0.03071,3.9752812
0.030712,3.9752812
0.030714,3.9752812
0.030716,3.9752812
0.030718,3.9752812
0.03072,3.9752812
0.030722,3.9752812
0.030724,3.9752812
0.030726,3.9752812
0.030728,3.9752812
0.03073,3.9752812
0.030732,3.9752812
0.030734,3.9752812
0.030736,3.9752812
0.030738,3.9752812
0.03074,3.9752812
0.030742,3.9752812
0.030744,3.9752812
0.030746,3.9752812
0.030748,3.9752812
0.03075,3.9752812
0.030752,3.9752812
0.030754,3.9752812
0.030756,3.9752812
0.030757999,3.9752812
0.03076,3.9752812
0.030762,3.9752812
0.030764,3.9752812
0.030766,3.9752812
0.030768,3.9752812
0.03077,3.9752812
0.030772,3.9752812
0.030774,3.9752812
0.030776,3.9752812
0.030778,3.9752812
0.03078,3.9752812
0.030782,3.9752812
0.030784,3.9752812
0.030786,3.9752812
0.030788,3.9752812
0.03079,3.9752812
0.030792,3.9752812
0.030794,3.9752812
0.030796,3.9752812
0.030798,3.9752812
0.0308,3.9752812
0.030802,3.9752812
0.030804,3.9752812
0.030806,3.9752812
0.030808,3.9752812
0.03081,3.9752812
0.030811999,3.9752812
0.030814,3.9752812
0.030816,3.9752812
0.030818,3.9752812
0.030819999,3.9752812
0.030822,3.9752812
0.030824,3.9752812
0.030826,3.9752812
0.030828,3.9752812
0.03083,3.9752812
0.030832,3.9752812
0.030834,3.9752812
0.030836,3.9752812
0.030838,3.9752812
0.03084,3.9752812
0.030842,3.9752812
0.030844,3.9752812
0.030846,3.9752812
0.030848,3.9752812
0.03085,3.9752812
0.030852,3.9752812
0.030854,3.9752812
0.030856,3.9752812
0.030858,3.9752812
0.03086,3.9752812
0.030862,3.9752812
0.030864,3.9752812
0.030866,3.9752812
0.030868,3.9752812
0.03087,3.9752812
0.030872,3.9752812
0.030873999,3.9752812
0.030876,3.9752812
0.030878,3.9752812
0.03088,3.9752812
0.030881999,3.9752812
0.030884,3.9752812
0.030886,3.9752812
0.030888,3.9752812
0.03089,3.9752812
0.030892,3.9752812
0.030894,3.9752812
0.030896,3.9752812
0.030898,3.9752812
0.0309,3.9752812
0.030902,3.9752812
0.030904,3.9752812
0.030906,3.9752812
0.030908,3.9752812
0.03091,3.9752812
0.030912,3.9752812
0.030914,3.9752812
0.030916,3.9752812
0.030918,3.9752812
0.03092,3.9752812
0.030922,3.9752812
0.030924,3.9752812
0.030926,3.9752812
0.030928,3.9752812
0.03093,3.9752812
0.030932,3.9752812
0.030934,3.9752812
0.030935999,3.9752812
0.030938,3.9752812
0.03094,3.9752812
0.030942,3.9752812
0.030943999,3.9752812
0.030946,3.9752812
0.030948,3.9752812
0.03095,3.9752812
0.030952,3.9752812
0.030954,3.9752812
0.030956,3.9752812
0.030958,3.9752812
0.03096,3.9752812
0.030962,3.9752812
0.030964,3.9752812
0.030966,3.9752812
0.030968,3.9752812
0.03097,3.9752812
0.030972,3.9752812
0.030974,3.9752812
0.030976,3.9752812
0.030978,3.9752812
0.03098,3.9752812
0.030982,3.9752812
0.030984,3.9752812
0.030986,3.9752812
0.030988,3.9752812
0.03099,3.9752812
0.030992,3.9752812
0.030994,3.9752812
0.030996,3.9752812
0.030997999,3.9752812
0.031,3.9752812
0.031002,3.9752812
0.031004,3.9752812
0.031006,3.9752812
0.031008,3.9752812
0.03101,3.9752812
0.031012,3.9752812
0.031014,3.9752812
0.031016,3.9752812
0.031018,3.9752812
0.03102,3.9752812
0.031022,3.9752812
0.031024,3.9752812
0.031026,3.9752812
0.031028,3.9752812
0.03103,3.9752812
0.031032,3.9752812
0.031034,3.9752812
0.031036,3.9752812
0.031038,3.9752812
0.03104,3.9752812
0.031042,3.9752812
0.031044,3.9752812
0.031046,3.9752812
0.031048,3.9752812
0.03105,3.9752812
0.031052,3.9752812
0.031054,3.9752812
0.031056,3.9752812
0.031058,3.9752812
0.031059999,3.9752812
0.031062,3.9752812
0.031064,3.9752812
0.031066,3.9752812
0.031068,3.9752812
0.03107,3.9752812
0.031072,3.9752812
0.031074,3.9752812
0.031076,3.9752812
0.031078,3.9752812
0.03108,3.9752812
0.031082,3.9752812
0.031084,3.9752812
0.031086,3.9752812
0.031088,3.9752812
0.03109,3.9752812
0.031092,3.9752812
0.031094,3.9752812
0.031096,3.9752812
0.031098,3.9752812
0.0311,3.9752812
0.031102,3.9752812
0.031104,3.9752812
0.031106,3.9752812
0.031108,3.9752812
0.03111,3.9752812
0.031112,3.9752812
0.031114,3.9752812
0.031116,3.9752812
0.031118,3.9752812
0.03112,3.9752812
0.031121999,3.9752812
0.031124,3.9752812
0.031126,3.9752812
0.031128,3.9752812
0.03113,3.9752812
0.031132,3.9752812
0.031134,3.9752812
0.031136,3.9752812
0.031138,3.9752812
0.03114,3.9752812
0.031142,3.9752812
0.031144,3.9752812
0.031146,3.9752812
0.031148,3.9752812
0.03115,3.9752812
0.031152,3.9752812
0.031154,3.9752812
0.031156,3.9752812
0.031158,3.9752812
0.03116,3.9752812
0.031162,3.9752812
0.031164,3.9752812
0.031166,3.9752812
0.031168,3.9752812
0.03117,3.9752812
0.031172,3.9752812
0.031174,3.9752812
0.031176,3.9752812
0.031178,3.9752812
0.03118,3.9752812
0.031182,3.9752812
0.031183999,3.9752812
0.031186,3.9752812
0.031188,3.9752812
0.03119,3.9752812
0.031192,3.9752812
0.031194,3.9752812
0.031196,3.9752812
0.031198,3.9752812
0.0312,3.9752812
0.031202,3.9752812
0.031204,3.9752812
0.031206,3.9752812
0.031208,3.9752812
0.03121,3.9752812
0.031212,3.9752812
0.031214,3.9752812
0.031216,3.9752812
0.031218,3.9752812
0.03122,3.9752812
0.031222,3.9752812
0.031224,3.9752812
0.031226,3.9752812
0.031228,3.9752812
0.03123,3.9752812
0.031232,3.9752812
0.031234,3.9752812
0.031236,3.9752812
0.031238,3.9752812
0.03124,3.9752812
0.031242,3.9752812
0.031244,3.9752812
0.031245999,3.9752812
0.031248,3.9752812
0.03125,3.9752812
0.031252,3.9752812
0.031254,3.9752812
0.031256,3.9752812
0.031258,3.9752812
0.03126,3.9752812
0.031262,3.9752812
0.031264,3.9752812
0.031266,3.9752812
0.031268,3.9752812
0.03127,3.9752812
0.031272,3.9752812
0.031274,3.9752812
0.031276,3.9752812
0.031278,3.9752812
0.03128,3.9752812
0.031282,3.9752812
0.031284,3.9752812
0.031286,3.9752812
0.031288,3.9752812
0.03129,3.9752812
0.031292,3.9752812
0.031294,3.9752812
0.031296,3.9752812
0.031298,3.9752812
0.0313,3.9752812
0.031302,3.9752812
0.031303998,3.9752812
0.031306,3.9752812
0.031308,3.9752812
0.03131,3.9752812
0.031312,3.9752812
0.031314,3.9752812
0.031316,3.9752812
0.031318,3.9752812
0.03132,3.9752812
0.031322,3.9752812
0.031324,3.9752812
0.031326,3.9752812
0.031328,3.9752812
0.03133,3.9752812
0.031332,3.9752812
0.031334,3.9752812
0.031336,3.9752812
0.031338,3.9752812
0.03134,3.9752812
0.031342,3.9752812
0.031344,3.9752812
0.031346,3.9752812
0.031348,3.9752812
0.03135,3.9752812
0.031352,3.9752812
0.031354,3.9752812
0.031356,3.9752812
0.031358,3.9752812
0.03136,3.9752812
0.031362,3.9752812
0.031364,3.9752812
0.031365998,3.9752812
0.031368,3.9752812
0.03137,3.9752812
0.031372,3.9752812
0.031374,3.9752812
0.031376,3.9752812
0.031378,3.9752812
0.03138,3.9752812
0.031382,3.9752812
0.031384,3.9752812
0.031386,3.9752812
0.031388,3.9752812
0.03139,3.9752812
0.031392,3.9752812
0.031394,3.9752812
0.031396,3.9752812
0.031398,3.9752812
0.0314,3.9752812
0.031402,3.9752812
0.031404,3.9752812
0.031406,3.9752812
0.031408,3.9752812
0.03141,3.9752812
0.031412,3.9752812
0.031414,3.9752812
0.031416,3.9752812
0.031418,3.9752812
0.03142,3.9752812
0.031422,3.9752812
0.031424,3.9752812
0.031426,3.9752812
0.031427998,3.9752812
0.03143,3.9752812
0.031432,3.9752812
0.031434,3.9752812
0.031436,3.9752812
0.031438,3.9752812
0.03144,3.9752812
0.031442,3.9752812
0.031444,3.9752812
0.031446,3.9752812
0.031448,3.9752812
0.03145,2.7732663
0.031452,2.727035
0.031454,2.727035
0.031456,2.727035
0.031458,2.727035
0.03146,2.727035
0.031462,2.727035
0.031464,2.727035
0.031466,2.6808028
0.031468,2.6808028
0.03147,2.6808028
0.031472,2.6808028
0.031474,2.6808028
0.031476,2.6808028
0.031478,2.6808028
0.03148,2.6808028
0.031482,2.6808028
0.031484,2.6808028
0.031486,2.6808028
0.031488,2.6808028
0.031489998,2.6808028
0.031492,2.6808028
0.031494,2.6808028
0.031496,2.6808028
0.031498,2.6808028
0.0315,2.6808028
0.031502,2.6808028
0.031504,2.6808028
0.031506,2.6808028
0.031508,2.6808028
0.03151,2.6808028
0.031512,2.6808028
0.031514,2.6808028
0.031516,2.6808028
0.031518,2.6808028
0.03152,2.6808028
0.031522,2.6808028
0.031524,2.6808028
0.031526,2.6808028
0.031528,2.6808028
0.03153,2.6808028
0.031532,2.6808028
0.031534,2.6808028
0.031536,2.6808028
0.031538,2.6808028
0.03154,2.6808028
0.031542,2.6808028
0.031544,2.6808028
0.031546,2.6808028
0.031548,2.6808028
0.03155,2.6808028
0.031551998,2.6808028
0.031554,2.6808028
0.031556,2.6808028
0.031558,2.6808028
0.03156,2.6808028
0.031562,2.6808028
0.031564,2.6808028
0.031566,2.6808028
0.031568,2.6808028
0.03157,2.6808028
0.031572,2.6808028
0.031574,2.6808028
0.031576,2.6808028
0.031578,2.6808028
0.03158,2.6808028
0.031582,2.6808028
0.031584,2.6808028
0.031586,2.6808028
0.031588,2.6808028
0.03159,2.6808028
0.031592,2.6808028
0.031594,2.6808028
0.031596,2.6808028
0.031598,2.6808028
0.0316,2.6808028
0.031602,2.6808028
0.031604,2.6808028
0.031606,2.6808028
0.031608,2.6808028
0.03161,2.6808028
0.031612,2.6808028
0.031613998,2.6808028
0.031616,2.6808028
0.031618,2.6808028
0.03162,2.6808028
0.031622,2.6808028
0.031624,2.6808028
0.031626,2.6808028
0.031628,2.6808028
0.03163,2.6808028
0.031632,2.6808028
0.031634,2.6808028
0.031636,2.6808028
0.031638,2.6808028
0.03164,2.6808028
0.031642,2.6808028
0.031644,2.6808028
0.031646,2.6808028
0.031648,2.6808028
0.03165,2.6808028
0.031652,2.6808028
0.031654,2.6808028
0.031656,2.6808028
0.031658,2.6808028
0.03166,2.6808028
0.031662,2.6808028
0.031664,2.6808028
0.031666,2.6808028
0.031668,2.6808028
0.03167,2.6808028
0.031672,2.6808028
0.031674,2.6808028
0.031675998,2.6808028
0.031678,2.6808028
0.03168,2.6808028
0.031682,2.6808028
0.031684,2.6808028
0.031686,2.6808028
0.031688,2.6808028
0.03169,2.6808028
0.031692,2.6808028
0.031694,2.6808028
0.031696,2.6808028
0.031698,2.6808028
0.0317,2.6808028
0.031702,2.6808028
0.031704,2.6808028
0.031706,2.6808028
0.031708,2.6808028
0.03171,2.6808028
0.031712,2.6808028
0.031714,2.6808028
0.031716,2.6808028
0.031718,2.6808028
0.03172,2.6808028
0.031722,2.6808028
0.031724,2.6808028
0.031726,2.6808028
0.031728,2.6808028
0.03173,2.6808028
0.031732,2.6808028
0.031734,2.6808028
0.031736,2.6808028
0.031737998,2.6808028
0.03174,2.6808028
0.031742,2.6808028
0.031744,2.6808028
0.031746,2.6808028
0.031748,2.6808028
0.03175,2.6808028
0.031752,2.6808028
0.031754,2.6808028
0.031756,2.6808028
0.031758,2.6808028
0.03176,2.6808028
0.031762,2.6808028
0.031764,2.6808028
0.031766,2.6808028
0.031768,2.6808028
0.03177,2.6808028
0.031772,2.6808028
0.031774,2.6808028
0.031776,1.6174817
0.031778,1.4325566
0.03178,1.4325566
0.031782,1.4325566
0.031784,1.4325566
0.031786,1.4325566
0.031788,1.4325566
0.03179,1.4325566
0.031792,1.4325566
0.031794,1.4325566
0.031796,1.4325566
0.031798,1.4325566
0.031799998,1.4325566
0.031802,1.4325566
0.031804,1.4325566
0.031806,1.4325566
0.031808,1.4325566
0.03181,1.4325566
0.031812,1.3863249
0.031814,1.4325566
0.031816,1.3863249
0.031818,1.3863249
0.03182,1.3863249
0.031822,1.3863249
0.031824,1.3863249
0.031826,1.3863249
0.031828,1.3863249
0.03183,1.3863249
0.031832,1.3863249
0.031834,1.3863249
0.031836,1.3863249
0.031838,1.3863249
0.03184,1.3863249
0.031842,1.3863249
0.031844,1.3863249
0.031846,1.3863249
0.031848,1.3863249
0.03185,1.3863249
0.031852,1.3863249
0.031854,1.3863249
0.031856,1.3863249
0.031858,1.3863249
0.03186,1.3863249
0.031862,1.3863249
0.031864,1.3863249
0.031866,1.3863249
0.031868,1.3863249
0.03187,1.3863249
0.031872,1.3863249
0.031874,1.3863249
0.031876,1.3863249
0.031878,1.3863249
0.03188,1.3863249
0.031882,1.3863249
0.031884,1.3863249
0.031886,1.3863249
0.031888,1.3863249
0.03189,1.3863249
0.031892,1.3863249
0.031894,1.3863249
0.031896,1.3863249
0.031898,1.3863249
0.0319,1.3863249
0.031902,1.3863249
0.031904,1.3863249
0.031906,1.3863249
0.031908,1.3863249
0.03191,1.3863249
0.031912,1.3863249
0.031914,1.3863249
0.031916,1.3863249
0.031918,1.3863249
0.03192,1.3863249
0.031922,1.3863249
0.031924,1.3863249
0.031926,1.3863249
0.031928,1.3863249
0.03193,1.3863249
0.031932,1.3863249
0.031934,1.3863249
0.031936,1.3863249
0.031938,1.3863249
0.03194,1.3863249
0.031942,1.3863249
0.031944,1.3863249
0.031946,1.3863249
0.031948,1.3863249
0.03195,1.3863249
0.031952,1.3863249
0.031954,1.3863249
0.031956,1.3863249
0.031958,1.3863249
0.03196,1.3863249
0.031962,1.3863249
0.031964,1.3863249
0.031966,1.3863249
0.031968,1.3863249
0.03197,1.3863249
0.031972,1.3863249
0.031974,1.3863249
0.031976,1.3863249
0.031978,1.3863249
0.03198,1.3863249
0.031982,1.3863249
0.031984,1.3863249
0.031986,1.3863249
0.031988,1.3863249
0.03199,1.3863249
0.031992,1.3863249
0.031994,1.3863249
0.031996,1.3863249
0.031998,1.3863249
0.032,1.3863249
0.032002,1.3863249
0.032004,1.3863249
0.032006,1.3863249
0.032008,1.3863249
0.03201,1.3863249
0.032012,1.3863249
0.032014,1.3863249
0.032016,1.3863249
0.032018,1.3863249
0.03202,1.3863249
0.032022,1.3863249
0.032024,1.3863249
0.032026,1.3863249
0.032028,1.3863249
0.03203,1.3863249
0.032032,1.3863249
0.032034,1.3863249
0.032036,1.3863249
0.032038,1.3863249
0.03204,1.3863249
0.032042,1.3863249
0.032044,1.3863249
0.032046,1.3863249
0.032048,1.3863249
0.03205,1.3863249
0.032052,1.3863249
0.032054,1.3863249
0.032056,1.3863249
0.032058,1.3863249
0.03206,1.3863249
0.032062,1.3863249
0.032064,1.3863249
0.032066,1.3863249
0.032068,1.3863249
0.03207,1.3863249
0.032072,1.3863249
0.032074,1.3863249
0.032076,1.3863249
0.032078,1.3863249
0.03208,1.3863249
0.032082,1.3863249
0.032084,1.3863249
0.032086,1.3863249
0.032088,1.3863249
0.03209,1.3863249
0.032092,1.3863249
0.032094,1.3863249
0.032096,1.3863249
0.032098,1.3863249
0.0321,1.3863249
0.032102,1.3863249
0.032104,1.3863249
0.032106,1.3863249
0.032108,1.3863249
0.03211,1.3863249
0.032112,1.3863249
0.032114,1.3863249
0.032116,1.3863249
0.032118,1.3863249
0.03212,1.3863249
0.032122,1.3863249
0.032124,1.3863249
0.032126,1.3863249
0.032128,1.3863249
0.03213,1.3863249
0.032132,1.3863249
0.032134,1.3863249
0.032136,1.3863249
0.032138,1.3863249
0.03214,1.3863249
0.032142,1.3863249
0.032144,1.3863249
0.032146,1.3863249
0.032148,1.3863249
0.03215,1.3863249
0.032152,1.3863249
0.032154,1.3863249
0.032156,1.4325566
0.032158,0.13807821
0.03216,0.13807821
0.032162,0.13807821
0.032164,0.13807821
0.032166,0.13807821
0.032168,0.13807821
0.03217,0.13807821
0.032172,0.13807821
0.032174,0.13807821
0.032176,0.13807821
0.032178,0.091846466
0.03218,0.13807821
0.032182,0.091846466
0.032184,0.091846466
0.032186,0.091846466
0.032188,0.091846466
0.03219,0.091846466
0.032192,0.091846466
0.032194,0.091846466
0.032196,0.091846466
0.032198,0.091846466
0.0322,0.091846466
0.032202,0.091846466
0.032204,0.091846466
0.032206,0.091846466
0.032208,0.091846466
0.03221,0.091846466
0.032212,0.091846466
0.032214,0.091846466
0.032216,0.091846466
0.032217998,0.091846466
0.03222,0.091846466
0.032222,0.091846466
0.032224,0.091846466
0.032226,0.091846466
0.032228,0.091846466
0.03223,0.091846466
0.032232,0.091846466
0.032234,0.091846466
0.032236,0.091846466
0.032238,0.091846466
0.03224,0.091846466
0.032242,0.091846466
0.032244,0.091846466
0.032246,0.091846466
0.032248,0.091846466
0.03225,0.091846466
0.032252,0.091846466
0.032254,0.091846466
0.032256,0.091846466
0.032258,0.091846466
0.03226,0.091846466
0.032262,0.091846466
0.032264,0.091846466
0.032266,0.091846466
0.032268,0.091846466
0.03227,0.091846466
0.032272,0.091846466
0.032274,0.091846466
0.032276,0.091846466
0.032278,0.091846466
0.032279998,0.091846466
0.032282,0.091846466
0.032284,0.091846466
0.032286,0.091846466
0.032288,0.091846466
0.03229,0.091846466
0.032292,0.091846466
0.032294,0.091846466
0.032296,0.091846466
0.032298,0.091846466
0.0323,0.091846466
0.032302,0.091846466
0.032304,0.091846466
0.032306,0.091846466
0.032308,0.091846466
0.03231,0.091846466
0.032312,0.091846466
0.032314,0.091846466
0.032316,0.091846466
0.032318,0.091846466
0.03232,0.091846466
0.032322,0.091846466
0.032324,0.091846466
0.032326,0.091846466
0.032328,0.091846466
0.03233,0.091846466
0.032332,0.091846466
0.032334,0.091846466
0.032336,0.091846466
0.032338,0.091846466
0.03234,0.091846466
0.032341998,0.091846466
0.032344,0.091846466
0.032346,0.091846466
0.032348,0.091846466
0.03235,0.091846466
0.032352,0.091846466
0.032354,0.091846466
0.032356,0.091846466
0.032358,0.091846466
0.03236,0.091846466
0.032362,0.091846466
0.032364,0.091846466
0.032366,0.091846466
0.032368,0.091846466
0.03237,0.091846466
0.032372,0.091846466
0.032374,0.091846466
0.032376,0.091846466
0.032378,0.091846466
0.03238,0.091846466
0.032382,0.091846466
0.032384,0.091846466
0.032386,0.091846466
0.032388,0.091846466
0.03239,0.091846466
0.032392,0.091846466
0.032394,0.091846466
0.032396,0.091846466
0.032398,0.091846466
0.0324,0.091846466
0.032402,0.091846466
0.032403998,0.091846466
0.032406,0.091846466
0.032408,0.091846466
0.03241,0.091846466
0.032412,0.091846466
0.032414,0.091846466
0.032416,0.091846466
0.032418,0.091846466
0.03242,0.091846466
0.032422,0.091846466
0.032424,0.091846466
0.032426,0.091846466
0.032428,0.091846466
0.03243,0.091846466
0.032432,0.091846466
0.032434,0.091846466
0.032436,0.091846466
0.032438,0.091846466
0.03244,0.091846466
0.032442,0.091846466
0.032444,0.091846466
0.032446,0.091846466
0.032448,0.091846466
0.03245,0.091846466
0.032452,0.091846466
0.032454,0.091846466
0.032456,0.091846466
0.032458,0.091846466
0.03246,0.091846466
0.032462,0.091846466
0.032464,0.091846466
0.032465998,0.091846466
0.032468,0.091846466
0.03247,0.091846466
0.032472,0.091846466
0.032474,0.091846466
0.032476,0.091846466
0.032478,0.091846466
0.03248,0.091846466
0.032482,0.091846466
0.032484,0.091846466
0.032486,0.091846466
0.032488,0.091846466
0.03249,0.091846466
0.032492,0.091846466
0.032494,0.091846466
0.032496,0.091846466
0.032498,0.091846466
0.0325,0.091846466
0.032502,0.091846466
0.032504,0.091846466
0.032506,0.091846466
0.032508,0.091846466
0.03251,0.091846466
0.032512,0.091846466
0.032514,0.091846466
0.032516,0.091846466
0.032518,0.091846466
0.03252,0.091846466
0.032522,0.091846466
0.032524,0.091846466
0.032526,0.091846466
0.032527998,0.091846466
0.03253,0.091846466
0.032532,0.091846466
0.032534,0.091846466
0.032536,0.091846466
0.032538,0.091846466
0.03254,0.091846466
0.032542,0.091846466
0.032544,0.091846466
0.032546,0.091846466
0.032548,0.091846466
0.03255,0.091846466
0.032552,0.091846466
0.032554,0.091846466
0.032556,0.091846466
0.032558,0.091846466
0.03256,0.091846466
0.032562,0.091846466
0.032564,0.091846466
0.032566,0.091846466
0.032568,0.091846466
0.03257,0.091846466
0.032572,0.091846466
0.032574,0.091846466
0.032576,0.091846466
0.032578,0.091846466
0.03258,0.091846466
0.032582,0.091846466
0.032584,0.091846466
0.032586,0.091846466
0.032588,0.091846466
0.032589998,0.091846466
0.032592,0.091846466
0.032594,0.091846466
0.032596,0.091846466
0.032598,0.091846466
0.0326,0.091846466
0.032602,0.091846466
0.032604,0.091846466
0.032606,0.091846466
0.032608,0.091846466
0.03261,0.091846466
0.032612,0.091846466
0.032614,0.091846466
0.032616,0.091846466
0.032618,0.091846466
0.03262,0.091846466
0.032622,0.091846466
0.032624,0.091846466
0.032626,0.091846466
0.032628,0.091846466
0.03263,0.091846466
0.032632,0.091846466
0.032634,0.091846466
0.032636,0.091846466
0.032638,0.091846466
0.03264,0.091846466
0.032642,0.091846466
0.032644,0.091846466
0.032646,0.091846466
0.032648,0.091846466
0.03265,0.091846466
0.032651998,0.091846466
0.032654,0.091846466
0.032656,0.091846466
0.032658,0.091846466
0.03266,0.091846466
0.032662,0.091846466
0.032664,0.091846466
0.032666,0.091846466
0.032668,0.091846466
0.03267,0.091846466
0.032672,0.091846466
0.032674,0.091846466
0.032676,0.091846466
0.032678,0.091846466
0.03268,0.091846466
0.032682,0.091846466
0.032684,0.091846466
0.032686,0.091846466
0.032688,0.091846466
0.03269,0.091846466
0.032692,0.091846466
0.032694,0.091846466
0.032696,0.091846466
0.032698,0.091846466
0.0327,0.091846466
0.032702,0.091846466
0.032704,0.091846466
0.032706,0.091846466
0.032708,0.091846466
0.03271,0.091846466
0.032712,0.091846466
0.032713998,0.091846466
0.032716,0.091846466
0.032718,0.091846466
0.03272,0.091846466
0.032722,0.091846466
0.032724,0.091846466
0.032726,0.091846466
0.032728,0.091846466
0.03273,0.091846466
0.032732,0.091846466
0.032734,0.091846466
0.032736,0.091846466
0.032738,0.091846466
0.03274,0.091846466
0.032742,0.091846466
0.032744,0.091846466
0.032746,0.091846466
0.032748,0.091846466
0.03275,0.091846466
0.032752,0.091846466
0.032754,0.091846466
0.032756,0.091846466
0.032758,0.091846466
0.03276,0.091846466
0.032762,0.091846466
0.032764,0.091846466
0.032766,0.091846466
0.032768,0.091846466
0.03277,0.091846466
0.032772,0.091846466
0.032774,0.091846466
0.032775998,0.091846466
0.032778,0.091846466
0.03278,0.091846466
0.032782,0.091846466
0.032784,0.091846466
0.032786,0.091846466
0.032788,0.091846466
0.03279,0.091846466
0.032792,0.091846466
0.032794,0.091846466
0.032796,0.091846466
0.032798,0.091846466
0.0328,0.091846466
0.032802,0.091846466
0.032804,0.091846466
0.032806,0.091846466
0.032808,0.091846466
0.03281,0.091846466
0.032812,0.091846466
0.032814,0.091846466
0.032816,0.091846466
0.032818,0.091846466
0.03282,0.091846466
0.032822,0.091846466
0.032824,0.091846466
0.032826,0.091846466
0.032828,0.091846466
0.03283,0.091846466
0.032832,0.091846466
0.032834,0.091846466
0.032836,0.091846466
0.032837998,0.091846466
0.03284,0.091846466
0.032842,0.091846466
0.032844,0.091846466
0.032846,0.091846466
0.032848,0.091846466
0.03285,0.091846466
0.032852,0.091846466
0.032854,0.091846466
0.032856,0.091846466
0.032858,0.091846466
0.03286,0.091846466
0.032862,0.091846466
0.032864,0.091846466
0.032866,0.091846466
0.032868,0.091846466
0.03287,0.091846466
0.032872,0.091846466
0.032874,0.091846466
0.032876,0.091846466
0.032878,0.091846466
0.03288,0.091846466
0.032882,0.091846466
0.032884,0.091846466
0.032886,0.091846466
0.032888,0.091846466
0.03289,0.091846466
0.032892,0.091846466
0.032894,0.091846466
0.032896,0.091846466
0.032898,0.091846466
0.032899998,0.091846466
0.032902,0.091846466
0.032904,0.091846466
0.032906,0.091846466
0.032908,0.091846466
0.03291,0.091846466
0.032912,0.091846466
0.032914,0.091846466
0.032916,0.091846466
0.032918,0.091846466
0.03292,0.091846466
0.032922,0.091846466
0.032924,0.091846466
0.032926,0.091846466
0.032928,0.091846466
0.03293,0.091846466
0.032932,0.091846466
0.032934,0.091846466
0.032936,0.091846466
0.032938,0.091846466
0.03294,0.091846466
0.032942,0.091846466
0.032944,0.091846466
0.032946,0.091846466
0.032948,0.091846466
0.03295,0.091846466
0.032952,0.091846466
0.032954,0.091846466
0.032956,0.091846466
0.032958,0.091846466
0.03296,0.091846466
0.032961998,0.091846466
0.032964,0.091846466
0.032966,0.091846466
0.032968,0.091846466
0.03297,0.091846466
0.032972,0.091846466
0.032974,1.2938623
0.032976,1.3400936
0.032978,1.3400936
0.03298,1.3863249
0.032982,1.3863249
0.032984,1.3863249
0.032986,1.3863249
0.032988,1.3863249
0.03299,1.3863249
0.032992,1.3863249
0.032994,1.3863249
0.032996,1.3863249
0.032998,1.3863249
0.033,1.3863249
0.033002,1.3863249
0.033004,1.3863249
0.033006,1.3863249
0.033008,1.3863249
0.03301,1.3863249
0.033012,1.3863249
0.033014,1.3863249
0.033016,1.3863249
0.033018,1.3863249
0.03302,1.3863249
0.033022,1.3863249
0.033024,1.3863249
0.033026,1.3863249
0.033028,1.3863249
0.03303,1.3863249
0.033032,1.3863249
0.033034,1.3863249
0.033036,1.3863249
0.033038,1.3863249
0.03304,1.3863249
0.033042,1.3863249
0.033044,1.3863249
0.033046,1.3863249
0.033048,1.3863249
0.03305,1.3863249
0.033052,1.3863249
0.033054,1.3863249
0.033056,1.3863249
0.033058,1.3863249
0.03306,1.3863249
0.033062,1.3863249
0.033064,1.3863249
0.033066,1.3863249
0.033068,1.3863249
0.03307,1.3863249
0.033072,1.3863249
0.033074,1.3863249
0.033076,1.3863249
0.033078,1.3863249
0.03308,1.3863249
0.033082,1.3863249
0.033084,1.3863249
0.033086,1.3863249
0.033088,1.3863249
0.03309,1.3863249
0.033092,1.3863249
0.033094,1.3863249
0.033096,1.3863249
0.033098,1.3863249
0.0331,1.3863249
0.033102,1.3863249
0.033104,1.3863249
0.033106,1.3863249
0.033108,1.3863249
0.03311,1.3863249
0.033112,1.3863249
0.033114,1.3863249
0.033116,1.3863249
0.033118,1.3863249
0.03312,1.3863249
0.033122,1.3863249
0.033124,1.3863249
0.033126,1.3863249
0.033128,1.3863249
0.03313,1.3863249
0.033132,1.3863249
0.033134,1.3863249
0.033136,1.3863249
0.033138,1.3863249
0.03314,1.3863249
0.033142,1.3863249
0.033144,1.3863249
0.033146,1.3863249
0.033148,1.3863249
0.03315,1.3863249
0.033152,1.3863249
0.033154,1.3863249
0.033156,1.3863249
0.033158,1.3863249
0.03316,1.3863249
0.033162,1.3863249
0.033164,1.3863249
0.033166,1.3863249
0.033168,1.3863249
0.03317,1.3863249
0.033172,1.3863249
0.033174,1.3863249
0.033176,1.3863249
0.033178,1.3863249
0.03318,1.3863249
0.033182,1.3863249
0.033184,1.3863249
0.033186,1.3863249
0.033188,1.3863249
0.03319,1.3863249
0.033192,1.3863249
0.033194,1.3863249
0.033196,1.3863249
0.033198,1.3863249
0.0332,1.3863249
0.033202,1.3863249
0.033204,1.3863249
0.033206,1.3863249
0.033208,1.3863249
0.03321,1.3863249
0.033212,1.3863249
0.033214,1.3863249
0.033216,1.3863249
0.033218,1.3863249
0.03322,1.3863249
0.033222,1.3863249
0.033224,1.3863249
0.033226,1.3863249
0.033228,1.3863249
0.03323,1.3863249
0.033232,1.3863249
0.033234,1.3863249
0.033236,1.3863249
0.033238,1.3863249
0.03324,1.3863249
0.033242,1.3863249
0.033244,1.3863249
0.033246,1.3863249
0.033248,1.3863249
0.03325,1.3863249
0.033252,1.3863249
0.033254,1.3863249
0.033256,1.3863249
0.033258,1.3863249
0.03326,1.3863249
0.033262,1.3863249
0.033264,1.3863249
0.033266,1.3863249
0.033268,1.3863249
0.03327,1.3863249
0.033272,1.3863249
0.033274,1.3863249
0.033276,1.3863249
0.033278,1.3863249
0.03328,1.3863249
0.033282,1.3863249
0.033284,1.3863249
0.033286,1.3863249
0.033288,1.3863249
0.03329,1.3863249
0.033292,1.3863249
0.033294,1.3863249
0.033296,1.3863249
0.033298,1.3863249
0.0333,1.3863249
0.033302,1.3863249
0.033304,1.3863249
0.033306,1.3863249
0.033308,1.3863249
0.03331,1.3863249
0.033312,1.3863249
0.033314,1.3863249
0.033316,1.3863249
0.033318,1.3863249
0.03332,1.3863249
0.033322,1.3863249
0.033324,1.3863249
0.033326,1.3863249
0.033328,2.542109
0.03333,2.6345725
0.033332,2.6345725
0.033334,2.6345725
0.033336,2.6345725
0.033338,2.6345725
0.03334,2.6345725
0.033342,2.6345725
0.033344,2.6808028
0.033346,2.6808028
0.033348,2.6808028
0.03335,2.6808028
0.033352,2.6808028
0.033354,2.6808028
0.033356,2.6808028
0.033358,2.6808028
0.03336,2.6808028
0.033362,2.6808028
0.033364,2.6808028
0.033366,2.6808028
0.033368,2.6808028
0.03337,2.6808028
0.033372,2.6808028
0.033374,2.6808028
0.033376,2.6808028
0.033378,2.6808028
0.033379998,2.6808028
0.033382,2.6808028
0.033384,2.6808028
0.033386,2.6808028
0.033388,2.6808028
0.03339,2.6808028
0.033392,2.6808028
0.033394,2.6808028
0.033396,2.6808028
0.033398,2.6808028
0.0334,2.6808028
0.033402,2.6808028
0.033404,2.6808028
0.033406,2.6808028
0.033408,2.6808028
0.03341,2.6808028
0.033412,2.6808028
0.033414,2.6808028
0.033416,2.6808028
0.033418,2.6808028
0.03342,2.6808028
0.033422,2.6808028
0.033424,2.6808028
0.033426,2.6808028
0.033428,2.6808028
0.03343,2.6808028
0.033432,2.6808028
0.033434,2.6808028
0.033436,2.6808028
0.033438,2.6808028
0.03344,2.6808028
0.033441998,2.6808028
0.033444,2.6808028
0.033446,2.6808028
0.033448,2.6808028
0.03345,2.6808028
0.033452,2.6808028
0.033454,2.6808028
0.033456,2.6808028
0.033458,2.6808028
0.03346,2.6808028
0.033462,2.6808028
0.033464,2.6808028
0.033466,2.6808028
0.033468,2.6808028
0.03347,2.6808028
0.033472,2.6808028
0.033474,2.6808028
0.033476,2.6808028
0.033478,2.6808028
0.03348,2.6808028
0.033482,2.6808028
0.033484,2.6808028
0.033486,2.6808028
0.033488,2.6808028
0.03349,2.6808028
0.033492,2.6808028
0.033494,2.6808028
0.033496,2.6808028
0.033498,2.6808028
0.0335,2.6808028
0.033502,2.6808028
0.033503998,2.6808028
0.033506,2.6808028
0.033508,2.6808028
0.03351,2.6808028
0.033512,2.6808028
0.033514,2.6808028
0.033516,2.6808028
0.033518,2.6808028
0.03352,2.6808028
0.033522,2.6808028
0.033524,2.6808028
0.033526,2.6808028
0.033528,2.6808028
0.03353,2.6808028
0.033532,2.6808028
0.033534,2.6808028
0.033536,2.6808028
0.033538,2.6808028
0.03354,2.6808028
0.033542,2.6808028
0.033544,2.6808028
0.033546,2.6808028
0.033548,2.6808028
0.03355,2.6808028
0.033552,2.6808028
0.033554,2.6808028
0.033556,2.6808028
0.033558,2.6808028
0.03356,2.6808028
0.033562,2.6808028
0.033564,2.6808028
0.033565998,2.6808028
0.033568,2.6808028
0.03357,2.6808028
0.033572,2.6808028
0.033574,2.6808028
0.033576,2.6808028
0.033578,2.6808028
0.03358,2.6808028
0.033582,2.6808028
0.033584,2.6808028
0.033586,2.6808028
0.033588,2.6808028
0.03359,2.6808028
0.033592,2.6808028
0.033594,2.6808028
0.033596,2.6808028
0.033598,2.6808028
0.0336,2.6808028
0.033602,2.6808028
0.033604,2.6808028
0.033606,2.6808028
0.033608,2.6808028
0.03361,2.6808028
0.033612,2.6808028
0.033614,2.6808028
0.033616,2.6808028
0.033618,2.6808028
0.03362,2.6808028
0.033622,2.6808028
0.033624,2.6808028
0.033626,2.6808028
0.033627998,2.6808028
0.03363,2.6808028
0.033632,2.6808028
0.033634,2.6808028
0.033636,2.6808028
0.033638,2.6808028
0.03364,2.6808028
0.033642,2.6808028
0.033644,2.6808028
0.033646,2.6808028
0.033648,2.6808028
0.03365,2.6808028
0.033652,2.6808028
0.033654,3.744125
0.033656,3.92905
0.033658,3.92905
0.03366,3.92905
0.033662,3.9752812
0.033664,3.9752812
0.033666,3.9752812
0.033668,3.9752812
0.03367,3.9752812
0.033672,3.9752812
0.033674,3.9752812
0.033676,3.9752812
0.033678,3.9752812
0.03368,3.9752812
0.033682,3.9752812
0.033684,3.9752812
0.033686,3.9752812
0.033688,3.9752812
0.033689998,3.9752812
0.033692,3.9752812
0.033694,3.9752812
0.033696,3.9752812
0.033698,3.9752812
0.0337,3.9752812
0.033702,3.9752812
0.033704,3.9752812
0.033706,3.9752812
0.033708,3.9752812
0.03371,3.9752812
0.033712,3.9752812
0.033714,3.9752812
0.033716,3.9752812
0.033718,3.9752812
0.03372,3.9752812
0.033722,3.9752812
0.033724,3.9752812
0.033726,3.9752812
0.033728,3.9752812
0.03373,3.9752812
0.033732,3.9752812
0.033734,3.9752812
0.033736,3.9752812
0.033738,3.9752812
0.03374,3.9752812
0.033742,3.9752812
0.033744,3.9752812
0.033746,3.9752812
0.033748,3.9752812
0.03375,3.9752812
0.033751998,3.9752812
0.033754,3.9752812
0.033756,3.9752812
0.033758,3.9752812
0.03376,3.9752812
0.033762,3.9752812
0.033764,3.9752812
0.033766,3.9752812
0.033768,3.9752812
0.03377,3.9752812
0.033772,3.9752812
0.033774,3.9752812
0.033776,3.9752812
0.033778,3.9752812
0.03378,3.9752812
0.033782,3.9752812
0.033784,3.9752812
0.033786,3.9752812
0.033788,3.9752812
0.03379,3.9752812
0.033792,3.9752812
0.033794,3.9752812
0.033796,3.9752812
0.033798,3.9752812
0.0338,3.9752812
0.033802,3.9752812
0.033804,3.9752812
0.033806,3.9752812
0.033808,3.9752812
0.03381,3.9752812
0.033812,3.9752812
0.033813998,3.9752812
0.033816,3.9752812
0.033818,3.9752812
0.03382,3.9752812
0.033822,3.9752812
0.033824,3.9752812
0.033826,3.9752812
0.033828,3.9752812
0.03383,3.9752812
0.033832,3.9752812
0.033834,3.9752812
0.033836,3.9752812
0.033838,3.9752812
0.03384,3.9752812
0.033842,3.9752812
0.033844,3.9752812
0.033846,3.9752812
0.033848,3.9752812
0.03385,3.9752812
0.033852,3.9752812
0.033854,3.9752812
0.033856,3.9752812
0.033858,3.9752812
0.03386,3.9752812
0.033862,3.9752812
0.033864,3.9752812
0.033866,3.9752812
0.033868,3.9752812
0.03387,3.9752812
0.033872,3.9752812
0.033874,3.9752812
0.033875998,3.9752812
0.033878,3.9752812
0.03388,3.9752812
0.033882,3.9752812
0.033884,3.9752812
0.033886,3.9752812
0.033888,3.9752812
0.03389,3.9752812
0.033892,3.9752812
0.033894,3.9752812
0.033896,3.9752812
0.033898,3.9752812
0.0339,3.9752812
0.033902,3.9752812
0.033904,3.9752812
0.033906,3.9752812
0.033908,3.9752812
0.03391,3.9752812
0.033912,3.9752812
0.033914,3.9752812
0.033916,3.9752812
0.033918,3.9752812
0.03392,3.9752812
0.033922,3.9752812
0.033924,3.9752812
0.033926,3.9752812
0.033928,3.9752812
0.03393,3.9752812
0.033932,3.9752812
0.033934,3.9752812
0.033936,3.9752812
0.033937998,3.9752812
0.03394,3.9752812
0.033942,3.9752812
0.033944,3.9752812
0.033946,3.9752812
0.033948,3.9752812
0.03395,3.9752812
0.033952,3.9752812
0.033954,3.9752812
0.033956,3.9752812
0.033958,3.9752812
0.03396,3.9752812
0.033962,3.9752812
0.033964,3.9752812
0.033966,3.9752812
0.033968,3.9752812
0.03397,3.9752812
0.033972,3.9752812
0.033974,3.9752812
0.033976,3.9752812
0.033978,3.9752812
0.03398,3.9752812
0.033982,3.9752812
0.033984,3.9752812
0.033986,3.9752812
0.033988,3.9752812
0.03399,3.9752812
0.033992,3.9752812
0.033994,3.9752812
0.033996,3.9752812
0.033998,3.9752812
0.033999998,3.9752812
0.034002,3.9752812
0.034004,3.9752812
0.034006,3.9752812
0.034008,3.9752812
0.03401,3.9752812
0.034012,3.9752812
0.034014,3.9752812
0.034016,3.9752812
0.034018,3.9752812
0.03402,3.9752812
0.034022,3.9752812
0.034024,3.9752812
0.034026,3.9752812
0.034028,3.9752812
0.03403,3.9752812
0.034032,3.9752812
0.034034,3.9752812
0.034036,3.9752812
0.034038,3.9752812
0.03404,3.9752812
0.034042,3.9752812
0.034044,3.9752812
0.034046,3.9752812
0.034048,3.9752812
0.03405,3.9752812
0.034052,3.9752812
0.034054,3.9752812
0.034056,3.9752812
0.034058,3.9752812
0.03406,3.9752812
0.034061998,3.9752812
0.034064,3.9752812
0.034066,3.9752812
0.034068,3.9752812
0.03407,3.9752812
0.034072,3.9752812
0.034074,3.9752812
0.034076,3.9752812
0.034078,3.9752812
0.03408,3.9752812
0.034082,3.9752812
0.034084,3.9752812
0.034086,3.9752812
0.034088,3.9752812
0.03409,3.9752812
0.034092,3.9752812
0.034094,3.9752812
0.034096,3.9752812
0.034098,3.9752812
0.0341,3.9752812
0.034102,3.9752812
0.034104,3.9752812
0.034106,3.9752812
0.034108,3.9752812
0.03411,3.9752812
0.034112,3.9752812
0.034114,3.9752812
0.034116,3.9752812
0.034118,3.9752812
0.03412,3.9752812
0.034122,3.9752812
0.034123998,3.9752812
0.034126,3.9752812
0.034128,3.9752812
0.03413,3.9752812
0.034132,3.9752812
0.034134,3.9752812
0.034136,3.9752812
0.034138,3.9752812
0.03414,3.9752812
0.034142,3.9752812
0.034144,3.9752812
0.034146,3.9752812
0.034148,3.9752812
0.03415,3.9752812
0.034152,3.9752812
0.034154,3.9752812
0.034156,3.9752812
0.034158,3.9752812
0.03416,3.9752812
0.034162,3.9752812
0.034164,3.9752812
0.034166,3.9752812
0.034168,3.9752812
0.03417,3.9752812
0.034172,3.9752812
0.034174,3.9752812
0.034176,3.9752812
0.034178,3.9752812
0.03418,3.9752812
0.034182,3.9752812
0.034184,3.9752812
0.034186,3.9752812
0.034188,3.9752812
0.03419,3.9752812
0.034192,3.9752812
0.034194,3.9752812
0.034196,3.9752812
0.034198,3.9752812
0.0342,3.9752812
0.034202,3.9752812
0.034204,3.9752812
0.034206,3.9752812
0.034208,3.9752812
0.03421,3.9752812
0.034212,3.9752812
0.034214,3.9752812
0.034216,3.9752812
0.034218,3.9752812
0.03422,3.9752812
0.034222,3.9752812
0.034224,3.9752812
0.034226,3.9752812
0.034228,3.9752812
0.03423,3.9752812
0.034232,3.9752812
0.034234,3.9752812
0.034236,3.9752812
0.034238,3.9752812
0.03424,3.9752812
0.034242,3.9752812
0.034244,3.9752812
0.034246,3.9752812
0.034248,3.9752812
0.03425,3.9752812
0.034252,3.9752812
0.034254,3.9752812
0.034256,3.9752812
0.034258,3.9752812
0.03426,3.9752812
0.034262,3.9752812
0.034264,3.9752812
0.034266,3.9752812
0.034268,3.9752812
0.03427,3.9752812
0.034272,3.9752812
0.034274,3.9752812
0.034276,3.9752812
0.034278,3.9752812
0.03428,3.9752812
0.034282,3.9752812
0.034284,3.9752812
0.034286,3.9752812
0.034288,3.9752812
0.03429,3.9752812
0.034292,3.9752812
0.034294,3.9752812
0.034296,3.9752812
0.034298,3.9752812
0.0343,3.9752812
0.034302,3.9752812
0.034304,3.9752812
0.034306,3.9752812
0.034308,3.9752812
0.03431,3.9752812
0.034312,3.9752812
0.034314,3.9752812
0.034316,3.9752812
0.034318,3.9752812
0.03432,3.9752812
0.034322,3.9752812
0.034324,3.9752812
0.034326,3.9752812
0.034328,3.9752812
0.03433,3.9752812
0.034332,3.9752812
0.034334,3.9752812
0.034336,3.9752812
0.034338,3.9752812
0.03434,3.9752812
0.034342,3.9752812
0.034344,3.9752812
0.034346,3.9752812
0.034348,3.9752812
0.03435,3.9752812
0.034352,3.9752812
0.034354,3.9752812
0.034356,3.9752812
0.034358,3.9752812
0.03436,3.9752812
0.034362,3.9752812
0.034364,3.9752812
0.034366,3.9752812
0.034368,3.9752812
0.03437,3.9752812
0.034372,3.9752812
0.034374,3.9752812
0.034376,3.9752812
0.034378,3.9752812
0.03438,3.9752812
0.034382,3.9752812
0.034384,3.9752812
0.034386,3.9752812
0.034388,3.9752812
0.03439,3.9752812
0.034392,3.9752812
0.034394,3.9752812
0.034396,3.9752812
0.034398,3.9752812
0.0344,3.9752812
0.034402,3.9752812
0.034404,3.9752812
0.034406,3.9752812
0.034408,3.9752812
0.03441,3.9752812
0.034412,3.9752812
0.034414,3.9752812
0.034416,3.9752812
0.034418,3.9752812
0.03442,3.9752812
0.034422,3.9752812
0.034424,3.9752812
0.034426,3.9752812
0.034428,3.9752812
0.03443,3.9752812
0.034432,3.9752812
0.034434,3.9752812
0.034436,3.9752812
0.034438,3.9752812
0.03444,3.9752812
0.034442,3.9752812
0.034444,3.9752812
0.034446,3.9752812
0.034448,3.9752812
0.03445,3.9752812
0.034452,3.9752812
0.034454,3.9752812
0.034456,3.9752812
0.034458,3.9752812
0.03446,3.9752812
0.034462,3.9752812
0.034464,3.9752812
0.034466,3.9752812
0.034468,3.9752812
0.03447,3.9752812
0.034472,3.9752812
0.034474,3.9752812
0.034476,3.9752812
0.034478,3.9752812
0.034479998,3.9752812
0.034482,3.9752812
0.034484,3.9752812
0.034486,3.9752812
0.034488,3.9752812
0.03449,3.9752812
0.034492,3.9752812
0.034494,3.9752812
0.034496,3.9752812
0.034498,3.9752812
0.0345,3.9752812
0.034502,3.9752812
0.034504,3.9752812
0.034506,3.9752812
0.034508,3.9752812
0.03451,3.9752812
0.034512,3.9752812
0.034514,3.9752812
0.034516,3.9752812
0.034518,3.9752812
0.03452,3.9752812
0.034522,3.9752812
0.034524,3.9752812
0.034526,3.9752812
0.034528,3.9752812
0.03453,3.9752812
0.034532,3.9752812
0.034534,3.9752812
0.034536,3.9752812
0.034538,3.9752812
0.03454,3.9752812
0.034541998,3.9752812
0.034544,3.9752812
0.034546,3.9752812
0.034548,3.9752812
0.03455,3.9752812
0.034552,3.9752812
0.034554,3.9752812
0.034556,3.9752812
0.034558,3.9752812
0.03456,3.9752812
0.034562,3.9752812
0.034564,3.9752812
0.034566,3.9752812
0.034568,3.9752812
0.03457,3.9752812
0.034572,3.9752812
0.034574,3.9752812
0.034576,3.9752812
0.034578,3.9752812
0.03458,3.9752812
0.034582,3.9752812
0.034584,3.9752812
0.034586,3.9752812
0.034588,3.9752812
0.03459,3.9752812
0.034592,3.9752812
0.034594,3.9752812
0.034596,3.9752812
0.034598,3.9752812
0.0346,3.9752812
0.034602,3.9752812
0.034603998,3.9752812
0.034606,3.9752812
0.034608,3.9752812
0.03461,3.9752812
0.034612,3.9752812
0.034614,3.9752812
0.034616,3.9752812
0.034618,3.9752812
0.03462,3.9752812
0.034622,3.9752812
0.034624,3.9752812
0.034626,3.9752812
0.034628,3.9752812
0.03463,3.9752812
0.034632,3.9752812
0.034634,3.9752812
0.034636,3.9752812
0.034638,3.9752812
0.03464,3.9752812
0.034642,3.9752812
0.034644,3.9752812
0.034646,3.9752812
0.034648,3.9752812
0.03465,3.9752812
0.034652,3.9752812
0.034654,3.9752812
0.034656,3.9752812
0.034658,3.9752812
0.03466,3.9752812
0.034662,3.9752812
0.034664,3.9752812
0.034665998,3.9752812
0.034668,3.9752812
0.03467,3.9752812
0.034672,3.9752812
0.034674,3.9752812
0.034676,3.9752812
0.034678,3.9752812
0.03468,3.9752812
0.034682,3.9752812
0.034684,3.9752812
0.034686,3.9752812
0.034688,3.9752812
0.03469,3.9752812
0.034692,3.9752812
0.034694,3.9752812
0.034696,3.9752812
0.034698,3.9752812
0.0347,3.9752812
0.034702,3.9752812
0.034704,3.9752812
0.034706,3.9752812
0.034708,3.9752812
0.03471,3.9752812
0.034712,3.9752812
0.034714,3.9752812
0.034716,3.9752812
0.034718,3.9752812
0.03472,3.9752812
0.034722,3.9752812
0.034724,3.9752812
0.034726,3.9752812
0.034727998,3.9752812
0.03473,3.9752812
0.034732,3.9752812
0.034734,3.9752812
0.034736,3.9752812
0.034738,3.9752812
0.03474,3.9752812
0.034742,3.9752812
0.034744,3.9752812
0.034746,3.9752812
0.034748,3.9752812
0.03475,3.9752812
0.034752,3.9752812
0.034754,3.9752812
0.034756,3.9752812
0.034758,3.9752812
0.03476,3.9752812
0.034762,3.9752812
0.034764,3.9752812
0.034766,3.9752812
0.034768,3.9752812
0.03477,3.9752812
0.034772,3.9752812
0.034774,3.9752812
0.034776,3.9752812
0.034778,3.9752812
0.03478,3.9752812
0.034782,3.9752812
0.034784,3.9752812
0.034786,3.9752812
0.034788,3.9752812
0.034789998,3.9752812
0.034792,3.9752812
0.034794,3.9752812
0.034796,3.4667363
0.034798,2.7732663
0.0348,2.727035
0.034802,2.727035
0.034804,2.727035
0.034806,2.727035
0.034808,2.727035
0.03481,2.727035
0.034812,2.727035
0.034814,2.6808028
0.034816,2.727035
0.034818,2.6808028
0.03482,2.6808028
0.034822,2.6808028
0.034824,2.6808028
0.034826,2.6808028
0.034828,2.6808028
0.03483,2.6808028
0.034832,2.6808028
0.034834,2.6808028
0.034836,2.6808028
0.034838,2.6808028
0.03484,2.6808028
0.034842,2.6808028
0.034844,2.6808028
0.034846,2.6808028
0.034848,2.6808028
0.03485,2.6808028
0.034851998,2.6808028
0.034854,2.6808028
0.034856,2.6808028
0.034858,2.6808028
0.03486,2.6808028
0.034862,2.6808028
0.034864,2.6808028
0.034866,2.6808028
0.034868,2.6808028
0.03487,2.6808028
0.034872,2.6808028
0.034874,2.6808028
0.034876,2.6808028
0.034878,2.6808028
0.03488,2.6808028
0.034882,2.6808028
0.034884,2.6808028
0.034886,2.6808028
0.034888,2.6808028
0.03489,2.6808028
0.034892,2.6808028
0.034894,2.6808028
0.034896,2.6808028
0.034898,2.6808028
0.0349,2.6808028
0.034902,2.6808028
0.034904,2.6808028
0.034906,2.6808028
0.034908,2.6808028
0.03491,2.6808028
0.034912,2.6808028
0.034913998,2.6808028
0.034916,2.6808028
0.034918,2.6808028
0.03492,2.6808028
0.034922,2.6808028
0.034924,2.6808028
0.034926,2.6808028
0.034928,2.6808028
0.03493,2.6808028
0.034932,2.6808028
0.034934,2.6808028
0.034936,2.6808028
0.034938,2.6808028
0.03494,2.6808028
0.034942,2.6808028
0.034944,2.6808028
0.034946,2.6808028
0.034948,2.6808028
0.03495,2.6808028
0.034952,2.6808028
0.034954,2.6808028
0.034956,2.6808028
0.034958,2.6808028
0.03496,2.6808028
0.034962,2.6808028
0.034964,2.6808028
0.034966,2.6808028
0.034968,2.6808028
0.03497,2.6808028
0.034972,2.6808028
0.034974,2.6808028
0.034975998,2.6808028
0.034978,2.6808028
0.03498,2.6808028
0.034982,2.6808028
0.034984,2.6808028
0.034986,2.6808028
0.034988,2.6808028
0.03499,2.6808028
0.034992,2.6808028
0.034994,2.6808028
0.034996,2.6808028
0.034998,2.6808028
0.035,2.6808028
0.035002,2.6808028
0.035004,2.6808028
0.035006,2.6808028
0.035008,2.6808028
0.03501,2.6808028
0.035012,2.6808028
0.035014,2.6808028
0.035016,2.6808028
0.035018,2.6808028
0.03502,2.6808028
0.035022,2.6808028
0.035024,2.6808028
0.035026,2.6808028
0.035028,2.6808028
0.03503,2.6808028
0.035032,2.6808028
0.035034,2.6808028
0.035036,2.6808028
0.035037998,2.6808028
0.03504,2.6808028
0.035042,2.6808028
0.035044,2.6808028
0.035046,2.6808028
0.035048,2.6808028
0.03505,2.6808028
0.035052,2.6808028
0.035054,2.6808028
0.035056,2.6808028
0.035058,2.6808028
0.03506,2.6808028
0.035062,2.6808028
0.035064,2.6808028
0.035066,2.6808028
0.035068,2.6808028
0.03507,2.6808028
0.035072,2.6808028
0.035074,2.6808028
0.035076,2.6808028
0.035078,2.6808028
0.03508,2.6808028
0.035082,2.6808028
0.035084,2.6808028
0.035086,2.6808028
0.035088,2.6808028
0.03509,2.6808028
0.035092,2.6808028
0.035094,2.6808028
0.035096,2.6808028
0.035098,2.6808028
0.035099998,2.6808028
0.035102,2.6808028
0.035104,2.6808028
0.035106,2.6808028
0.035108,2.6808028
0.03511,2.6808028
0.035112,2.6808028
0.035114,2.6808028
0.035116,2.6808028
0.035118,2.6808028
0.03512,2.6808028
0.035122,2.6808028
0.035124,1.5250192
0.035126,1.4325566
0.035128,1.4325566
0.03513,1.4325566
0.035132,1.4325566
0.035134,1.4325566
0.035136,1.4325566
0.035138,1.4325566
0.03514,1.4325566
0.035142,1.4325566
0.035144,1.4325566
0.035146,1.4325566
0.035148,1.4325566
0.03515,1.4325566
0.035152,1.4325566
0.035154,1.4325566
0.035156,1.4325566
0.035158,1.3863249
0.03516,1.4325566
0.035161998,1.4325566
0.035164,1.3863249
0.035166,1.3863249
0.035168,1.3863249
0.03517,1.3863249
0.035172,1.3863249
0.035174,1.3863249
0.035176,1.3863249
0.035178,1.3863249
0.03518,1.3863249
0.035182,1.3863249
0.035184,1.3863249
0.035186,1.3863249
0.035188,1.3863249
0.03519,1.3863249
0.035192,1.3863249
0.035194,1.3863249
0.035196,1.3863249
0.035198,1.3863249
0.0352,1.3863249
0.035202,1.3863249
0.035204,1.3863249
0.035206,1.3863249
0.035208,1.3863249
0.03521,1.3863249
0.035212,1.3863249
0.035214,1.3863249
0.035216,1.3863249
0.035218,1.3863249
0.03522,1.3863249
0.035222,1.3863249
0.035223998,1.3863249
0.035226,1.3863249
0.035228,1.3863249
0.03523,1.3863249
0.035232,1.3863249
0.035234,1.3863249
0.035236,1.3863249
0.035238,1.3863249
0.03524,1.3863249
0.035242,1.3863249
0.035244,1.3863249
0.035246,1.3863249
0.035248,1.3863249
0.03525,1.3863249
0.035252,1.3863249
0.035254,1.3863249
0.035256,1.3863249
0.035258,1.3863249
0.03526,1.3863249
0.035262,1.3863249
0.035264,1.3863249
0.035266,1.3863249
0.035268,1.3863249
0.03527,1.3863249
0.035272,1.3863249
0.035274,1.3863249
0.035276,1.3863249
0.035278,1.3863249
0.03528,1.3863249
0.035282,1.3863249
0.035284,1.3863249
0.035285998,1.3863249
0.035288,1.3863249
0.03529,1.3863249
0.035292,1.3863249
0.035294,1.3863249
0.035296,1.3863249
0.035298,1.3863249
0.0353,1.3863249
0.035302,1.3863249
0.035304,1.3863249
0.035306,1.3863249
0.035308,1.3863249
0.03531,1.3863249
0.035312,1.3863249
0.035314,1.3863249
0.035316,1.3863249
0.035318,1.3863249
0.03532,1.3863249
0.035322,1.3863249
0.035324,1.3863249
0.035326,1.3863249
0.035328,1.3863249
0.03533,1.3863249
0.035332,1.3863249
0.035334,1.3863249
0.035336,1.3863249
0.035338,1.3863249
0.03534,1.3863249
0.035342,1.3863249
0.035344,1.3863249
0.035346,1.3863249
0.035348,1.3863249
0.03535,1.3863249
0.035352,1.3863249
0.035354,1.3863249
0.035356,1.3863249
0.035358,1.3863249
0.03536,1.3863249
0.035362,1.3863249
0.035364,1.3863249
0.035366,1.3863249
0.035368,1.3863249
0.03537,1.3863249
0.035372,1.3863249
0.035374,1.3863249
0.035376,1.3863249
0.035378,1.3863249
0.03538,1.3863249
0.035382,1.3863249
0.035384,1.3863249
0.035386,1.3863249
0.035388,1.3863249
0.03539,1.3863249
0.035392,1.3863249
0.035394,1.3863249
0.035396,1.3863249
0.035398,1.3863249
0.0354,1.3863249
0.035402,1.3863249
0.035404,1.3863249
0.035406,1.3863249
0.035408,1.3863249
0.03541,1.3863249
0.035412,1.3863249
0.035414,1.3863249
0.035416,1.3863249
0.035418,1.3863249
0.03542,1.3863249
0.035422,1.3863249
0.035424,1.3863249
0.035426,1.3863249
0.035428,1.3863249
0.03543,1.3863249
0.035432,1.3863249
0.035434,1.3863249
0.035436,1.3863249
0.035438,1.3863249
0.03544,1.3863249
0.035442,1.3863249
0.035444,1.3863249
0.035446,1.3863249
0.035448,1.3863249
0.03545,1.3863249
0.035452,1.3863249
0.035454,1.3863249
0.035456,1.3863249
0.035458,1.3863249
0.03546,1.3863249
0.035462,1.3863249
0.035464,1.3863249
0.035466,1.3863249
0.035468,1.3863249
0.03547,1.3863249
0.035472,1.3863249
0.035474,1.3863249
0.035476,1.4325566
0.035478,0.184309
0.03548,0.13807821
0.035482,0.13807821
0.035484,0.13807821
0.035486,0.13807821
0.035488,0.13807821
0.03549,0.13807821
0.035492,0.13807821
0.035494,0.13807821
0.035496,0.13807821
0.035498,0.13807821
0.0355,0.091846466
0.035502,0.091846466
0.035504,0.091846466
0.035506,0.091846466
0.035508,0.091846466
0.03551,0.091846466
0.035512,0.091846466
0.035514,0.091846466
0.035516,0.091846466
0.035518,0.091846466
0.03552,0.091846466
0.035522,0.091846466
0.035524,0.091846466
0.035526,0.091846466
0.035528,0.091846466
0.03553,0.091846466
0.035532,0.091846466
0.035534,0.091846466
0.035536,0.091846466
0.035538,0.091846466
0.03554,0.091846466
0.035542,0.091846466
0.035544,0.091846466
0.035546,0.091846466
0.035548,0.091846466
0.03555,0.091846466
0.035552,0.091846466
0.035554,0.091846466
0.035556,0.091846466
0.035558,0.091846466
0.03556,0.091846466
0.035562,0.091846466
0.035564,0.091846466
0.035566,0.091846466
0.035568,0.091846466
0.03557,0.091846466
0.035572,0.091846466
0.035574,0.091846466
0.035576,0.091846466
0.035578,0.091846466
0.03558,0.091846466
0.035582,0.091846466
0.035584,0.091846466
0.035586,0.091846466
0.035588,0.091846466
0.03559,0.091846466
0.035592,0.091846466
0.035594,0.091846466
0.035596,0.091846466
0.035598,0.091846466
0.0356,0.091846466
0.035602,0.091846466
0.035604,0.091846466
0.035606,0.091846466
0.035608,0.091846466
0.03561,0.091846466
0.035612,0.091846466
0.035614,0.091846466
0.035616,0.091846466
0.035618,0.091846466
0.03562,0.091846466
0.035622,0.091846466
0.035624,0.091846466
0.035626,0.091846466
0.035628,0.091846466
0.03563,0.091846466
0.035632,0.091846466
0.035634,0.091846466
0.035636,0.091846466
0.035638,0.091846466
0.03564,0.091846466
0.035641998,0.091846466
0.035644,0.091846466
0.035646,0.091846466
0.035648,0.091846466
0.03565,0.091846466
0.035652,0.091846466
0.035654,0.091846466
0.035656,0.091846466
0.035658,0.091846466
0.03566,0.091846466
0.035662,0.091846466
0.035664,0.091846466
0.035666,0.091846466
0.035668,0.091846466
0.03567,0.091846466
0.035672,0.091846466
0.035674,0.091846466
0.035676,0.091846466
0.035678,0.091846466
0.03568,0.091846466
0.035682,0.091846466
0.035684,0.091846466
0.035686,0.091846466
0.035688,0.091846466
0.03569,0.091846466
0.035692,0.091846466
0.035694,0.091846466
0.035696,0.091846466
0.035698,0.091846466
0.0357,0.091846466
0.035702,0.091846466
0.035703998,0.091846466
0.035706,0.091846466
0.035708,0.091846466
0.03571,0.091846466
0.035712,0.091846466
0.035714,0.091846466
0.035716,0.091846466
0.035718,0.091846466
0.03572,0.091846466
0.035722,0.091846466
0.035724,0.091846466
0.035726,0.091846466
0.035728,0.091846466
0.03573,0.091846466
0.035732,0.091846466
0.035734,0.091846466
0.035736,0.091846466
0.035738,0.091846466
0.03574,0.091846466
0.035742,0.091846466
0.035744,0.091846466
0.035746,0.091846466
0.035748,0.091846466
0.03575,0.091846466
0.035752,0.091846466
0.035754,0.091846466
0.035756,0.091846466
0.035758,0.091846466
0.03576,0.091846466
0.035762,0.091846466
0.035764,0.091846466
0.035765998,0.091846466
0.035768,0.091846466
0.03577,0.091846466
0.035772,0.091846466
0.035774,0.091846466
0.035776,0.091846466
0.035778,0.091846466
0.03578,0.091846466
0.035782,0.091846466
0.035784,0.091846466
0.035786,0.091846466
0.035788,0.091846466
0.03579,0.091846466
0.035792,0.091846466
0.035794,0.091846466
0.035796,0.091846466
0.035798,0.091846466
0.0358,0.091846466
0.035802,0.091846466
0.035804,0.091846466
0.035806,0.091846466
0.035808,0.091846466
0.03581,0.091846466
0.035812,0.091846466
0.035814,0.091846466
0.035816,0.091846466
0.035818,0.091846466
0.03582,0.091846466
0.035822,0.091846466
0.035824,0.091846466
0.035826,0.091846466
0.035827998,0.091846466
0.03583,0.091846466
0.035832,0.091846466
0.035834,0.091846466
0.035836,0.091846466
0.035838,0.091846466
0.03584,0.091846466
0.035842,0.091846466
0.035844,0.091846466
0.035846,0.091846466
0.035848,0.091846466
0.03585,0.091846466
0.035852,0.091846466
0.035854,0.091846466
0.035856,0.091846466
0.035858,0.091846466
0.03586,0.091846466
0.035862,0.091846466
0.035864,0.091846466
0.035866,0.091846466
0.035868,0.091846466
0.03587,0.091846466
0.035872,0.091846466
0.035874,0.091846466
0.035876,0.091846466
0.035878,0.091846466
0.03588,0.091846466
0.035882,0.091846466
0.035884,0.091846466
0.035886,0.091846466
0.035888,0.091846466
0.035889998,0.091846466
0.035892,0.091846466
0.035894,0.091846466
0.035896,0.091846466
0.035898,0.091846466
0.0359,0.091846466
0.035902,0.091846466
0.035904,0.091846466
0.035906,0.091846466
0.035908,0.091846466
0.03591,0.091846466
0.035912,0.091846466
0.035914,0.091846466
0.035916,0.091846466
0.035918,0.091846466
0.03592,0.091846466
0.035922,0.091846466
0.035924,0.091846466
0.035926,0.091846466
0.035928,0.091846466
0.03593,0.091846466
0.035932,0.091846466
0.035934,0.091846466
0.035936,0.091846466
0.035938,0.091846466
0.03594,0.091846466
0.035942,0.091846466
0.035944,0.091846466
0.035946,0.091846466
0.035948,0.091846466
0.03595,0.091846466
0.035951998,0.091846466
0.035954,0.091846466
0.035956,0.091846466
0.035958,0.091846466
0.03596,0.091846466
0.035962,0.091846466
0.035964,0.091846466
0.035966,0.091846466
0.035968,0.091846466
0.03597,0.091846466
0.035972,0.091846466
0.035974,0.091846466
0.035976,0.091846466
0.035978,0.091846466
0.03598,0.091846466
0.035982,0.091846466
0.035984,0.091846466
0.035986,0.091846466
0.035988,0.091846466
0.03599,0.091846466
0.035992,0.091846466
0.035994,0.091846466
0.035996,0.091846466
0.035998,0.091846466
0.036,0.091846466
0.036002,0.091846466
0.036004,0.091846466
0.036006,0.091846466
0.036008,0.091846466
0.03601,0.091846466
0.036012,0.091846466
0.036013998,0.091846466
0.036016,0.091846466
0.036018,0.091846466
0.03602,0.091846466
0.036022,0.091846466
0.036024,0.091846466
0.036026,0.091846466
0.036028,0.091846466
0.03603,0.091846466
0.036032,0.091846466
0.036034,0.091846466
0.036036,0.091846466
0.036038,0.091846466
0.03604,0.091846466
0.036042,0.091846466
0.036044,0.091846466
0.036046,0.091846466
0.036048,0.091846466
0.03605,0.091846466
0.036052,0.091846466
0.036054,0.091846466
0.036056,0.091846466
0.036058,0.091846466
0.03606,0.091846466
0.036062,0.091846466
0.036064,0.091846466
0.036066,0.091846466
0.036068,0.091846466
0.03607,0.091846466
0.036072,0.091846466
0.036074,0.091846466
0.036075998,0.091846466
0.036078,0.091846466
0.03608,0.091846466
0.036082,0.091846466
0.036084,0.091846466
0.036086,0.091846466
0.036088,0.091846466
0.03609,0.091846466
0.036092,0.091846466
0.036094,0.091846466
0.036096,0.091846466
0.036098,0.091846466
0.0361,0.091846466
0.036102,0.091846466
0.036104,0.091846466
0.036106,0.091846466
0.036108,0.091846466
0.03611,0.091846466
0.036112,0.091846466
0.036114,0.091846466
0.036116,0.091846466
0.036118,0.091846466
0.03612,0.091846466
0.036122,0.091846466
0.036124,0.091846466
0.036126,0.091846466
0.036128,0.091846466
0.03613,0.091846466
0.036132,0.091846466
0.036134,0.091846466
0.036136,0.091846466
0.036137998,0.091846466
0.03614,0.091846466
0.036142,0.091846466
0.036144,0.091846466
0.036146,0.091846466
0.036148,0.091846466
0.03615,0.091846466
0.036152,0.091846466
0.036154,0.091846466
0.036156,0.091846466
0.036158,0.091846466
0.03616,0.091846466
0.036162,0.091846466
0.036164,0.091846466
0.036166,0.091846466
0.036168,0.091846466
0.03617,0.091846466
0.036172,0.091846466
0.036174,0.091846466
0.036176,0.091846466
0.036178,0.091846466
0.03618,0.091846466
0.036182,0.091846466
0.036184,0.091846466
0.036186,0.091846466
0.036188,0.091846466
0.03619,0.091846466
0.036192,0.091846466
0.036194,0.091846466
0.036196,0.091846466
0.036198,0.091846466
0.036199998,0.091846466
0.036202,0.091846466
0.036204,0.091846466
0.036206,0.091846466
0.036208,0.091846466
0.03621,0.091846466
0.036212,0.091846466
0.036214,0.091846466
0.036216,0.091846466
0.036218,0.091846466
0.03622,0.091846466
0.036222,0.091846466
0.036224,0.091846466
0.036226,0.091846466
0.036228,0.091846466
0.03623,0.091846466
0.036232,0.091846466
0.036234,0.091846466
0.036236,0.091846466
0.036238,0.091846466
0.03624,0.091846466
0.036242,0.091846466
0.036244,0.091846466
0.036246,0.091846466
0.036248,0.091846466
0.03625,0.091846466
0.036252,0.091846466
0.036254,0.091846466
0.036256,0.091846466
0.036258,0.091846466
0.03626,0.091846466
0.036261998,0.091846466
0.036264,0.091846466
0.036266,0.091846466
0.036268,0.091846466
0.03627,0.091846466
0.036272,0.091846466
0.036274,0.091846466
0.036276,0.091846466
0.036278,0.091846466
0.03628,0.091846466
0.036282,0.091846466
0.036284,0.091846466
0.036286,0.091846466
0.036288,0.091846466
0.03629,0.091846466
0.036292,0.091846466
0.036294,1.2938623
0.036296,1.3400936
0.036298,1.3400936
0.0363,1.3863249
0.036302,1.3863249
0.036304,1.3863249
0.036306,1.3863249
0.036308,1.3863249
0.03631,1.3863249
0.036312,1.3863249
0.036314,1.3863249
0.036316,1.3863249
0.036318,1.3863249
0.03632,1.3863249
0.036322,1.3863249
0.036323998,1.3863249
0.036326,1.3863249
0.036328,1.3863249
0.03633,1.3863249
0.036332,1.3863249
0.036334,1.3863249
0.036336,1.3863249
0.036338,1.3863249
0.03634,1.3863249
0.036342,1.3863249
0.036344,1.3863249
0.036346,1.3863249
0.036348,1.3863249
0.03635,1.3863249
0.036352,1.3863249
0.036354,1.3863249
0.036356,1.3863249
0.036358,1.3863249
0.03636,1.3863249
0.036362,1.3863249
0.036364,1.3863249
0.036366,1.3863249
0.036368,1.3863249
0.03637,1.3863249
0.036372,1.3863249
0.036374,1.3863249
0.036376,1.3863249
0.036378,1.3863249
0.03638,1.3863249
0.036382,1.3863249
0.036384,1.3863249
0.036385998,1.3863249
0.036388,1.3863249
0.03639,1.3863249
0.036392,1.3863249
0.036394,1.3863249
0.036396,1.3863249
0.036398,1.3863249
0.0364,1.3863249
0.036402,1.3863249
0.036404,1.3863249
0.036406,1.3863249
0.036408,1.3863249
0.03641,1.3863249
0.036412,1.3863249
0.036414,1.3863249
0.036416,1.3863249
0.036418,1.3863249
0.03642,1.3863249
0.036422,1.3863249
0.036424,1.3863249
0.036426,1.3863249
0.036428,1.3863249
0.03643,1.3863249
0.036432,1.3863249
0.036434,1.3863249
0.036436,1.3863249
0.036438,1.3863249
0.03644,1.3863249
0.036442,1.3863249
0.036444,1.3863249
0.036446,1.3863249
0.036447998,1.3863249
0.03645,1.3863249
0.036452,1.3863249
0.036454,1.3863249
0.036456,1.3863249
0.036458,1.3863249
0.03646,1.3863249
0.036462,1.3863249
0.036464,1.3863249
0.036466,1.3863249
0.036468,1.3863249
0.03647,1.3863249
0.036472,1.3863249
0.036474,1.3863249
0.036476,1.3863249
0.036478,1.3863249
0.03648,1.3863249
0.036482,1.3863249
0.036484,1.3863249
0.036486,1.3863249
0.036488,1.3863249
0.03649,1.3863249
0.036492,1.3863249
0.036494,1.3863249
0.036496,1.3863249
0.036498,1.3863249
0.0365,1.3863249
0.036502,1.3863249
0.036504,1.3863249
0.036506,1.3863249
0.036508,1.3863249
0.03651,1.3863249
0.036512,1.3863249
0.036514,1.3863249
0.036516,1.3863249
0.036518,1.3863249
0.03652,1.3863249
0.036522,1.3863249
0.036524,1.3863249
0.036526,1.3863249
0.036528,1.3863249
0.03653,1.3863249
0.036532,1.3863249
0.036534,1.3863249
0.036536,1.3863249
0.036538,1.3863249
0.03654,1.3863249
0.036542,1.3863249
0.036544,1.3863249
0.036546,1.3863249
0.036548,1.3863249
0.03655,1.3863249
0.036552,1.3863249
0.036554,1.3863249
0.036556,1.3863249
0.036558,1.3863249
0.03656,1.3863249
0.036562,1.3863249
0.036564,1.3863249
0.036566,1.3863249
0.036568,1.3863249
0.03657,1.3863249
0.036572,1.3863249
0.036574,1.3863249
0.036576,1.3863249
0.036578,1.3863249
0.03658,1.3863249
0.036582,1.3863249
0.036584,1.3863249
0.036586,1.3863249
0.036588,1.3863249
0.03659,1.3863249
0.036592,1.3863249
0.036594,1.3863249
0.036596,1.3863249
0.036598,1.3863249
0.0366,1.3863249
0.036602,1.3863249
0.036604,1.3863249
0.036606,1.3863249
0.036608,1.3863249
0.03661,1.3863249
0.036612,1.3863249
0.036614,1.3863249
0.036616,1.3863249
0.036618,1.3863249
0.03662,1.3863249
0.036622,1.3863249
0.036624,1.3863249
0.036626,1.3863249
0.036628,1.3863249
0.03663,1.3863249
0.036632,1.3863249
0.036634,1.3863249
0.036636,1.3863249
0.036638,1.3863249
0.03664,1.3863249
0.036642,1.3863249
0.036644,1.3863249
0.036646,1.3863249
0.036648,2.542109
0.03665,2.6345725
0.036652,2.6345725
0.036654,2.6345725
0.036656,2.6345725
0.036658,2.6345725
0.03666,2.6345725
0.036662,2.6345725
0.036664,2.6808028
0.036666,2.6808028
0.036668,2.6808028
0.03667,2.6808028
0.036672,2.6808028
0.036674,2.6808028
0.036676,2.6808028
0.036678,2.6808028
0.03668,2.6808028
0.036682,2.6808028
0.036684,2.6808028
0.036686,2.6808028
0.036688,2.6808028
0.03669,2.6808028
0.036692,2.6808028
0.036694,2.6808028
0.036696,2.6808028
0.036698,2.6808028
0.0367,2.6808028
0.036702,2.6808028
0.036704,2.6808028
0.036706,2.6808028
0.036708,2.6808028
0.03671,2.6808028
0.036712,2.6808028
0.036714,2.6808028
0.036716,2.6808028
0.036718,2.6808028
0.03672,2.6808028
0.036722,2.6808028
0.036724,2.6808028
0.036726,2.6808028
0.036728,2.6808028
0.03673,2.6808028
0.036732,2.6808028
0.036734,2.6808028
0.036736,2.6808028
0.036738,2.6808028
0.03674,2.6808028
0.036741998,2.6808028
0.036744,2.6808028
0.036746,2.6808028
0.036748,2.6808028
0.03675,2.6808028
0.036752,2.6808028
0.036754,2.6808028
0.036756,2.6808028
0.036758,2.6808028
0.03676,2.6808028
0.036762,2.6808028
0.036764,2.6808028
0.036766,2.6808028
0.036768,2.6808028
0.03677,2.6808028
0.036772,2.6808028
0.036774,2.6808028
0.036776,2.6808028
0.036778,2.6808028
0.03678,2.6808028
0.036782,2.6808028
0.036784,2.6808028
0.036786,2.6808028
0.036788,2.6808028
0.03679,2.6808028
0.036792,2.6808028
0.036794,2.6808028
0.036796,2.6808028
0.036798,2.6808028
0.0368,2.6808028
0.036802,2.6808028
0.036803998,2.6808028
0.036806,2.6808028
0.036808,2.6808028
0.03681,2.6808028
0.036812,2.6808028
0.036814,2.6808028
0.036816,2.6808028
0.036818,2.6808028
0.03682,2.6808028
0.036822,2.6808028
0.036824,2.6808028
0.036826,2.6808028
0.036828,2.6808028
0.03683,2.6808028
0.036832,2.6808028
0.036834,2.6808028
0.036836,2.6808028
0.036838,2.6808028
0.03684,2.6808028
0.036842,2.6808028
0.036844,2.6808028
0.036846,2.6808028
0.036848,2.6808028
0.03685,2.6808028
0.036852,2.6808028
0.036854,2.6808028
0.036856,2.6808028
0.036858,2.6808028
0.03686,2.6808028
0.036862,2.6808028
0.036864,2.6808028
0.036865998,2.6808028
0.036868,2.6808028
0.03687,2.6808028
0.036872,2.6808028
0.036874,2.6808028
0.036876,2.6808028
0.036878,2.6808028
0.03688,2.6808028
0.036882,2.6808028
0.036884,2.6808028
0.036886,2.6808028
0.036888,2.6808028
0.03689,2.6808028
0.036892,2.6808028
0.036894,2.6808028
0.036896,2.6808028
0.036898,2.6808028
0.0369,2.6808028
0.036902,2.6808028
0.036904,2.6808028
0.036906,2.6808028
0.036908,2.6808028
0.03691,2.6808028
0.036912,2.6808028
0.036914,2.6808028
0.036916,2.6808028
0.036918,2.6808028
0.03692,2.6808028
0.036922,2.6808028
0.036924,2.6808028
0.036926,2.6808028
0.036927998,2.6808028
0.03693,2.6808028
0.036932,2.6808028
0.036934,2.6808028
0.036936,2.6808028
0.036938,2.6808028
0.03694,2.6808028
0.036942,2.6808028
0.036944,2.6808028
0.036946,2.6808028
0.036948,2.6808028
0.03695,2.6808028
0.036952,2.6808028
0.036954,2.6808028
0.036956,2.6808028
0.036958,2.6808028
0.03696,2.6808028
0.036962,2.6808028
0.036964,2.6808028
0.036966,2.6808028
0.036968,2.6808028
0.03697,2.6808028
0.036972,2.6808028
0.036974,2.6808028
0.036976,2.6808028
0.036978,2.6808028
0.03698,2.6808028
0.036982,2.6808028
0.036984,2.6808028
0.036986,2.6808028
0.036988,2.6808028
0.036989998,2.6808028
0.036992,2.6808028
0.036994,2.6808028
0.036996,2.6808028
0.036998,2.6808028
0.037,2.6808028
0.037002,3.92905
0.037004,3.92905
0.037006,3.92905
0.037008,3.92905
0.03701,3.9752812
0.037012,3.9752812
0.037014,3.9752812
0.037016,3.9752812
0.037018,3.9752812
0.03702,3.9752812
0.037022,3.9752812
0.037024,3.9752812
0.037026,3.9752812
0.037028,3.9752812
0.03703,3.9752812
0.037032,3.9752812
0.037034,3.9752812
0.037036,3.9752812
0.037038,3.9752812
0.03704,3.9752812
0.037042,3.9752812
0.037044,3.9752812
0.037046,3.9752812
0.037048,3.9752812
0.03705,3.9752812
0.037051998,3.9752812
0.037054,3.9752812
0.037056,3.9752812
0.037058,3.9752812
0.03706,3.9752812
0.037062,3.9752812
0.037064,3.9752812
0.037066,3.9752812
0.037068,3.9752812
0.03707,3.9752812
0.037072,3.9752812
0.037074,3.9752812
0.037076,3.9752812
0.037078,3.9752812
0.03708,3.9752812
0.037082,3.9752812
0.037084,3.9752812
0.037086,3.9752812
0.037088,3.9752812
0.03709,3.9752812
0.037092,3.9752812
0.037094,3.9752812
0.037096,3.9752812
0.037098,3.9752812
0.0371,3.9752812
0.037102,3.9752812
0.037104,3.9752812
0.037106,3.9752812
0.037108,3.9752812
0.03711,3.9752812
0.037112,3.9752812
0.037113998,3.9752812
0.037116,3.9752812
0.037118,3.9752812
0.03712,3.9752812
0.037122,3.9752812
0.037124,3.9752812
0.037126,3.9752812
0.037128,3.9752812
0.03713,3.9752812
0.037132,3.9752812
0.037134,3.9752812
0.037136,3.9752812
0.037138,3.9752812
0.03714,3.9752812
0.037142,3.9752812
0.037144,3.9752812
0.037146,3.9752812
0.037148,3.9752812
0.03715,3.9752812
0.037152,3.9752812
0.037154,3.9752812
0.037156,3.9752812
0.037158,3.9752812
0.03716,3.9752812
0.037162,3.9752812
0.037164,3.9752812
0.037166,3.9752812
0.037168,3.9752812
0.03717,3.9752812
0.037172,3.9752812
0.037174,3.9752812
0.037175998,3.9752812
0.037178,3.9752812
0.03718,3.9752812
0.037182,3.9752812
0.037184,3.9752812
0.037186,3.9752812
0.037188,3.9752812
0.03719,3.9752812
0.037192,3.9752812
0.037194,3.9752812
0.037196,3.9752812
0.037198,3.9752812
0.0372,3.9752812
0.037202,3.9752812
0.037204,3.9752812
0.037206,3.9752812
0.037208,3.9752812
0.03721,3.9752812
0.037212,3.9752812
0.037214,3.9752812
0.037216,3.9752812
0.037218,3.9752812
0.03722,3.9752812
0.037222,3.9752812
0.037224,3.9752812
0.037226,3.9752812
0.037228,3.9752812
0.03723,3.9752812
0.037232,3.9752812
0.037234,3.9752812
0.037236,3.9752812
0.037237998,3.9752812
0.03724,3.9752812
0.037242,3.9752812
0.037244,3.9752812
0.037246,3.9752812
0.037248,3.9752812
0.03725,3.9752812
0.037252,3.9752812
0.037254,3.9752812
0.037256,3.9752812
0.037258,3.9752812
0.03726,3.9752812
0.037262,3.9752812
0.037264,3.9752812
0.037266,3.9752812
0.037268,3.9752812
0.03727,3.9752812
0.037272,3.9752812
0.037274,3.9752812
0.037276,3.9752812
0.037278,3.9752812
0.03728,3.9752812
0.037282,3.9752812
0.037284,3.9752812
0.037286,3.9752812
0.037288,3.9752812
0.03729,3.9752812
0.037292,3.9752812
0.037294,3.9752812
0.037296,3.9752812
0.037298,3.9752812
0.037299998,3.9752812
0.037302,3.9752812
0.037304,3.9752812
0.037306,3.9752812
0.037308,3.9752812
0.03731,3.9752812
0.037312,3.9752812
0.037314,3.9752812
0.037316,3.9752812
0.037318,3.9752812
0.03732,3.9752812
0.037322,3.9752812
0.037324,3.9752812
0.037326,3.9752812
0.037328,3.9752812
0.03733,3.9752812
0.037332,3.9752812
0.037334,3.9752812
0.037336,3.9752812
0.037338,3.9752812
0.03734,3.9752812
0.037342,3.9752812
0.037344,3.9752812
0.037346,3.9752812
0.037348,3.9752812
0.03735,3.9752812
0.037352,3.9752812
0.037354,3.9752812
0.037356,3.9752812
0.037358,3.9752812
0.03736,3.9752812
0.037361998,3.9752812
0.037364,3.9752812
0.037366,3.9752812
0.037368,3.9752812
0.03737,3.9752812
0.037372,3.9752812
0.037374,3.9752812
0.037376,3.9752812
0.037378,3.9752812
0.03738,3.9752812
0.037382,3.9752812
0.037384,3.9752812
0.037386,3.9752812
0.037388,3.9752812
0.03739,3.9752812
0.037392,3.9752812
0.037394,3.9752812
0.037396,3.9752812
0.037398,3.9752812
0.0374,3.9752812
0.037402,3.9752812
0.037404,3.9752812
0.037406,3.9752812
0.037408,3.9752812
0.03741,3.9752812
0.037412,3.9752812
0.037414,3.9752812
0.037416,3.9752812
0.037418,3.9752812
0.03742,3.9752812
0.037422,3.9752812
0.037423998,3.9752812
0.037426,3.9752812
0.037428,3.9752812
0.03743,3.9752812
0.037432,3.9752812
0.037434,3.9752812
0.037436,3.9752812
0.037438,3.9752812
0.03744,3.9752812
0.037442,3.9752812
0.037444,3.9752812
0.037446,3.9752812
0.037448,3.9752812
0.03745,3.9752812
0.037452,3.9752812
0.037454,3.9752812
0.037456,3.9752812
0.037458,3.9752812
0.03746,3.9752812
0.037462,3.9752812
0.037464,3.9752812
0.037466,3.9752812
0.037468,3.9752812
0.03747,3.9752812
0.037472,3.9752812
0.037474,3.9752812
0.037476,3.9752812
0.037478,3.9752812
0.03748,3.9752812
0.037482,3.9752812
0.037484,3.9752812
0.037485998,3.9752812
0.037488,3.9752812
0.03749,3.9752812
0.037492,3.9752812
0.037494,3.9752812
0.037496,3.9752812
0.037498,3.9752812
0.0375,3.9752812
0.037502,3.9752812
0.037504,3.9752812
0.037506,3.9752812
0.037508,3.9752812
0.03751,3.9752812
0.037512,3.9752812
0.037514,3.9752812
0.037516,3.9752812
0.037518,3.9752812
0.03752,3.9752812
0.037522,3.9752812
0.037524,3.9752812
0.037526,3.9752812
0.037528,3.9752812
0.03753,3.9752812
0.037532,3.9752812
0.037534,3.9752812
0.037536,3.9752812
0.037538,3.9752812
0.03754,3.9752812
0.037542,3.9752812
0.037544,3.9752812
0.037546,3.9752812
0.037547998,3.9752812
0.03755,3.9752812
0.037552,3.9752812
0.037554,3.9752812
0.037556,3.9752812
0.037558,3.9752812
0.03756,3.9752812
0.037562,3.9752812
0.037564,3.9752812
0.037566,3.9752812
0.037568,3.9752812
0.03757,3.9752812
0.037572,3.9752812
0.037574,3.9752812
0.037576,3.9752812
0.037578,3.9752812
0.03758,3.9752812
0.037582,3.9752812
0.037584,3.9752812
0.037586,3.9752812
0.037588,3.9752812
0.03759,3.9752812
0.037592,3.9752812
0.037594,3.9752812
0.037596,3.9752812
0.037598,3.9752812
0.0376,3.9752812
0.037602,3.9752812
0.037604,3.9752812
0.037606,3.9752812
0.037608,3.9752812
0.037609998,3.9752812
0.037612,3.9752812
0.037614,3.9752812
0.037616,3.9752812
0.037618,3.9752812
0.03762,3.9752812
0.037622,3.9752812
0.037624,3.9752812
0.037626,3.9752812
0.037628,3.9752812
0.03763,3.9752812
0.037632,3.9752812
0.037634,3.9752812
0.037636,3.9752812
0.037638,3.9752812
0.03764,3.9752812
0.037642,3.9752812
0.037644,3.9752812
0.037646,3.9752812
0.037648,3.9752812
0.03765,3.9752812
0.037652,3.9752812
0.037654,3.9752812
0.037656,3.9752812
0.037658,3.9752812
0.03766,3.9752812
0.037662,3.9752812
0.037664,3.9752812
0.037666,3.9752812
0.037668,3.9752812
0.03767,3.9752812
0.037672,3.9752812
0.037674,3.9752812
0.037676,3.9752812
0.037678,3.9752812
0.03768,3.9752812
0.037682,3.9752812
0.037684,3.9752812
0.037686,3.9752812
0.037688,3.9752812
0.03769,3.9752812
0.037692,3.9752812
0.037694,3.9752812
0.037696,3.9752812
0.037698,3.9752812
0.0377,3.9752812
0.037702,3.9752812
0.037704,3.9752812
0.037706,3.9752812
0.037708,3.9752812
0.03771,3.9752812
0.037712,3.9752812
0.037714,3.9752812
0.037716,3.9752812
0.037718,3.9752812
0.03772,3.9752812
0.037722,3.9752812
0.037724,3.9752812
0.037726,3.9752812
0.037728,3.9752812
0.03773,3.9752812
0.037732,3.9752812
0.037734,3.9752812
0.037736,3.9752812
0.037738,3.9752812
0.03774,3.9752812
0.037742,3.9752812
0.037744,3.9752812
0.037746,3.9752812
0.037748,3.9752812
0.03775,3.9752812
0.037752,3.9752812
0.037754,3.9752812
0.037756,3.9752812
0.037758,3.9752812
0.03776,3.9752812
0.037762,3.9752812
0.037764,3.9752812
0.037766,3.9752812
0.037768,3.9752812
0.03777,3.9752812
0.037772,3.9752812
0.037774,3.9752812
0.037776,3.9752812
0.037778,3.9752812
0.03778,3.9752812
0.037782,3.9752812
0.037784,3.9752812
0.037786,3.9752812
0.037788,3.9752812
0.03779,3.9752812
0.037792,3.9752812
0.037794,3.9752812
0.037796,3.9752812
0.037798,3.9752812
0.0378,3.9752812
0.037802,3.9752812
0.037804,3.9752812
0.037806,3.9752812
0.037808,3.9752812
0.03781,3.9752812
0.037812,3.9752812
0.037814,3.9752812
0.037816,3.9752812
0.037818,3.9752812
0.03782,3.9752812
0.037822,3.9752812
0.037824,3.9752812
0.037826,3.9752812
0.037828,3.9752812
0.03783,3.9752812
0.037832,3.9752812
0.037834,3.9752812
0.037836,3.9752812
0.037838,3.9752812
0.03784,3.9752812
0.037842,3.9752812
0.037844,3.9752812
0.037846,3.9752812
0.037848,3.9752812
0.03785,3.9752812
0.037852,3.9752812
0.037854,3.9752812
0.037856,3.9752812
0.037858,3.9752812
0.03786,3.9752812
0.037862,3.9752812
0.037864,3.9752812
0.037866,3.9752812
0.037868,3.9752812
0.03787,3.9752812
0.037872,3.9752812
0.037874,3.9752812
0.037876,3.9752812
0.037878,3.9752812
0.03788,3.9752812
0.037882,3.9752812
0.037884,3.9752812
0.037886,3.9752812
0.037888,3.9752812
0.03789,3.9752812
0.037892,3.9752812
0.037894,3.9752812
0.037896,3.9752812
0.037898,3.9752812
0.0379,3.9752812
0.037902,3.9752812
0.037903998,3.9752812
0.037906,3.9752812
0.037908,3.9752812
0.03791,3.9752812
0.037912,3.9752812
0.037914,3.9752812
0.037916,3.9752812
0.037918,3.9752812
0.03792,3.9752812
0.037922,3.9752812
0.037924,3.9752812
0.037926,3.9752812
0.037928,3.9752812
0.03793,3.9752812
0.037932,3.9752812
0.037934,3.9752812
0.037936,3.9752812
0.037938,3.9752812
0.03794,3.9752812
0.037942,3.9752812
0.037944,3.9752812
0.037946,3.9752812
0.037948,3.9752812
0.03795,3.9752812
0.037952,3.9752812
0.037954,3.9752812
0.037956,3.9752812
0.037958,3.9752812
0.03796,3.9752812
0.037962,3.9752812
0.037964,3.9752812
0.037965998,3.9752812
0.037968,3.9752812
0.03797,3.9752812
0.037972,3.9752812
0.037974,3.9752812
0.037976,3.9752812
0.037978,3.9752812
0.03798,3.9752812
0.037982,3.9752812
0.037984,3.9752812
0.037986,3.9752812
0.037988,3.9752812
0.03799,3.9752812
0.037992,3.9752812
0.037994,3.9752812
0.037996,3.9752812
0.037998,3.9752812
0.038,3.9752812
0.038002,3.9752812
0.038004,3.9752812
0.038006,3.9752812
0.038008,3.9752812
0.03801,3.9752812
0.038012,3.9752812
0.038014,3.9752812
0.038016,3.9752812
0.038018,3.9752812
0.03802,3.9752812
0.038022,3.9752812
0.038024,3.9752812
0.038026,3.9752812
0.038027998,3.9752812
0.03803,3.9752812
0.038032,3.9752812
0.038034,3.9752812
0.038036,3.9752812
0.038038,3.9752812
0.03804,3.9752812
0.038042,3.9752812
0.038044,3.9752812
0.038046,3.9752812
0.038048,3.9752812
0.03805,3.9752812
0.038052,3.9752812
0.038054,3.9752812
0.038056,3.9752812
0.038058,3.9752812
0.03806,3.9752812
0.038062,3.9752812
0.038064,3.9752812
0.038066,3.9752812
0.038068,3.9752812
0.03807,3.9752812
0.038072,3.9752812
0.038074,3.9752812
0.038076,3.9752812
0.038078,3.9752812
0.03808,3.9752812
0.038082,3.9752812
0.038084,3.9752812
0.038086,3.9752812
0.038088,3.9752812
0.038089998,3.9752812
0.038092,3.9752812
0.038094,3.9752812
0.038096,3.9752812
0.038098,3.9752812
0.0381,3.9752812
0.038102,3.9752812
0.038104,3.9752812
0.038106,3.9752812
0.038108,3.9752812
0.03811,3.9752812
0.038112,3.9752812
0.038114,3.9752812
0.038116,3.5591989
0.038118,2.7732663
0.03812,2.727035
0.038122,2.727035
0.038124,2.727035
0.038126,2.727035
0.038128,2.727035
0.03813,2.727035
0.038132,2.727035
0.038134,2.6808028
0.038136,2.6808028
0.038138,2.6808028
0.03814,2.6808028
0.038142,2.6808028
0.038144,2.6808028
0.038146,2.6808028
0.038148,2.6808028
0.03815,2.6808028
0.038151998,2.6808028
0.038154,2.6808028
0.038156,2.6808028
0.038158,2.6808028
0.03816,2.6808028
0.038162,2.6808028
0.038164,2.6808028
0.038166,2.6808028
0.038168,2.6808028
0.03817,2.6808028
0.038172,2.6808028
0.038174,2.6808028
0.038176,2.6808028
0.038178,2.6808028
0.03818,2.6808028
0.038182,2.6808028
0.038184,2.6808028
0.038186,2.6808028
0.038188,2.6808028
0.03819,2.6808028
0.038192,2.6808028
0.038194,2.6808028
0.038196,2.6808028
0.038198,2.6808028
0.0382,2.6808028
0.038202,2.6808028
0.038204,2.6808028
0.038206,2.6808028
0.038208,2.6808028
0.03821,2.6808028
0.038212,2.6808028
0.038213998,2.6808028
0.038216,2.6808028
0.038218,2.6808028
0.03822,2.6808028
0.038222,2.6808028
0.038224,2.6808028
0.038226,2.6808028
0.038228,2.6808028
0.03823,2.6808028
0.038232,2.6808028
0.038234,2.6808028
0.038236,2.6808028
0.038238,2.6808028
0.03824,2.6808028
0.038242,2.6808028
0.038244,2.6808028
0.038246,2.6808028
0.038248,2.6808028
0.03825,2.6808028
0.038252,2.6808028
0.038254,2.6808028
0.038256,2.6808028
0.038258,2.6808028
0.03826,2.6808028
0.038262,2.6808028
0.038264,2.6808028
0.038266,2.6808028
0.038268,2.6808028
0.03827,2.6808028
0.038272,2.6808028
0.038274,2.6808028
0.038275998,2.6808028
0.038278,2.6808028
0.03828,2.6808028
0.038282,2.6808028
0.038284,2.6808028
0.038286,2.6808028
0.038288,2.6808028
0.03829,2.6808028
0.038292,2.6808028
0.038294,2.6808028
0.038296,2.6808028
0.038298,2.6808028
0.0383,2.6808028
0.038302,2.6808028
0.038304,2.6808028
0.038306,2.6808028
0.038308,2.6808028
0.03831,2.6808028
0.038312,2.6808028
0.038314,2.6808028
0.038316,2.6808028
0.038318,2.6808028
0.03832,2.6808028
0.038322,2.6808028
0.038324,2.6808028
0.038326,2.6808028
0.038328,2.6808028
0.03833,2.6808028
0.038332,2.6808028
0.038334,2.6808028
0.038336,2.6808028
0.038337998,2.6808028
0.03834,2.6808028
0.038342,2.6808028
0.038344,2.6808028
0.038346,2.6808028
0.038348,2.6808028
0.03835,2.6808028
0.038352,2.6808028
0.038354,2.6808028
0.038356,2.6808028
0.038358,2.6808028
0.03836,2.6808028
0.038362,2.6808028
0.038364,2.6808028
0.038366,2.6808028
0.038368,2.6808028
0.03837,2.6808028
0.038372,2.6808028
0.038374,2.6808028
0.038376,2.6808028
0.038378,2.6808028
0.03838,2.6808028
0.038382,2.6808028
0.038384,2.6808028
0.038386,2.6808028
0.038388,2.6808028
0.03839,2.6808028
0.038392,2.6808028
0.038394,2.6808028
0.038396,2.6808028
0.038398,2.6808028
0.038399998,2.6808028
0.038402,2.6808028
0.038404,2.6808028
0.038406,2.6808028
0.038408,2.6808028
0.03841,2.6808028
0.038412,2.6808028
0.038414,2.6808028
0.038416,2.6808028
0.038418,2.6808028
0.03842,2.6808028
0.038422,2.6808028
0.038424,2.6808028
0.038426,2.6808028
0.038428,2.6808028
0.03843,2.6808028
0.038432,2.6808028
0.038434,2.6808028
0.038436,2.6808028
0.038438,2.6808028
0.03844,2.6808028
0.038442,2.6808028
0.038444,1.5250192
0.038446,1.4325566
0.038448,1.4325566
0.03845,1.4325566
0.038452,1.4325566
0.038454,1.4325566
0.038456,1.4325566
0.038458,1.4325566
0.03846,1.4325566
0.038461998,1.4325566
0.038464,1.4325566
0.038466,1.4325566
0.038468,1.4325566
0.03847,1.4325566
0.038472,1.4325566
0.038474,1.4325566
0.038476,1.4325566
0.038478,1.4325566
0.03848,1.4325566
0.038482,1.4325566
0.038484,1.4325566
0.038486,1.3863249
0.038488,1.3863249
0.03849,1.3863249
0.038492,1.3863249
0.038494,1.3863249
0.038496,1.3863249
0.038498,1.3863249
0.0385,1.3863249
0.038502,1.3863249
0.038504,1.3863249
0.038506,1.3863249
0.038508,1.3863249
0.03851,1.3863249
0.038512,1.3863249
0.038514,1.3863249
0.038516,1.3863249
0.038518,1.3863249
0.03852,1.3863249
0.038522,1.3863249
0.038523998,1.3863249
0.038526,1.3863249
0.038528,1.3863249
0.03853,1.3863249
0.038532,1.3863249
0.038534,1.3863249
0.038536,1.3863249
0.038538,1.3863249
0.03854,1.3863249
0.038542,1.3863249
0.038544,1.3863249
0.038546,1.3863249
0.038548,1.3863249
0.03855,1.3863249
0.038552,1.3863249
0.038554,1.3863249
0.038556,1.3863249
0.038558,1.3863249
0.03856,1.3863249
0.038562,1.3863249
0.038564,1.3863249
0.038566,1.3863249
0.038568,1.3863249
0.03857,1.3863249
0.038572,1.3863249
0.038574,1.3863249
0.038576,1.3863249
0.038578,1.3863249
0.03858,1.3863249
0.038582,1.3863249
0.038584,1.3863249
0.038585998,1.3863249
0.038588,1.3863249
0.03859,1.3863249
0.038592,1.3863249
0.038594,1.3863249
0.038596,1.3863249
0.038598,1.3863249
0.0386,1.3863249
0.038602,1.3863249
0.038604,1.3863249
0.038606,1.3863249
0.038608,1.3863249
0.03861,1.3863249
0.038612,1.3863249
0.038614,1.3863249
0.038616,1.3863249
0.038618,1.3863249
0.03862,1.3863249
0.038622,1.3863249
0.038624,1.3863249
0.038626,1.3863249
0.038628,1.3863249
0.03863,1.3863249
0.038632,1.3863249
0.038634,1.3863249
0.038636,1.3863249
0.038638,1.3863249
0.03864,1.3863249
0.038642,1.3863249
0.038644,1.3863249
0.038646,1.3863249
0.038647998,1.3863249
0.03865,1.3863249
0.038652,1.3863249
0.038654,1.3863249
0.038656,1.3863249
0.038658,1.3863249
0.03866,1.3863249
0.038662,1.3863249
0.038664,1.3863249
0.038666,1.3863249
0.038668,1.3863249
0.03867,1.3863249
0.038672,1.3863249
0.038674,1.3863249
0.038676,1.3863249
0.038678,1.3863249
0.03868,1.3863249
0.038682,1.3863249
0.038684,1.3863249
0.038686,1.3863249
0.038688,1.3863249
0.03869,1.3863249
0.038692,1.3863249
0.038694,1.3863249
0.038696,1.3863249
0.038698,1.3863249
0.0387,1.3863249
0.038702,1.3863249
0.038704,1.3863249
0.038706,1.3863249
0.038708,1.3863249
0.038709998,1.3863249
0.038712,1.3863249
0.038714,1.3863249
0.038716,1.3863249
0.038718,1.3863249
0.03872,1.3863249
0.038722,1.3863249
0.038724,1.3863249
0.038726,1.3863249
0.038728,1.3863249
0.03873,1.3863249
0.038732,1.3863249
0.038734,1.3863249
0.038736,1.3863249
0.038738,1.3863249
0.03874,1.3863249
0.038742,1.3863249
0.038744,1.3863249
0.038746,1.3863249
0.038748,1.3863249
0.03875,1.3863249
0.038752,1.3863249
0.038754,1.3863249
0.038756,1.3863249
0.038758,1.3863249
0.03876,1.3863249
0.038762,1.3863249
0.038764,1.3863249
0.038766,1.3863249
0.038768,1.3863249
0.03877,1.3863249
0.038771998,1.3863249
0.038774,1.3863249
0.038776,1.3863249
0.038778,1.3863249
0.03878,1.3863249
0.038782,1.3863249
0.038784,1.3863249
0.038786,1.3863249
0.038788,1.3863249
0.03879,1.3863249
0.038792,1.3863249
0.038794,1.3863249
0.038796,1.3863249
0.038798,1.3863249
0.0388,1.3863249
0.038802,1.3863249
0.038804,1.3863249
0.038806,1.3863249
0.038808,1.3863249
0.03881,1.3863249
0.038812,1.3863249
0.038814,1.3863249
0.038816,1.3863249
0.038818,1.3863249
0.03882,1.3863249
0.038822,1.3863249
0.038824,0.7390857
0.038826,0.13807821
0.038828,0.13807821
0.03883,0.13807821
0.038832,0.13807821
0.038834,0.13807821
0.038836,0.13807821
0.038838,0.13807821
0.03884,0.13807821
0.038842,0.13807821
0.038844,0.13807821
0.038846,0.13807821
0.038848,0.091846466
0.03885,0.091846466
0.038852,0.091846466
0.038854,0.091846466
0.038856,0.091846466
0.038858,0.091846466
0.03886,0.091846466
0.038862,0.091846466
0.038864,0.091846466
0.038866,0.091846466
0.038868,0.091846466
0.03887,0.091846466
0.038872,0.091846466
0.038874,0.091846466
0.038876,0.091846466
0.038878,0.091846466
0.03888,0.091846466
0.038882,0.091846466
0.038884,0.091846466
0.038886,0.091846466
0.038888,0.091846466
0.03889,0.091846466
0.038892,0.091846466
0.038894,0.091846466
0.038896,0.091846466
0.038898,0.091846466
0.0389,0.091846466
0.038902,0.091846466
0.038904,0.091846466
0.038906,0.091846466
0.038908,0.091846466
0.03891,0.091846466
0.038912,0.091846466
0.038914,0.091846466
0.038916,0.091846466
0.038918,0.091846466
0.03892,0.091846466
0.038922,0.091846466
0.038924,0.091846466
0.038926,0.091846466
0.038928,0.091846466
0.03893,0.091846466
0.038932,0.091846466
0.038934,0.091846466
0.038936,0.091846466
0.038938,0.091846466
0.03894,0.091846466
0.038942,0.091846466
0.038944,0.091846466
0.038946,0.091846466
0.038948,0.091846466
0.03895,0.091846466
0.038952,0.091846466
0.038954,0.091846466
0.038956,0.091846466
0.038958,0.091846466
0.03896,0.091846466
0.038962,0.091846466
0.038964,0.091846466
0.038966,0.091846466
0.038968,0.091846466
0.03897,0.091846466
0.038972,0.091846466
0.038974,0.091846466
0.038976,0.091846466
0.038978,0.091846466
0.03898,0.091846466
0.038982,0.091846466
0.038984,0.091846466
0.038986,0.091846466
0.038988,0.091846466
0.03899,0.091846466
0.038992,0.091846466
0.038994,0.091846466
0.038996,0.091846466
0.038998,0.091846466
0.039,0.091846466
0.039002,0.091846466
0.039003998,0.091846466
0.039006,0.091846466
0.039008,0.091846466
0.03901,0.091846466
0.039012,0.091846466
0.039014,0.091846466
0.039016,0.091846466
0.039018,0.091846466
0.03902,0.091846466
0.039022,0.091846466
0.039024,0.091846466
0.039026,0.091846466
0.039028,0.091846466
0.03903,0.091846466
0.039032,0.091846466
0.039034,0.091846466
0.039036,0.091846466
0.039038,0.091846466
0.03904,0.091846466
0.039042,0.091846466
0.039044,0.091846466
0.039046,0.091846466
0.039048,0.091846466
0.03905,0.091846466
0.039052,0.091846466
0.039054,0.091846466
0.039056,0.091846466
0.039058,0.091846466
0.03906,0.091846466
0.039062,0.091846466
0.039064,0.091846466
0.039065998,0.091846466
0.039068,0.091846466
0.03907,0.091846466
0.039072,0.091846466
0.039074,0.091846466
0.039076,0.091846466
0.039078,0.091846466
0.03908,0.091846466
0.039082,0.091846466
0.039084,0.091846466
0.039086,0.091846466
0.039088,0.091846466
0.03909,0.091846466
0.039092,0.091846466
0.039094,0.091846466
0.039096,0.091846466
0.039098,0.091846466
0.0391,0.091846466
0.039102,0.091846466
0.039104,0.091846466
0.039106,0.091846466
0.039108,0.091846466
0.03911,0.091846466
0.039112,0.091846466
0.039114,0.091846466
0.039116,0.091846466
0.039118,0.091846466
0.03912,0.091846466
0.039122,0.091846466
0.039124,0.091846466
0.039126,0.091846466
0.039127998,0.091846466
0.03913,0.091846466
0.039132,0.091846466
0.039134,0.091846466
0.039136,0.091846466
0.039138,0.091846466
0.03914,0.091846466
0.039142,0.091846466
0.039144,0.091846466
0.039146,0.091846466
0.039148,0.091846466
0.03915,0.091846466
0.039152,0.091846466
0.039154,0.091846466
0.039156,0.091846466
0.039158,0.091846466
0.03916,0.091846466
0.039162,0.091846466
0.039164,0.091846466
0.039166,0.091846466
0.039168,0.091846466
0.03917,0.091846466
0.039172,0.091846466
0.039174,0.091846466
0.039176,0.091846466
0.039178,0.091846466
0.03918,0.091846466
0.039182,0.091846466
0.039184,0.091846466
0.039186,0.091846466
0.039188,0.091846466
0.039189998,0.091846466
0.039192,0.091846466
0.039194,0.091846466
0.039196,0.091846466
0.039198,0.091846466
0.0392,0.091846466
0.039202,0.091846466
0.039204,0.091846466
0.039206,0.091846466
0.039208,0.091846466
0.03921,0.091846466
0.039212,0.091846466
0.039214,0.091846466
0.039216,0.091846466
0.039218,0.091846466
0.03922,0.091846466
0.039222,0.091846466
0.039224,0.091846466
0.039226,0.091846466
0.039228,0.091846466
0.03923,0.091846466
0.039232,0.091846466
0.039234,0.091846466
0.039236,0.091846466
0.039238,0.091846466
0.03924,0.091846466
0.039242,0.091846466
0.039244,0.091846466
0.039246,0.091846466
0.039248,0.091846466
0.03925,0.091846466
0.039251998,0.091846466
0.039254,0.091846466
0.039256,0.091846466
0.039258,0.091846466
0.03926,0.091846466
0.039262,0.091846466
0.039264,0.091846466
0.039266,0.091846466
0.039268,0.091846466
0.03927,0.091846466
0.039272,0.091846466
0.039274,0.091846466
0.039276,0.091846466
0.039278,0.091846466
0.03928,0.091846466
0.039282,0.091846466
0.039284,0.091846466
0.039286,0.091846466
0.039288,0.091846466
0.03929,0.091846466
0.039292,0.091846466
0.039294,0.091846466
0.039296,0.091846466
0.039298,0.091846466
0.0393,0.091846466
0.039302,0.091846466
0.039304,0.091846466
0.039306,0.091846466
0.039308,0.091846466
0.03931,0.091846466
0.039312,0.091846466
0.039313998,0.091846466
0.039316,0.091846466
0.039318,0.091846466
0.03932,0.091846466
0.039322,0.091846466
0.039324,0.091846466
0.039326,0.091846466
0.039328,0.091846466
0.03933,0.091846466
0.039332,0.091846466
0.039334,0.091846466
0.039336,0.091846466
0.039338,0.091846466
0.03934,0.091846466
0.039342,0.091846466
0.039344,0.091846466
0.039346,0.091846466
0.039348,0.091846466
0.03935,0.091846466
0.039352,0.091846466
0.039354,0.091846466
0.039356,0.091846466
0.039358,0.091846466
0.03936,0.091846466
0.039362,0.091846466
0.039364,0.091846466
0.039366,0.091846466
0.039368,0.091846466
0.03937,0.091846466
0.039372,0.091846466
0.039374,0.091846466
0.039375998,0.091846466
0.039378,0.091846466
0.03938,0.091846466
0.039382,0.091846466
0.039384,0.091846466
0.039386,0.091846466
0.039388,0.091846466
0.03939,0.091846466
0.039392,0.091846466
0.039394,0.091846466
0.039396,0.091846466
0.039398,0.091846466
0.0394,0.091846466
0.039402,0.091846466
0.039404,0.091846466
0.039406,0.091846466
0.039408,0.091846466
0.03941,0.091846466
0.039412,0.091846466
0.039414,0.091846466
0.039416,0.091846466
0.039418,0.091846466
0.03942,0.091846466
0.039422,0.091846466
0.039424,0.091846466
0.039426,0.091846466
0.039428,0.091846466
0.03943,0.091846466
0.039432,0.091846466
0.039434,0.091846466
0.039436,0.091846466
0.039437998,0.091846466
0.03944,0.091846466
0.039442,0.091846466
0.039444,0.091846466
0.039446,0.091846466
0.039448,0.091846466
0.03945,0.091846466
0.039452,0.091846466
0.039454,0.091846466
0.039456,0.091846466
0.039458,0.091846466
0.03946,0.091846466
0.039462,0.091846466
0.039464,0.091846466
0.039466,0.091846466
0.039468,0.091846466
0.03947,0.091846466
0.039472,0.091846466
0.039474,0.091846466
0.039476,0.091846466
0.039478,0.091846466
0.03948,0.091846466
0.039482,0.091846466
0.039484,0.091846466
0.039486,0.091846466
0.039488,0.091846466
0.03949,0.091846466
0.039492,0.091846466
0.039494,0.091846466
0.039496,0.091846466
0.039498,0.091846466
0.039499998,0.091846466
0.039502,0.091846466
0.039504,0.091846466
0.039506,0.091846466
0.039508,0.091846466
0.03951,0.091846466
0.039512,0.091846466
0.039514,0.091846466
0.039516,0.091846466
0.039518,0.091846466
0.03952,0.091846466
0.039522,0.091846466
0.039524,0.091846466
0.039526,0.091846466
0.039528,0.091846466
0.03953,0.091846466
0.039532,0.091846466
0.039534,0.091846466
0.039536,0.091846466
0.039538,0.091846466
0.03954,0.091846466
0.039542,0.091846466
0.039544,0.091846466
0.039546,0.091846466
0.039548,0.091846466
0.03955,0.091846466
0.039552,0.091846466
0.039554,0.091846466
0.039556,0.091846466
0.039558,0.091846466
0.03956,0.091846466
0.039561998,0.091846466
0.039564,0.091846466
0.039566,0.091846466
0.039568,0.091846466
0.03957,0.091846466
0.039572,0.091846466
0.039574,0.091846466
0.039576,0.091846466
0.039578,0.091846466
0.03958,0.091846466
0.039582,0.091846466
0.039584,0.091846466
0.039586,0.091846466
0.039588,0.091846466
0.03959,0.091846466
0.039592,0.091846466
0.039594,0.091846466
0.039596,0.091846466
0.039598,0.091846466
0.0396,0.091846466
0.039602,0.091846466
0.039604,0.091846466
0.039606,0.091846466
0.039608,0.091846466
0.03961,0.091846466
0.039612,0.091846466
0.039614,0.091846466
0.039616,0.091846466
0.039618,0.091846466
0.03962,0.091846466
0.039622,0.091846466
0.039623998,0.091846466
0.039626,0.091846466
0.039628,0.091846466
0.03963,0.091846466
0.039632,0.091846466
0.039634,0.091846466
0.039636,0.091846466
0.039638,0.091846466
0.03964,0.50792885
0.039642,1.2938623
0.039644,1.3400936
0.039646,1.3863249
0.039648,1.3863249
0.03965,1.3863249
0.039652,1.3863249
0.039654,1.3863249
0.039656,1.3863249
0.039658,1.3863249
0.03966,1.3863249
0.039662,1.3863249
0.039664,1.3863249
0.039666,1.3863249
0.039668,1.3863249
0.03967,1.3863249
0.039672,1.3863249
0.039674,1.3863249
0.039676,1.3863249
0.039678,1.3863249
0.03968,1.3863249
0.039682,1.3863249
0.039684,1.3863249
0.039685998,1.3863249
0.039688,1.3863249
0.03969,1.3863249
0.039692,1.3863249
0.039694,1.3863249
0.039696,1.3863249
0.039698,1.3863249
0.0397,1.3863249
0.039702,1.3863249
0.039704,1.3863249
0.039706,1.3863249
0.039708,1.3863249
0.03971,1.3863249
0.039712,1.3863249
0.039714,1.3863249
0.039716,1.3863249
0.039718,1.3863249
0.03972,1.3863249
0.039722,1.3863249
0.039724,1.3863249
0.039726,1.3863249
0.039728,1.3863249
0.03973,1.3863249
0.039732,1.3863249
0.039734,1.3863249
0.039736,1.3863249
0.039738,1.3863249
0.03974,1.3863249
0.039742,1.3863249
0.039744,1.3863249
0.039746,1.3863249
0.039747998,1.3863249
0.03975,1.3863249
0.039752,1.3863249
0.039754,1.3863249
0.039756,1.3863249
0.039758,1.3863249
0.03976,1.3863249
0.039762,1.3863249
0.039764,1.3863249
0.039766,1.3863249
0.039768,1.3863249
0.03977,1.3863249
0.039772,1.3863249
0.039774,1.3863249
0.039776,1.3863249
0.039778,1.3863249
0.03978,1.3863249
0.039782,1.3863249
0.039784,1.3863249
0.039786,1.3863249
0.039788,1.3863249
0.03979,1.3863249
0.039792,1.3863249
0.039794,1.3863249
0.039796,1.3863249
0.039798,1.3863249
0.0398,1.3863249
0.039802,1.3863249
0.039804,1.3863249
0.039806,1.3863249
0.039808,1.3863249
0.039809998,1.3863249
0.039812,1.3863249
0.039814,1.3863249
0.039816,1.3863249
0.039818,1.3863249
0.03982,1.3863249
0.039822,1.3863249
0.039824,1.3863249
0.039826,1.3863249
0.039828,1.3863249
0.03983,1.3863249
0.039832,1.3863249
0.039834,1.3863249
0.039836,1.3863249
0.039838,1.3863249
0.03984,1.3863249
0.039842,1.3863249
0.039844,1.3863249
0.039846,1.3863249
0.039848,1.3863249
0.03985,1.3863249
0.039852,1.3863249
0.039854,1.3863249
0.039856,1.3863249
0.039858,1.3863249
0.03986,1.3863249
0.039862,1.3863249
0.039864,1.3863249
0.039866,1.3863249
0.039868,1.3863249
0.03987,1.3863249
0.039871998,1.3863249
0.039874,1.3863249
0.039876,1.3863249
0.039878,1.3863249
0.03988,1.3863249
0.039882,1.3863249
0.039884,1.3863249
0.039886,1.3863249
0.039888,1.3863249
0.03989,1.3863249
0.039892,1.3863249
0.039894,1.3863249
0.039896,1.3863249
0.039898,1.3863249
0.0399,1.3863249
0.039902,1.3863249
0.039904,1.3863249
0.039906,1.3863249
0.039908,1.3863249
0.03991,1.3863249
0.039912,1.3863249
0.039914,1.3863249
0.039916,1.3863249
0.039918,1.3863249
0.03992,1.3863249
0.039922,1.3863249
0.039924,1.3863249
0.039926,1.3863249
0.039928,1.3863249
0.03993,1.3863249
0.039932,1.3863249
0.039934,1.3863249
0.039936,1.3863249
0.039938,1.3863249
0.03994,1.3863249
0.039942,1.3863249
0.039944,1.3863249
0.039946,1.3863249
0.039948,1.3863249
0.03995,1.3863249
0.039952,1.3863249
0.039954,1.3863249
0.039956,1.3863249
0.039958,1.3863249
0.03996,1.3863249
0.039962,1.3863249
0.039964,1.3863249
0.039966,1.3863249
0.039968,1.3863249
0.03997,1.3863249
0.039972,1.3863249
0.039974,1.3863249
0.039976,1.3863249
0.039978,1.3863249
0.03998,1.3863249
0.039982,1.3863249
0.039984,1.3863249
0.039986,1.3863249
0.039988,1.3863249
0.03999,1.3863249
0.039992,1.3863249
0.039994,1.9411016
0.039996,2.6345725
0.039998,2.6345725
0.04,2.6345725
0.040002,2.6345725
0.040004,2.6345725
0.040006,2.6345725
0.040008,2.6345725
0.04001,2.6808028
0.040012,2.6808028
0.040014,2.6808028
0.040016,2.6808028
0.040018,2.6808028
0.04002,2.6808028
0.040022,2.6808028
0.040024,2.6808028
0.040026,2.6808028
0.040028,2.6808028
0.04003,2.6808028
0.040032,2.6808028
0.040034,2.6808028
0.040036,2.6808028
0.040038,2.6808028
0.04004,2.6808028
0.040042,2.6808028
0.040044,2.6808028
0.040046,2.6808028
0.040048,2.6808028
0.04005,2.6808028
0.040052,2.6808028
0.040054,2.6808028
0.040056,2.6808028
0.040058,2.6808028
0.04006,2.6808028
0.040062,2.6808028
0.040064,2.6808028
0.040066,2.6808028
0.040068,2.6808028
0.04007,2.6808028
0.040072,2.6808028
0.040074,2.6808028
0.040076,2.6808028
0.040078,2.6808028
0.04008,2.6808028
0.040082,2.6808028
0.040084,2.6808028
0.040086,2.6808028
0.040088,2.6808028
0.04009,2.6808028
0.040092,2.6808028
0.040094,2.6808028
0.040096,2.6808028
0.040098,2.6808028
0.0401,2.6808028
0.040102,2.6808028
0.040104,2.6808028
0.040106,2.6808028
0.040108,2.6808028
0.04011,2.6808028
0.040112,2.6808028
0.040114,2.6808028
0.040116,2.6808028
0.040118,2.6808028
0.04012,2.6808028
0.040122,2.6808028
0.040124,2.6808028
0.040126,2.6808028
0.040128,2.6808028
0.04013,2.6808028
0.040132,2.6808028
0.040134,2.6808028
0.040136,2.6808028
0.040138,2.6808028
0.04014,2.6808028
0.040142,2.6808028
0.040144,2.6808028
0.040146,2.6808028
0.040148,2.6808028
0.04015,2.6808028
0.040152,2.6808028
0.040154,2.6808028
0.040156,2.6808028
0.040158,2.6808028
0.04016,2.6808028
0.040162,2.6808028
0.040164,2.6808028
0.040165998,2.6808028
0.040168,2.6808028
0.04017,2.6808028
0.040172,2.6808028
0.040174,2.6808028
0.040176,2.6808028
0.040178,2.6808028
0.04018,2.6808028
0.040182,2.6808028
0.040184,2.6808028
0.040186,2.6808028
0.040188,2.6808028
0.04019,2.6808028
0.040192,2.6808028
0.040194,2.6808028
0.040196,2.6808028
0.040198,2.6808028
0.0402,2.6808028
0.040202,2.6808028
0.040204,2.6808028
0.040206,2.6808028
0.040208,2.6808028
0.04021,2.6808028
0.040212,2.6808028
0.040214,2.6808028
0.040216,2.6808028
0.040218,2.6808028
0.04022,2.6808028
0.040222,2.6808028
0.040224,2.6808028
0.040226,2.6808028
0.040227998,2.6808028
0.04023,2.6808028
0.040232,2.6808028
0.040234,2.6808028
0.040236,2.6808028
0.040238,2.6808028
0.04024,2.6808028
0.040242,2.6808028
0.040244,2.6808028
0.040246,2.6808028
0.040248,2.6808028
0.04025,2.6808028
0.040252,2.6808028
0.040254,2.6808028
0.040256,2.6808028
0.040258,2.6808028
0.04026,2.6808028
0.040262,2.6808028
0.040264,2.6808028
0.040266,2.6808028
0.040268,2.6808028
0.04027,2.6808028
0.040272,2.6808028
0.040274,2.6808028
0.040276,2.6808028
0.040278,2.6808028
0.04028,2.6808028
0.040282,2.6808028
0.040284,2.6808028
0.040286,2.6808028
0.040288,2.6808028
0.040289998,2.6808028
0.040292,2.6808028
0.040294,2.6808028
0.040296,2.6808028
0.040298,2.6808028
0.0403,2.6808028
0.040302,2.6808028
0.040304,2.6808028
0.040306,2.6808028
0.040308,2.6808028
0.04031,2.6808028
0.040312,2.6808028
0.040314,2.6808028
0.040316,2.6808028
0.040318,2.6808028
0.04032,2.6345725
0.040322,3.92905
0.040324,3.92905
0.040326,3.92905
0.040328,3.92905
0.04033,3.9752812
0.040332,3.9752812
0.040334,3.9752812
0.040336,3.9752812
0.040338,3.9752812
0.04034,3.9752812
0.040342,3.9752812
0.040344,3.9752812
0.040346,3.9752812
0.040348,3.9752812
0.04035,3.9752812
0.040351998,3.9752812
0.040354,3.9752812
0.040356,3.9752812
0.040358,3.9752812
0.04036,3.9752812
0.040362,3.9752812
0.040364,3.9752812
0.040366,3.9752812
0.040368,3.9752812
0.04037,3.9752812
0.040372,3.9752812
0.040374,3.9752812
0.040376,3.9752812
0.040378,3.9752812
0.04038,3.9752812
0.040382,3.9752812
0.040384,3.9752812
0.040386,3.9752812
0.040388,3.9752812
0.04039,3.9752812
0.040392,3.9752812
0.040394,3.9752812
0.040396,3.9752812
0.040398,3.9752812
0.0404,3.9752812
0.040402,3.9752812
0.040404,3.9752812
0.040406,3.9752812
0.040408,3.9752812
0.04041,3.9752812
0.040412,3.9752812
0.040413998,3.9752812
0.040416,3.9752812
0.040418,3.9752812
0.04042,3.9752812
0.040422,3.9752812
0.040424,3.9752812
0.040426,3.9752812
0.040428,3.9752812
0.04043,3.9752812
0.040432,3.9752812
0.040434,3.9752812
0.040436,3.9752812
0.040438,3.9752812
0.04044,3.9752812
0.040442,3.9752812
0.040444,3.9752812
0.040446,3.9752812
0.040448,3.9752812
0.04045,3.9752812
0.040452,3.9752812
0.040454,3.9752812
0.040456,3.9752812
0.040458,3.9752812
0.04046,3.9752812
0.040462,3.9752812
0.040464,3.9752812
0.040466,3.9752812
0.040468,3.9752812
0.04047,3.9752812
0.040472,3.9752812
0.040474,3.9752812
0.040475998,3.9752812
0.040478,3.9752812
0.04048,3.9752812
0.040482,3.9752812
0.040484,3.9752812
0.040486,3.9752812
0.040488,3.9752812
0.04049,3.9752812
0.040492,3.9752812
0.040494,3.9752812
0.040496,3.9752812
0.040498,3.9752812
0.0405,3.9752812
0.040502,3.9752812
0.040504,3.9752812
0.040506,3.9752812
0.040508,3.9752812
0.04051,3.9752812
0.040512,3.9752812
0.040514,3.9752812
0.040516,3.9752812
0.040518,3.9752812
0.04052,3.9752812
0.040522,3.9752812
0.040524,3.9752812
0.040526,3.9752812
0.040528,3.9752812
0.04053,3.9752812
0.040532,3.9752812
0.040534,3.9752812
0.040536,3.9752812
0.040537998,3.9752812
0.04054,3.9752812
0.040542,3.9752812
0.040544,3.9752812
0.040546,3.9752812
0.040548,3.9752812
0.04055,3.9752812
0.040552,3.9752812
0.040554,3.9752812
0.040556,3.9752812
0.040558,3.9752812
0.04056,3.9752812
0.040562,3.9752812
0.040564,3.9752812
0.040566,3.9752812
0.040568,3.9752812
0.04057,3.9752812
0.040572,3.9752812
0.040574,3.9752812
0.040576,3.9752812
0.040578,3.9752812
0.04058,3.9752812
0.040582,3.9752812
0.040584,3.9752812
0.040586,3.9752812
0.040588,3.9752812
0.04059,3.9752812
0.040592,3.9752812
0.040594,3.9752812
0.040596,3.9752812
0.040598,3.9752812
0.040599998,3.9752812
0.040602,3.9752812
0.040604,3.9752812
0.040606,3.9752812
0.040608,3.9752812
0.04061,3.9752812
0.040612,3.9752812
0.040614,3.9752812
0.040616,3.9752812
0.040618,3.9752812
0.04062,3.9752812
0.040622,3.9752812
0.040624,3.9752812
0.040626,3.9752812
0.040628,3.9752812
0.04063,3.9752812
0.040632,3.9752812
0.040634,3.9752812
0.040636,3.9752812
0.040638,3.9752812
0.04064,3.9752812
0.040642,3.9752812
0.040644,3.9752812
0.040646,3.9752812
0.040648,3.9752812
0.04065,3.9752812
0.040652,3.9752812
0.040654,3.9752812
0.040656,3.9752812
0.040658,3.9752812
0.04066,3.9752812
0.040661998,3.9752812
0.040664,3.9752812
0.040666,3.9752812
0.040668,3.9752812
0.04067,3.9752812
0.040672,3.9752812
0.040674,3.9752812
0.040676,3.9752812
0.040678,3.9752812
0.04068,3.9752812
0.040682,3.9752812
0.040684,3.9752812
0.040686,3.9752812
0.040688,3.9752812
0.04069,3.9752812
0.040692,3.9752812
0.040694,3.9752812
0.040696,3.9752812
0.040698,3.9752812
0.0407,3.9752812
0.040702,3.9752812
0.040704,3.9752812
0.040706,3.9752812
0.040708,3.9752812
0.04071,3.9752812
0.040712,3.9752812
0.040714,3.9752812
0.040716,3.9752812
0.040718,3.9752812
0.04072,3.9752812
0.040722,3.9752812
0.040723998,3.9752812
0.040726,3.9752812
0.040728,3.9752812
0.04073,3.9752812
0.040732,3.9752812
0.040734,3.9752812
0.040736,3.9752812
0.040738,3.9752812
0.04074,3.9752812
0.040742,3.9752812
0.040744,3.9752812
0.040746,3.9752812
0.040748,3.9752812
0.04075,3.9752812
0.040752,3.9752812
0.040754,3.9752812
0.040756,3.9752812
0.040758,3.9752812
0.04076,3.9752812
0.040762,3.9752812
0.040764,3.9752812
0.040766,3.9752812
0.040768,3.9752812
0.04077,3.9752812
0.040772,3.9752812
0.040774,3.9752812
0.040776,3.9752812
0.040778,3.9752812
0.04078,3.9752812
0.040782,3.9752812
0.040784,3.9752812
0.040785998,3.9752812
0.040788,3.9752812
0.04079,3.9752812
0.040792,3.9752812
0.040794,3.9752812
0.040796,3.9752812
0.040798,3.9752812
0.0408,3.9752812
0.040802,3.9752812
0.040804,3.9752812
0.040806,3.9752812
0.040808,3.9752812
0.04081,3.9752812
0.040812,3.9752812
0.040814,3.9752812
0.040816,3.9752812
0.040818,3.9752812
0.04082,3.9752812
0.040822,3.9752812
0.040824,3.9752812
0.040826,3.9752812
0.040828,3.9752812
0.04083,3.9752812
0.040832,3.9752812
0.040834,3.9752812
0.040836,3.9752812
0.040838,3.9752812
0.04084,3.9752812
0.040842,3.9752812
0.040844,3.9752812
0.040846,3.9752812
0.040847998,3.9752812
0.04085,3.9752812
0.040852,3.9752812
0.040854,3.9752812
0.040856,3.9752812
0.040858,3.9752812
0.04086,3.9752812
0.040862,3.9752812
0.040864,3.9752812
0.040866,3.9752812
0.040868,3.9752812
0.04087,3.9752812
0.040872,3.9752812
0.040874,3.9752812
0.040876,3.9752812
0.040878,3.9752812
0.04088,3.9752812
0.040882,3.9752812
0.040884,3.9752812
0.040886,3.9752812
0.040888,3.9752812
0.04089,3.9752812
0.040892,3.9752812
0.040894,3.9752812
0.040896,3.9752812
0.040898,3.9752812
0.0409,3.9752812
0.040902,3.9752812
0.040904,3.9752812
0.040906,3.9752812
0.040908,3.9752812
0.040909998,3.9752812
0.040912,3.9752812
0.040914,3.9752812
0.040916,3.9752812
0.040918,3.9752812
0.04092,3.9752812
0.040922,3.9752812
0.040924,3.9752812
0.040926,3.9752812
0.040928,3.9752812
0.04093,3.9752812
0.040932,3.9752812
0.040934,3.9752812
0.040936,3.9752812
0.040938,3.9752812
0.04094,3.9752812
0.040942,3.9752812
0.040944,3.9752812
0.040946,3.9752812
0.040948,3.9752812
0.04095,3.9752812
0.040952,3.9752812
0.040954,3.9752812
0.040956,3.9752812
0.040958,3.9752812
0.04096,3.9752812
0.040962,3.9752812
0.040964,3.9752812
0.040966,3.9752812
0.040968,3.9752812
0.04097,3.9752812
0.040971998,3.9752812
0.040974,3.9752812
0.040976,3.9752812
0.040978,3.9752812
0.04098,3.9752812
0.040982,3.9752812
0.040984,3.9752812
0.040986,3.9752812
0.040988,3.9752812
0.04099,3.9752812
0.040992,3.9752812
0.040994,3.9752812
0.040996,3.9752812
0.040998,3.9752812
0.041,3.9752812
0.041002,3.9752812
0.041004,3.9752812
0.041006,3.9752812
0.041008,3.9752812
0.04101,3.9752812
0.041012,3.9752812
0.041014,3.9752812
0.041016,3.9752812
0.041018,3.9752812
0.04102,3.9752812
0.041022,3.9752812
0.041024,3.9752812
0.041026,3.9752812
0.041028,3.9752812
0.04103,3.9752812
0.041032,3.9752812
0.041033998,3.9752812
0.041036,3.9752812
0.041038,3.9752812
0.04104,3.9752812
0.041042,3.9752812
0.041044,3.9752812
0.041046,3.9752812
0.041048,3.9752812
0.04105,3.9752812
0.041052,3.9752812
0.041054,3.9752812
0.041056,3.9752812
0.041058,3.9752812
0.04106,3.9752812
0.041062,3.9752812
0.041064,3.9752812
0.041066,3.9752812
0.041068,3.9752812
0.04107,3.9752812
0.041072,3.9752812
0.041074,3.9752812
0.041076,3.9752812
0.041078,3.9752812
0.04108,3.9752812
0.041082,3.9752812
0.041084,3.9752812
0.041086,3.9752812
0.041088,3.9752812
0.04109,3.9752812
0.041092,3.9752812
0.041094,3.9752812
0.041096,3.9752812
0.041098,3.9752812
0.0411,3.9752812
0.041102,3.9752812
0.041104,3.9752812
0.041106,3.9752812
0.041108,3.9752812
0.04111,3.9752812
0.041112,3.9752812
0.041114,3.9752812
0.041116,3.9752812
0.041118,3.9752812
0.04112,3.9752812
0.041122,3.9752812
0.041124,3.9752812
0.041126,3.9752812
0.041128,3.9752812
0.04113,3.9752812
0.041132,3.9752812
0.041134,3.9752812
0.041136,3.9752812
0.041138,3.9752812
0.04114,3.9752812
0.041142,3.9752812
0.041144,3.9752812
0.041146,3.9752812
0.041148,3.9752812
0.04115,3.9752812
0.041152,3.9752812
0.041154,3.9752812
0.041156,3.9752812
0.041158,3.9752812
0.04116,3.9752812
0.041162,3.9752812
0.041164,3.9752812
0.041166,3.9752812
0.041168,3.9752812
0.04117,3.9752812
0.041172,3.9752812
0.041174,3.9752812
0.041176,3.9752812
0.041178,3.9752812
0.04118,3.9752812
0.041182,3.9752812
0.041184,3.9752812
0.041186,3.9752812
0.041188,3.9752812
0.04119,3.9752812
0.041192,3.9752812
0.041194,3.9752812
0.041196,3.9752812
0.041198,3.9752812
0.0412,3.9752812
0.041202,3.9752812
0.041204,3.9752812
0.041206,3.9752812
0.041208,3.9752812
0.04121,3.9752812
0.041212,3.9752812
0.041214,3.9752812
0.041216,3.9752812
0.041218,3.9752812
0.04122,3.9752812
0.041222,3.9752812
0.041224,3.9752812
0.041226,3.9752812
0.041228,3.9752812
0.04123,3.9752812
0.041232,3.9752812
0.041234,3.9752812
0.041236,3.9752812
0.041238,3.9752812
0.04124,3.9752812
0.041242,3.9752812
0.041244,3.9752812
0.041246,3.9752812
0.041248,3.9752812
0.04125,3.9752812
0.041252,3.9752812
0.041254,3.9752812
0.041256,3.9752812
0.041258,3.9752812
0.04126,3.9752812
0.041262,3.9752812
0.041264,3.9752812
0.041265998,3.9752812
0.041268,3.9752812
0.04127,3.9752812
0.041272,3.9752812
0.041274,3.9752812
0.041276,3.9752812
0.041278,3.9752812
0.04128,3.9752812
0.041282,3.9752812
0.041284,3.9752812
0.041286,3.9752812
0.041288,3.9752812
0.04129,3.9752812
0.041292,3.9752812
0.041294,3.9752812
0.041296,3.9752812
0.041298,3.9752812
0.0413,3.9752812
0.041302,3.9752812
0.041304,3.9752812
0.041306,3.9752812
0.041308,3.9752812
0.04131,3.9752812
0.041312,3.9752812
0.041314,3.9752812
0.041316,3.9752812
0.041318,3.9752812
0.04132,3.9752812
0.041322,3.9752812
0.041324,3.9752812
0.041326,3.9752812
0.041327998,3.9752812
0.04133,3.9752812
0.041332,3.9752812
0.041334,3.9752812
0.041336,3.9752812
0.041338,3.9752812
0.04134,3.9752812
0.041342,3.9752812
0.041344,3.9752812
0.041346,3.9752812
0.041348,3.9752812
0.04135,3.9752812
0.041352,3.9752812
0.041354,3.9752812
0.041356,3.9752812
0.041358,3.9752812
0.04136,3.9752812
0.041362,3.9752812
0.041364,3.9752812
0.041366,3.9752812
0.041368,3.9752812
0.04137,3.9752812
0.041372,3.9752812
0.041374,3.9752812
0.041376,3.9752812
0.041378,3.9752812
0.04138,3.9752812
0.041382,3.9752812
0.041384,3.9752812
0.041386,3.9752812
0.041388,3.9752812
0.041389998,3.9752812
0.041392,3.9752812
0.041394,3.9752812
0.041396,3.9752812
0.041398,3.9752812
0.0414,3.9752812
0.041402,3.9752812
0.041404,3.9752812
0.041406,3.9752812
0.041408,3.9752812
0.04141,3.9752812
0.041412,3.9752812
0.041414,3.9752812
0.041416,3.9752812
0.041418,3.9752812
0.04142,3.9752812
0.041422,3.9752812
0.041424,3.9752812
0.041426,3.9752812
0.041428,3.9752812
0.04143,3.9752812
0.041432,3.9752812
0.041434,3.9752812
0.041436,3.9752812
0.041438,3.9752812
0.04144,3.9752812
0.041442,3.9752812
0.041444,3.9752812
0.041446,3.9752812
0.041448,3.9752812
0.04145,3.9752812
0.041451998,3.9752812
0.041454,3.9752812
0.041456,3.9752812
0.041458,3.9752812
0.04146,3.9752812
0.041462,3.9752812
0.041464,2.9581914
0.041466,2.727035
0.041468,2.727035
0.04147,2.727035
0.041472,2.727035
0.041474,2.727035
0.041476,2.727035
0.041478,2.727035
0.04148,2.727035
0.041482,2.6808028
0.041484,2.6808028
0.041486,2.6808028
0.041488,2.6808028
0.04149,2.6808028
0.041492,2.6808028
0.041494,2.6808028
0.041496,2.6808028
0.041498,2.6808028
0.0415,2.6808028
0.041502,2.6808028
0.041504,2.6808028
0.041506,2.6808028
0.041508,2.6808028
0.04151,2.6808028
0.041512,2.6808028
0.041513998,2.6808028
0.041516,2.6808028
0.041518,2.6808028
0.04152,2.6808028
0.041522,2.6808028
0.041524,2.6808028
0.041526,2.6808028
0.041528,2.6808028
0.04153,2.6808028
0.041532,2.6808028
0.041534,2.6808028
0.041536,2.6808028
0.041538,2.6808028
0.04154,2.6808028
0.041542,2.6808028
0.041544,2.6808028
0.041546,2.6808028
0.041548,2.6808028
0.04155,2.6808028
0.041552,2.6808028
0.041554,2.6808028
0.041556,2.6808028
0.041558,2.6808028
0.04156,2.6808028
0.041562,2.6808028
0.041564,2.6808028
0.041566,2.6808028
0.041568,2.6808028
0.04157,2.6808028
0.041572,2.6808028
0.041574,2.6808028
0.041575998,2.6808028
0.041578,2.6808028
0.04158,2.6808028
0.041582,2.6808028
0.041584,2.6808028
0.041586,2.6808028
0.041588,2.6808028
0.04159,2.6808028
0.041592,2.6808028
0.041594,2.6808028
0.041596,2.6808028
0.041598,2.6808028
0.0416,2.6808028
0.041602,2.6808028
0.041604,2.6808028
0.041606,2.6808028
0.041608,2.6808028
0.04161,2.6808028
0.041612,2.6808028
0.041614,2.6808028
0.041616,2.6808028
0.041618,2.6808028
0.04162,2.6808028
0.041622,2.6808028
0.041624,2.6808028
0.041626,2.6808028
0.041628,2.6808028
0.04163,2.6808028
0.041632,2.6808028
0.041634,2.6808028
0.041636,2.6808028
0.041637998,2.6808028
0.04164,2.6808028
0.041642,2.6808028
0.041644,2.6808028
0.041646,2.6808028
0.041648,2.6808028
0.04165,2.6808028
0.041652,2.6808028
0.041654,2.6808028
0.041656,2.6808028
0.041658,2.6808028
0.04166,2.6808028
0.041662,2.6808028
0.041664,2.6808028
0.041666,2.6808028
0.041668,2.6808028
0.04167,2.6808028
0.041672,2.6808028
0.041674,2.6808028
0.041676,2.6808028
0.041678,2.6808028
0.04168,2.6808028
0.041682,2.6808028
0.041684,2.6808028
0.041686,2.6808028
0.041688,2.6808028
0.04169,2.6808028
0.041692,2.6808028
0.041694,2.6808028
0.041696,2.6808028
0.041698,2.6808028
0.041699998,2.6808028
0.041702,2.6808028
0.041704,2.6808028
0.041706,2.6808028
0.041708,2.6808028
0.04171,2.6808028
0.041712,2.6808028
0.041714,2.6808028
0.041716,2.6808028
0.041718,2.6808028
0.04172,2.6808028
0.041722,2.6808028
0.041724,2.6808028
0.041726,2.6808028
0.041728,2.6808028
0.04173,2.6808028
0.041732,2.6808028
0.041734,2.6808028
0.041736,2.6808028
0.041738,2.6808028
0.04174,2.6808028
0.041742,2.6808028
0.041744,2.6808028
0.041746,2.6808028
0.041748,2.6808028
0.04175,2.6808028
0.041752,2.6808028
0.041754,2.6808028
0.041756,2.6808028
0.041758,2.6808028
0.04176,2.6808028
0.041761998,2.6808028
0.041764,2.6808028
0.041766,2.6808028
0.041768,2.6808028
0.04177,2.6808028
0.041772,2.6808028
0.041774,2.6808028
0.041776,2.6808028
0.041778,2.6808028
0.04178,2.6808028
0.041782,2.6808028
0.041784,2.6808028
0.041786,2.6808028
0.041788,2.6808028
0.04179,2.033564
0.041792,1.4787879
0.041794,1.4325566
0.041796,1.4325566
0.041798,1.4325566
0.0418,1.4325566
0.041802,1.4325566
0.041804,1.4325566
0.041806,1.4325566
0.041808,1.4325566
0.04181,1.4325566
0.041812,1.4325566
0.041814,1.4325566
0.041816,1.4325566
0.041818,1.4325566
0.04182,1.4325566
0.041822,1.4325566
0.041823998,1.4325566
0.041826,1.4325566
0.041828,1.4325566
0.04183,1.3863249
0.041832,1.3863249
0.041834,1.3863249
0.041836,1.3863249
0.041838,1.3863249
0.04184,1.3863249
0.041842,1.3863249
0.041844,1.3863249
0.041846,1.3863249
0.041848,1.3863249
0.04185,1.3863249
0.041852,1.3863249
0.041854,1.3863249
0.041856,1.3863249
0.041858,1.3863249
0.04186,1.3863249
0.041862,1.3863249
0.041864,1.3863249
0.041866,1.3863249
0.041868,1.3863249
0.04187,1.3863249
0.041872,1.3863249
0.041874,1.3863249
0.041876,1.3863249
0.041878,1.3863249
0.04188,1.3863249
0.041882,1.3863249
0.041884,1.3863249
0.041885998,1.3863249
0.041888,1.3863249
0.04189,1.3863249
0.041892,1.3863249
0.041894,1.3863249
0.041896,1.3863249
0.041898,1.3863249
0.0419,1.3863249
0.041902,1.3863249
0.041904,1.3863249
0.041906,1.3863249
0.041908,1.3863249
0.04191,1.3863249
0.041912,1.3863249
0.041914,1.3863249
0.041916,1.3863249
0.041918,1.3863249
0.04192,1.3863249
0.041922,1.3863249
0.041924,1.3863249
0.041926,1.3863249
0.041928,1.3863249
0.04193,1.3863249
0.041932,1.3863249
0.041934,1.3863249
0.041936,1.3863249
0.041938,1.3863249
0.04194,1.3863249
0.041942,1.3863249
0.041944,1.3863249
0.041946,1.3863249
0.041947998,1.3863249
0.04195,1.3863249
0.041952,1.3863249
0.041954,1.3863249
0.041956,1.3863249
0.041958,1.3863249
0.04196,1.3863249
0.041962,1.3863249
0.041964,1.3863249
0.041966,1.3863249
0.041968,1.3863249
0.04197,1.3863249
0.041972,1.3863249
0.041974,1.3863249
0.041976,1.3863249
0.041978,1.3863249
0.04198,1.3863249
0.041982,1.3863249
0.041984,1.3863249
0.041986,1.3863249
0.041988,1.3863249
0.04199,1.3863249
0.041992,1.3863249
0.041994,1.3863249
0.041996,1.3863249
0.041998,1.3863249
0.042,1.3863249
0.042002,1.3863249
0.042004,1.3863249
0.042006,1.3863249
0.042008,1.3863249
0.042009998,1.3863249
0.042012,1.3863249
0.042014,1.3863249
0.042016,1.3863249
0.042018,1.3863249
0.04202,1.3863249
0.042022,1.3863249
0.042024,1.3863249
0.042026,1.3863249
0.042028,1.3863249
0.04203,1.3863249
0.042032,1.3863249
0.042034,1.3863249
0.042036,1.3863249
0.042038,1.3863249
0.04204,1.3863249
0.042042,1.3863249
0.042044,1.3863249
0.042046,1.3863249
0.042048,1.3863249
0.04205,1.3863249
0.042052,1.3863249
0.042054,1.3863249
0.042056,1.3863249
0.042058,1.3863249
0.04206,1.3863249
0.042062,1.3863249
0.042064,1.3863249
0.042066,1.3863249
0.042068,1.3863249
0.04207,1.3863249
0.042071998,1.3863249
0.042074,1.3863249
0.042076,1.3863249
0.042078,1.3863249
0.04208,1.3863249
0.042082,1.3863249
0.042084,1.3863249
0.042086,1.3863249
0.042088,1.3863249
0.04209,1.3863249
0.042092,1.3863249
0.042094,1.3863249
0.042096,1.3863249
0.042098,1.3863249
0.0421,1.3863249
0.042102,1.3863249
0.042104,1.3863249
0.042106,1.3863249
0.042108,1.3863249
0.04211,1.3863249
0.042112,1.3863249
0.042114,1.3863249
0.042116,1.3863249
0.042118,1.3863249
0.04212,1.3863249
0.042122,1.3863249
0.042124,1.3863249
0.042126,1.3863249
0.042128,1.3863249
0.04213,1.3863249
0.042132,1.3863249
0.042133998,1.3863249
0.042136,1.3863249
0.042138,1.3863249
0.04214,1.3863249
0.042142,1.3863249
0.042144,0.7853174
0.042146,0.13807821
0.042148,0.13807821
0.04215,0.13807821
0.042152,0.13807821
0.042154,0.13807821
0.042156,0.13807821
0.042158,0.13807821
0.04216,0.13807821
0.042162,0.13807821
0.042164,0.13807821
0.042166,0.13807821
0.042168,0.13807821
0.04217,0.091846466
0.042172,0.091846466
0.042174,0.091846466
0.042176,0.091846466
0.042178,0.091846466
0.04218,0.091846466
0.042182,0.091846466
0.042184,0.091846466
0.042186,0.091846466
0.042188,0.091846466
0.04219,0.091846466
0.042192,0.091846466
0.042194,0.091846466
0.042195998,0.091846466
0.042198,0.091846466
0.0422,0.091846466
0.042202,0.091846466
0.042204,0.091846466
0.042206,0.091846466
0.042208,0.091846466
0.04221,0.091846466
0.042212,0.091846466
0.042214,0.091846466
0.042216,0.091846466
0.042218,0.091846466
0.04222,0.091846466
0.042222,0.091846466
0.042224,0.091846466
0.042226,0.091846466
0.042228,0.091846466
0.04223,0.091846466
0.042232,0.091846466
0.042234,0.091846466
0.042236,0.091846466
0.042238,0.091846466
0.04224,0.091846466
0.042242,0.091846466
0.042244,0.091846466
0.042246,0.091846466
0.042248,0.091846466
0.04225,0.091846466
0.042252,0.091846466
0.042254,0.091846466
0.042256,0.091846466
0.042258,0.091846466
0.04226,0.091846466
0.042262,0.091846466
0.042264,0.091846466
0.042266,0.091846466
0.042268,0.091846466
0.04227,0.091846466
0.042272,0.091846466
0.042274,0.091846466
0.042276,0.091846466
0.042278,0.091846466
0.04228,0.091846466
0.042282,0.091846466
0.042284,0.091846466
0.042286,0.091846466
0.042288,0.091846466
0.04229,0.091846466
0.042292,0.091846466
0.042294,0.091846466
0.042296,0.091846466
0.042298,0.091846466
0.0423,0.091846466
0.042302,0.091846466
0.042304,0.091846466
0.042306,0.091846466
0.042308,0.091846466
0.04231,0.091846466
0.042312,0.091846466
0.042314,0.091846466
0.042316,0.091846466
0.042318,0.091846466
0.04232,0.091846466
0.042322,0.091846466
0.042324,0.091846466
0.042326,0.091846466
0.042328,0.091846466
0.04233,0.091846466
0.042332,0.091846466
0.042334,0.091846466
0.042336,0.091846466
0.042338,0.091846466
0.04234,0.091846466
0.042342,0.091846466
0.042344,0.091846466
0.042346,0.091846466
0.042348,0.091846466
0.04235,0.091846466
0.042352,0.091846466
0.042354,0.091846466
0.042356,0.091846466
0.042358,0.091846466
0.04236,0.091846466
0.042362,0.091846466
0.042364,0.091846466
0.042366,0.091846466
0.042368,0.091846466
0.04237,0.091846466
0.042372,0.091846466
0.042374,0.091846466
0.042376,0.091846466
0.042378,0.091846466
0.04238,0.091846466
0.042382,0.091846466
0.042384,0.091846466
0.042386,0.091846466
0.042388,0.091846466
0.04239,0.091846466
0.042392,0.091846466
0.042394,0.091846466
0.042396,0.091846466
0.042398,0.091846466
0.0424,0.091846466
0.042402,0.091846466
0.042404,0.091846466
0.042406,0.091846466
0.042408,0.091846466
0.04241,0.091846466
0.042412,0.091846466
0.042414,0.091846466
0.042416,0.091846466
0.042418,0.091846466
0.04242,0.091846466
0.042422,0.091846466
0.042424,0.091846466
0.042426,0.091846466
0.042427998,0.091846466
0.04243,0.091846466
0.042432,0.091846466
0.042434,0.091846466
0.042436,0.091846466
0.042438,0.091846466
0.04244,0.091846466
0.042442,0.091846466
0.042444,0.091846466
0.042446,0.091846466
0.042448,0.091846466
0.04245,0.091846466
0.042452,0.091846466
0.042454,0.091846466
0.042456,0.091846466
0.042458,0.091846466
0.04246,0.091846466
0.042462,0.091846466
0.042464,0.091846466
0.042466,0.091846466
0.042468,0.091846466
0.04247,0.091846466
0.042472,0.091846466
0.042474,0.091846466
0.042476,0.091846466
0.042478,0.091846466
0.04248,0.091846466
0.042482,0.091846466
0.042484,0.091846466
0.042486,0.091846466
0.042488,0.091846466
0.042489998,0.091846466
0.042492,0.091846466
0.042494,0.091846466
0.042496,0.091846466
0.042498,0.091846466
0.0425,0.091846466
0.042502,0.091846466
0.042504,0.091846466
0.042506,0.091846466
0.042508,0.091846466
0.04251,0.091846466
0.042512,0.091846466
0.042514,0.091846466
0.042516,0.091846466
0.042518,0.091846466
0.04252,0.091846466
0.042522,0.091846466
0.042524,0.091846466
0.042526,0.091846466
0.042528,0.091846466
0.04253,0.091846466
0.042532,0.091846466
0.042534,0.091846466
0.042536,0.091846466
0.042538,0.091846466
0.04254,0.091846466
0.042542,0.091846466
0.042544,0.091846466
0.042546,0.091846466
0.042548,0.091846466
0.04255,0.091846466
0.042551998,0.091846466
0.042554,0.091846466
0.042556,0.091846466
0.042558,0.091846466
0.04256,0.091846466
0.042562,0.091846466
0.042564,0.091846466
0.042566,0.091846466
0.042568,0.091846466
0.04257,0.091846466
0.042572,0.091846466
0.042574,0.091846466
0.042576,0.091846466
0.042578,0.091846466
0.04258,0.091846466
0.042582,0.091846466
0.042584,0.091846466
0.042586,0.091846466
0.042588,0.091846466
0.04259,0.091846466
0.042592,0.091846466
0.042594,0.091846466
0.042596,0.091846466
0.042598,0.091846466
0.0426,0.091846466
0.042602,0.091846466
0.042604,0.091846466
0.042606,0.091846466
0.042608,0.091846466
0.04261,0.091846466
0.042612,0.091846466
0.042613998,0.091846466
0.042616,0.091846466
0.042618,0.091846466
0.04262,0.091846466
0.042622,0.091846466
0.042624,0.091846466
0.042626,0.091846466
0.042628,0.091846466
0.04263,0.091846466
0.042632,0.091846466
0.042634,0.091846466
0.042636,0.091846466
0.042638,0.091846466
0.04264,0.091846466
0.042642,0.091846466
0.042644,0.091846466
0.042646,0.091846466
0.042648,0.091846466
0.04265,0.091846466
0.042652,0.091846466
0.042654,0.091846466
0.042656,0.091846466
0.042658,0.091846466
0.04266,0.091846466
0.042662,0.091846466
0.042664,0.091846466
0.042666,0.091846466
0.042668,0.091846466
0.04267,0.091846466
0.042672,0.091846466
0.042674,0.091846466
0.042675998,0.091846466
0.042678,0.091846466
0.04268,0.091846466
0.042682,0.091846466
0.042684,0.091846466
0.042686,0.091846466
0.042688,0.091846466
0.04269,0.091846466
0.042692,0.091846466
0.042694,0.091846466
0.042696,0.091846466
0.042698,0.091846466
0.0427,0.091846466
0.042702,0.091846466
0.042704,0.091846466
0.042706,0.091846466
0.042708,0.091846466
0.04271,0.091846466
0.042712,0.091846466
0.042714,0.091846466
0.042716,0.091846466
0.042718,0.091846466
0.04272,0.091846466
0.042722,0.091846466
0.042724,0.091846466
0.042726,0.091846466
0.042728,0.091846466
0.04273,0.091846466
0.042732,0.091846466
0.042734,0.091846466
0.042736,0.091846466
0.042737998,0.091846466
0.04274,0.091846466
0.042742,0.091846466
0.042744,0.091846466
0.042746,0.091846466
0.042748,0.091846466
0.04275,0.091846466
0.042752,0.091846466
0.042754,0.091846466
0.042756,0.091846466
0.042758,0.091846466
0.04276,0.091846466
0.042762,0.091846466
0.042764,0.091846466
0.042766,0.091846466
0.042768,0.091846466
0.04277,0.091846466
0.042772,0.091846466
0.042774,0.091846466
0.042776,0.091846466
0.042778,0.091846466
0.04278,0.091846466
0.042782,0.091846466
0.042784,0.091846466
0.042786,0.091846466
0.042788,0.091846466
0.04279,0.091846466
0.042792,0.091846466
0.042794,0.091846466
0.042796,0.091846466
0.042798,0.091846466
0.042799998,0.091846466
0.042802,0.091846466
0.042804,0.091846466
0.042806,0.091846466
0.042808,0.091846466
0.04281,0.091846466
0.042812,0.091846466
0.042814,0.091846466
0.042816,0.091846466
0.042818,0.091846466
0.04282,0.091846466
0.042822,0.091846466
0.042824,0.091846466
0.042826,0.091846466
0.042828,0.091846466
0.04283,0.091846466
0.042832,0.091846466
0.042834,0.091846466
0.042836,0.091846466
0.042838,0.091846466
0.04284,0.091846466
0.042842,0.091846466
0.042844,0.091846466
0.042846,0.091846466
0.042848,0.091846466
0.04285,0.091846466
0.042852,0.091846466
0.042854,0.091846466
0.042856,0.091846466
0.042858,0.091846466
0.04286,0.091846466
0.042861998,0.091846466
0.042864,0.091846466
0.042866,0.091846466
0.042868,0.091846466
0.04287,0.091846466
0.042872,0.091846466
0.042874,0.091846466
0.042876,0.091846466
0.042878,0.091846466
0.04288,0.091846466
0.042882,0.091846466
0.042884,0.091846466
0.042886,0.091846466
0.042888,0.091846466
0.04289,0.091846466
0.042892,0.091846466
0.042894,0.091846466
0.042896,0.091846466
0.042898,0.091846466
0.0429,0.091846466
0.042902,0.091846466
0.042904,0.091846466
0.042906,0.091846466
0.042908,0.091846466
0.04291,0.091846466
0.042912,0.091846466
0.042914,0.091846466
0.042916,0.091846466
0.042918,0.091846466
0.04292,0.091846466
0.042922,0.091846466
0.042923998,0.091846466
0.042926,0.091846466
0.042928,0.091846466
0.04293,0.091846466
0.042932,0.091846466
0.042934,0.091846466
0.042936,0.091846466
0.042938,0.091846466
0.04294,0.091846466
0.042942,0.091846466
0.042944,0.091846466
0.042946,0.091846466
0.042948,0.091846466
0.04295,0.091846466
0.042952,0.091846466
0.042954,0.091846466
0.042956,0.091846466
0.042958,0.091846466
0.04296,0.4154663
0.042962,1.2938623
0.042964,1.3400936
0.042966,1.3400936
0.042968,1.3863249
0.04297,1.3863249
0.042972,1.3863249
0.042974,1.3863249
0.042976,1.3863249
0.042978,1.3863249
0.04298,1.3863249
0.042982,1.3863249
0.042984,1.3863249
0.042985998,1.3863249
0.042988,1.3863249
0.04299,1.3863249
0.042992,1.3863249
0.042994,1.3863249
0.042996,1.3863249
0.042998,1.3863249
0.043,1.3863249
0.043002,1.3863249
0.043004,1.3863249
0.043006,1.3863249
0.043008,1.3863249
0.04301,1.3863249
0.043012,1.3863249
0.043014,1.3863249
0.043016,1.3863249
0.043018,1.3863249
0.04302,1.3863249
0.043022,1.3863249
0.043024,1.3863249
0.043026,1.3863249
0.043028,1.3863249
0.04303,1.3863249
0.043032,1.3863249
0.043034,1.3863249
0.043036,1.3863249
0.043038,1.3863249
0.04304,1.3863249
0.043042,1.3863249
0.043044,1.3863249
0.043046,1.3863249
0.043047998,1.3863249
0.04305,1.3863249
0.043052,1.3863249
0.043054,1.3863249
0.043056,1.3863249
0.043058,1.3863249
0.04306,1.3863249
0.043062,1.3863249
0.043064,1.3863249
0.043066,1.3863249
0.043068,1.3863249
0.04307,1.3863249
0.043072,1.3863249
0.043074,1.3863249
0.043076,1.3863249
0.043078,1.3863249
0.04308,1.3863249
0.043082,1.3863249
0.043084,1.3863249
0.043086,1.3863249
0.043088,1.3863249
0.04309,1.3863249
0.043092,1.3863249
0.043094,1.3863249
0.043096,1.3863249
0.043098,1.3863249
0.0431,1.3863249
0.043102,1.3863249
0.043104,1.3863249
0.043106,1.3863249
0.043108,1.3863249
0.043109998,1.3863249
0.043112,1.3863249
0.043114,1.3863249
0.043116,1.3863249
0.043118,1.3863249
0.04312,1.3863249
0.043122,1.3863249
0.043124,1.3863249
0.043126,1.3863249
0.043128,1.3863249
0.04313,1.3863249
0.043132,1.3863249
0.043134,1.3863249
0.043136,1.3863249
0.043138,1.3863249
0.04314,1.3863249
0.043142,1.3863249
0.043144,1.3863249
0.043146,1.3863249
0.043148,1.3863249
0.04315,1.3863249
0.043152,1.3863249
0.043154,1.3863249
0.043156,1.3863249
0.043158,1.3863249
0.04316,1.3863249
0.043162,1.3863249
0.043164,1.3863249
0.043166,1.3863249
0.043168,1.3863249
0.04317,1.3863249
0.043171998,1.3863249
0.043174,1.3863249
0.043176,1.3863249
0.043178,1.3863249
0.04318,1.3863249
0.043182,1.3863249
0.043184,1.3863249
0.043186,1.3863249
0.043188,1.3863249
0.04319,1.3863249
0.043192,1.3863249
0.043194,1.3863249
0.043196,1.3863249
0.043198,1.3863249
0.0432,1.3863249
0.043202,1.3863249
0.043204,1.3863249
0.043206,1.3863249
0.043208,1.3863249
0.04321,1.3863249
0.043212,1.3863249
0.043214,1.3863249
0.043216,1.3863249
0.043218,1.3863249
0.04322,1.3863249
0.043222,1.3863249
0.043224,1.3863249
0.043226,1.3863249
0.043228,1.3863249
0.04323,1.3863249
0.043232,1.3863249
0.043233998,1.3863249
0.043236,1.3863249
0.043238,1.3863249
0.04324,1.3863249
0.043242,1.3863249
0.043244,1.3863249
0.043246,1.3863249
0.043248,1.3863249
0.04325,1.3863249
0.043252,1.3863249
0.043254,1.3863249
0.043256,1.3863249
0.043258,1.3863249
0.04326,1.3863249
0.043262,1.3863249
0.043264,1.3863249
0.043266,1.3863249
0.043268,1.3863249
0.04327,1.3863249
0.043272,1.3863249
0.043274,1.3863249
0.043276,1.3863249
0.043278,1.3863249
0.04328,1.3863249
0.043282,1.3863249
0.043284,1.3863249
0.043286,1.3863249
0.043288,1.3863249
0.04329,1.3863249
0.043292,1.3863249
0.043294,1.3863249
0.043295998,1.3863249
0.043298,1.3863249
0.0433,1.3863249
0.043302,1.3863249
0.043304,1.3863249
0.043306,1.3863249
0.043308,1.3863249
0.04331,1.3863249
0.043312,1.3863249
0.043314,1.9411016
0.043316,2.6345725
0.043318,2.6345725
0.04332,2.6345725
0.043322,2.6345725
0.043324,2.6345725
0.043326,2.6345725
0.043328,2.6345725
0.04333,2.6345725
0.043332,2.6808028
0.043334,2.6808028
0.043336,2.6808028
0.043338,2.6808028
0.04334,2.6808028
0.043342,2.6808028
0.043344,2.6808028
0.043346,2.6808028
0.043348,2.6808028
0.04335,2.6808028
0.043352,2.6808028
0.043354,2.6808028
0.043356,2.6808028
0.043357998,2.6808028
0.04336,2.6808028
0.043362,2.6808028
0.043364,2.6808028
0.043366,2.6808028
0.043368,2.6808028
0.04337,2.6808028
0.043372,2.6808028
0.043374,2.6808028
0.043376,2.6808028
0.043378,2.6808028
0.04338,2.6808028
0.043382,2.6808028
0.043384,2.6808028
0.043386,2.6808028
0.043388,2.6808028
0.04339,2.6808028
0.043392,2.6808028
0.043394,2.6808028
0.043396,2.6808028
0.043398,2.6808028
0.0434,2.6808028
0.043402,2.6808028
0.043404,2.6808028
0.043406,2.6808028
0.043408,2.6808028
0.04341,2.6808028
0.043412,2.6808028
0.043414,2.6808028
0.043416,2.6808028
0.043418,2.6808028
0.04342,2.6808028
0.043422,2.6808028
0.043424,2.6808028
0.043426,2.6808028
0.043428,2.6808028
0.04343,2.6808028
0.043432,2.6808028
0.043434,2.6808028
0.043436,2.6808028
0.043438,2.6808028
0.04344,2.6808028
0.043442,2.6808028
0.043444,2.6808028
0.043446,2.6808028
0.043448,2.6808028
0.04345,2.6808028
0.043452,2.6808028
0.043454,2.6808028
0.043456,2.6808028
0.043458,2.6808028
0.04346,2.6808028
0.043462,2.6808028
0.043464,2.6808028
0.043466,2.6808028
0.043468,2.6808028
0.04347,2.6808028
0.043472,2.6808028
0.043474,2.6808028
0.043476,2.6808028
0.043478,2.6808028
0.04348,2.6808028
0.043482,2.6808028
0.043484,2.6808028
0.043486,2.6808028
0.043488,2.6808028
0.04349,2.6808028
0.043492,2.6808028
0.043494,2.6808028
0.043496,2.6808028
0.043498,2.6808028
0.0435,2.6808028
0.043502,2.6808028
0.043504,2.6808028
0.043506,2.6808028
0.043508,2.6808028
0.04351,2.6808028
0.043512,2.6808028
0.043514,2.6808028
0.043516,2.6808028
0.043518,2.6808028
0.04352,2.6808028
0.043522,2.6808028
0.043524,2.6808028
0.043526,2.6808028
0.043527998,2.6808028
0.04353,2.6808028
0.043532,2.6808028
0.043534,2.6808028
0.043536,2.6808028
0.043538,2.6808028
0.04354,2.6808028
0.043542,2.6808028
0.043544,2.6808028
0.043546,2.6808028
0.043548,2.6808028
0.04355,2.6808028
0.043552,2.6808028
0.043554,2.6808028
0.043556,2.6808028
0.043558,2.6808028
0.04356,2.6808028
0.043562,2.6808028
0.043564,2.6808028
0.043566,2.6808028
0.043568,2.6808028
0.04357,2.6808028
0.043572,2.6808028
0.043574,2.6808028
0.043576,2.6808028
0.043578,2.6808028
0.04358,2.6808028
0.043582,2.6808028
0.043584,2.6808028
0.043586,2.6808028
0.043588,2.6808028
0.043589998,2.6808028
0.043592,2.6808028
0.043594,2.6808028
0.043596,2.6808028
0.043598,2.6808028
0.0436,2.6808028
0.043602,2.6808028
0.043604,2.6808028
0.043606,2.6808028
0.043608,2.6808028
0.04361,2.6808028
0.043612,2.6808028
0.043614,2.6808028
0.043616,2.6808028
0.043618,2.6808028
0.04362,2.6808028
0.043622,2.6808028
0.043624,2.6808028
0.043626,2.6808028
0.043628,2.6808028
0.04363,2.6808028
0.043632,2.6808028
0.043634,2.6808028
0.043636,2.6808028
0.043638,2.6808028
0.04364,2.6808028
0.043642,2.6808028
0.043644,2.6808028
0.043646,2.6808028
0.043648,2.6808028
0.04365,2.6808028
0.043651998,2.6808028
0.043654,2.6808028
0.043656,2.6808028
0.043658,2.6808028
0.04366,2.6808028
0.043662,2.6808028
0.043664,2.6808028
0.043666,2.6808028
0.043668,3.4667363
0.04367,3.92905
0.043672,3.92905
0.043674,3.92905
0.043676,3.9752812
0.043678,3.9752812
0.04368,3.9752812
0.043682,3.9752812
0.043684,3.9752812
0.043686,3.9752812
0.043688,3.9752812
0.04369,3.9752812
0.043692,3.9752812
0.043694,3.9752812
0.043696,3.9752812
0.043698,3.9752812
0.0437,3.9752812
0.043702,3.9752812
0.043704,3.9752812
0.043706,3.9752812
0.043708,3.9752812
0.04371,3.9752812
0.043712,3.9752812
0.043713998,3.9752812
0.043716,3.9752812
0.043718,3.9752812
0.04372,3.9752812
0.043722,3.9752812
0.043724,3.9752812
0.043726,3.9752812
0.043728,3.9752812
0.04373,3.9752812
0.043732,3.9752812
0.043734,3.9752812
0.043736,3.9752812
0.043738,3.9752812
0.04374,3.9752812
0.043742,3.9752812
0.043744,3.9752812
0.043746,3.9752812
0.043748,3.9752812
0.04375,3.9752812
0.043752,3.9752812
0.043754,3.9752812
0.043756,3.9752812
0.043758,3.9752812
0.04376,3.9752812
0.043762,3.9752812
0.043764,3.9752812
0.043766,3.9752812
0.043768,3.9752812
0.04377,3.9752812
0.043772,3.9752812
0.043774,3.9752812
0.043775998,3.9752812
0.043778,3.9752812
0.04378,3.9752812
0.043782,3.9752812
0.043784,3.9752812
0.043786,3.9752812
0.043788,3.9752812
0.04379,3.9752812
0.043792,3.9752812
0.043794,3.9752812
0.043796,3.9752812
0.043798,3.9752812
0.0438,3.9752812
0.043802,3.9752812
0.043804,3.9752812
0.043806,3.9752812
0.043808,3.9752812
0.04381,3.9752812
0.043812,3.9752812
0.043814,3.9752812
0.043816,3.9752812
0.043818,3.9752812
0.04382,3.9752812
0.043822,3.9752812
0.043824,3.9752812
0.043826,3.9752812
0.043828,3.9752812
0.04383,3.9752812
0.043832,3.9752812
0.043834,3.9752812
0.043836,3.9752812
0.043837998,3.9752812
0.04384,3.9752812
0.043842,3.9752812
0.043844,3.9752812
0.043846,3.9752812
0.043848,3.9752812
0.04385,3.9752812
0.043852,3.9752812
0.043854,3.9752812
0.043856,3.9752812
0.043858,3.9752812
0.04386,3.9752812
0.043862,3.9752812
0.043864,3.9752812
0.043866,3.9752812
0.043868,3.9752812
0.04387,3.9752812
0.043872,3.9752812
0.043874,3.9752812
0.043876,3.9752812
0.043878,3.9752812
0.04388,3.9752812
0.043882,3.9752812
0.043884,3.9752812
0.043886,3.9752812
0.043888,3.9752812
0.04389,3.9752812
0.043892,3.9752812
0.043894,3.9752812
0.043896,3.9752812
0.043898,3.9752812
0.043899998,3.9752812
0.043902,3.9752812
0.043904,3.9752812
0.043906,3.9752812
0.043908,3.9752812
0.04391,3.9752812
0.043912,3.9752812
0.043914,3.9752812
0.043916,3.9752812
0.043918,3.9752812
0.04392,3.9752812
0.043922,3.9752812
0.043924,3.9752812
0.043926,3.9752812
0.043928,3.9752812
0.04393,3.9752812
0.043932,3.9752812
0.043934,3.9752812
0.043936,3.9752812
0.043938,3.9752812
0.04394,3.9752812
0.043942,3.9752812
0.043944,3.9752812
0.043946,3.9752812
0.043948,3.9752812
0.04395,3.9752812
0.043952,3.9752812
0.043954,3.9752812
0.043956,3.9752812
0.043958,3.9752812
0.04396,3.9752812
0.043961998,3.9752812
0.043964,3.9752812
0.043966,3.9752812
0.043968,3.9752812
0.04397,3.9752812
0.043972,3.9752812
0.043974,3.9752812
0.043976,3.9752812
0.043978,3.9752812
0.04398,3.9752812
0.043982,3.9752812
0.043984,3.9752812
0.043986,3.9752812
0.043988,3.9752812
0.04399,3.9752812
0.043992,3.9752812
0.043994,3.9752812
0.043996,3.9752812
0.043998,3.9752812
0.044,3.9752812
0.044002,3.9752812
0.044004,3.9752812
0.044006,3.9752812
0.044008,3.9752812
0.04401,3.9752812
0.044012,3.9752812
0.044014,3.9752812
0.044016,3.9752812
0.044018,3.9752812
0.04402,3.9752812
0.044022,3.9752812
0.044023998,3.9752812
0.044026,3.9752812
0.044028,3.9752812
0.04403,3.9752812
0.044032,3.9752812
0.044034,3.9752812
0.044036,3.9752812
0.044038,3.9752812
0.04404,3.9752812
0.044042,3.9752812
0.044044,3.9752812
0.044046,3.9752812
0.044048,3.9752812
0.04405,3.9752812
0.044052,3.9752812
0.044054,3.9752812
0.044056,3.9752812
0.044058,3.9752812
0.04406,3.9752812
0.044062,3.9752812
0.044064,3.9752812
0.044066,3.9752812
0.044068,3.9752812
0.04407,3.9752812
0.044072,3.9752812
0.044074,3.9752812
0.044076,3.9752812
0.044078,3.9752812
0.04408,3.9752812
0.044082,3.9752812
0.044084,3.9752812
0.044085998,3.9752812
0.044088,3.9752812
0.04409,3.9752812
0.044092,3.9752812
0.044094,3.9752812
0.044096,3.9752812
0.044098,3.9752812
0.0441,3.9752812
0.044102,3.9752812
0.044104,3.9752812
0.044106,3.9752812
0.044108,3.9752812
0.04411,3.9752812
0.044112,3.9752812
0.044114,3.9752812
0.044116,3.9752812
0.044118,3.9752812
0.04412,3.9752812
0.044122,3.9752812
0.044124,3.9752812
0.044126,3.9752812
0.044128,3.9752812
0.04413,3.9752812
0.044132,3.9752812
0.044134,3.9752812
0.044136,3.9752812
0.044138,3.9752812
0.04414,3.9752812
0.044142,3.9752812
0.044144,3.9752812
0.044146,3.9752812
0.044147998,3.9752812
0.04415,3.9752812
0.044152,3.9752812
0.044154,3.9752812
0.044156,3.9752812
0.044158,3.9752812
0.04416,3.9752812
0.044162,3.9752812
0.044164,3.9752812
0.044166,3.9752812
0.044168,3.9752812
0.04417,3.9752812
0.044172,3.9752812
0.044174,3.9752812
0.044176,3.9752812
0.044178,3.9752812
0.04418,3.9752812
0.044182,3.9752812
0.044184,3.9752812
0.044186,3.9752812
0.044188,3.9752812
0.04419,3.9752812
0.044192,3.9752812
0.044194,3.9752812
0.044196,3.9752812
0.044198,3.9752812
0.0442,3.9752812
0.044202,3.9752812
0.044204,3.9752812
0.044206,3.9752812
0.044208,3.9752812
0.044209998,3.9752812
0.044212,3.9752812
0.044214,3.9752812
0.044216,3.9752812
0.044218,3.9752812
0.04422,3.9752812
0.044222,3.9752812
0.044224,3.9752812
0.044226,3.9752812
0.044228,3.9752812
0.04423,3.9752812
0.044232,3.9752812
0.044234,3.9752812
0.044236,3.9752812
0.044238,3.9752812
0.04424,3.9752812
0.044242,3.9752812
0.044244,3.9752812
0.044246,3.9752812
0.044248,3.9752812
0.04425,3.9752812
0.044252,3.9752812
0.044254,3.9752812
0.044256,3.9752812
0.044258,3.9752812
0.04426,3.9752812
0.044262,3.9752812
0.044264,3.9752812
0.044266,3.9752812
0.044268,3.9752812
0.04427,3.9752812
0.044271998,3.9752812
0.044274,3.9752812
0.044276,3.9752812
0.044278,3.9752812
0.04428,3.9752812
0.044282,3.9752812
0.044284,3.9752812
0.044286,3.9752812
0.044288,3.9752812
0.04429,3.9752812
0.044292,3.9752812
0.044294,3.9752812
0.044296,3.9752812
0.044298,3.9752812
0.0443,3.9752812
0.044302,3.9752812
0.044304,3.9752812
0.044306,3.9752812
0.044308,3.9752812
0.04431,3.9752812
0.044312,3.9752812
0.044314,3.9752812
0.044316,3.9752812
0.044318,3.9752812
0.04432,3.9752812
0.044322,3.9752812
0.044324,3.9752812
0.044326,3.9752812
0.044328,3.9752812
0.04433,3.9752812
0.044332,3.9752812
0.044333998,3.9752812
0.044336,3.9752812
0.044338,3.9752812
0.04434,3.9752812
0.044342,3.9752812
0.044344,3.9752812
0.044346,3.9752812
0.044348,3.9752812
0.04435,3.9752812
0.044352,3.9752812
0.044354,3.9752812
0.044356,3.9752812
0.044358,3.9752812
0.04436,3.9752812
0.044362,3.9752812
0.044364,3.9752812
0.044366,3.9752812
0.044368,3.9752812
0.04437,3.9752812
0.044372,3.9752812
0.044374,3.9752812
0.044376,3.9752812
0.044378,3.9752812
0.04438,3.9752812
0.044382,3.9752812
0.044384,3.9752812
0.044386,3.9752812
0.044388,3.9752812
0.04439,3.9752812
0.044392,3.9752812
0.044394,3.9752812
0.044395998,3.9752812
0.044398,3.9752812
0.0444,3.9752812
0.044402,3.9752812
0.044404,3.9752812
0.044406,3.9752812
0.044408,3.9752812
0.04441,3.9752812
0.044412,3.9752812
0.044414,3.9752812
0.044416,3.9752812
0.044418,3.9752812
0.04442,3.9752812
0.044422,3.9752812
0.044424,3.9752812
0.044426,3.9752812
0.044428,3.9752812
0.04443,3.9752812
0.044432,3.9752812
0.044434,3.9752812
0.044436,3.9752812
0.044438,3.9752812
0.04444,3.9752812
0.044442,3.9752812
0.044444,3.9752812
0.044446,3.9752812
0.044448,3.9752812
0.04445,3.9752812
0.044452,3.9752812
0.044454,3.9752812
0.044456,3.9752812
0.044457998,3.9752812
0.04446,3.9752812
0.044462,3.9752812
0.044464,3.9752812
0.044466,3.9752812
0.044468,3.9752812
0.04447,3.9752812
0.044472,3.9752812
0.044474,3.9752812
0.044476,3.9752812
0.044478,3.9752812
0.04448,3.9752812
0.044482,3.9752812
0.044484,3.9752812
0.044486,3.9752812
0.044488,3.9752812
0.04449,3.9752812
0.044492,3.9752812
0.044494,3.9752812
0.044496,3.9752812
0.044498,3.9752812
0.0445,3.9752812
0.044502,3.9752812
0.044504,3.9752812
0.044506,3.9752812
0.044508,3.9752812
0.04451,3.9752812
0.044512,3.9752812
0.044514,3.9752812
0.044516,3.9752812
0.044518,3.9752812
0.044519998,3.9752812
0.044522,3.9752812
0.044524,3.9752812
0.044526,3.9752812
0.044528,3.9752812
0.04453,3.9752812
0.044532,3.9752812
0.044534,3.9752812
0.044536,3.9752812
0.044538,3.9752812
0.04454,3.9752812
0.044542,3.9752812
0.044544,3.9752812
0.044546,3.9752812
0.044548,3.9752812
0.04455,3.9752812
0.044552,3.9752812
0.044554,3.9752812
0.044556,3.9752812
0.044558,3.9752812
0.04456,3.9752812
0.044562,3.9752812
0.044564,3.9752812
0.044566,3.9752812
0.044568,3.9752812
0.04457,3.9752812
0.044572,3.9752812
0.044574,3.9752812
0.044576,3.9752812
0.044578,3.9752812
0.04458,3.9752812
0.044582,3.9752812
0.044584,3.9752812
0.044586,3.9752812
0.044588,3.9752812
0.04459,3.9752812
0.044592,3.9752812
0.044594,3.9752812
0.044596,3.9752812
0.044598,3.9752812
0.0446,3.9752812
0.044602,3.9752812
0.044604,3.9752812
0.044606,3.9752812
0.044608,3.9752812
0.04461,3.9752812
0.044612,3.9752812
0.044614,3.9752812
0.044616,3.9752812
0.044618,3.9752812
0.04462,3.9752812
0.044622,3.9752812
0.044624,3.9752812
0.044626,3.9752812
0.044628,3.9752812
0.04463,3.9752812
0.044632,3.9752812
0.044634,3.9752812
0.044636,3.9752812
0.044638,3.9752812
0.04464,3.9752812
0.044642,3.9752812
0.044644,3.9752812
0.044646,3.9752812
0.044648,3.9752812
0.04465,3.9752812
0.044652,3.9752812
0.044654,3.9752812
0.044656,3.9752812
0.044658,3.9752812
0.04466,3.9752812
0.044662,3.9752812
0.044664,3.9752812
0.044666,3.9752812
0.044668,3.9752812
0.04467,3.9752812
0.044672,3.9752812
0.044674,3.9752812
0.044676,3.9752812
0.044678,3.9752812
0.04468,3.9752812
0.044682,3.9752812
0.044684,3.9752812
0.044686,3.9752812
0.044688,3.9752812
0.044689998,3.9752812
0.044692,3.9752812
0.044694,3.9752812
0.044696,3.9752812
0.044698,3.9752812
0.0447,3.9752812
0.044702,3.9752812
0.044704,3.9752812
0.044706,3.9752812
0.044708,3.9752812
0.04471,3.9752812
0.044712,3.9752812
0.044714,3.9752812
0.044716,3.9752812
0.044718,3.9752812
0.04472,3.9752812
0.044722,3.9752812
0.044724,3.9752812
0.044726,3.9752812
0.044728,3.9752812
0.04473,3.9752812
0.044732,3.9752812
0.044734,3.9752812
0.044736,3.9752812
0.044738,3.9752812
0.04474,3.9752812
0.044742,3.9752812
0.044744,3.9752812
0.044746,3.9752812
0.044748,3.9752812
0.04475,3.9752812
0.044751998,3.9752812
0.044754,3.9752812
0.044756,3.9752812
0.044758,3.9752812
0.04476,3.9752812
0.044762,3.9752812
0.044764,3.9752812
0.044766,3.9752812
0.044768,3.9752812
0.04477,3.9752812
0.044772,3.9752812
0.044774,3.9752812
0.044776,3.9752812
0.044778,3.9752812
0.04478,3.9752812
0.044782,3.9752812
0.044784,2.9119601
0.044786,2.727035
0.044788,2.727035
0.04479,2.727035
0.044792,2.727035
0.044794,2.727035
0.044796,2.727035
0.044798,2.727035
0.0448,2.727035
0.044802,2.6808028
0.044804,2.6808028
0.044806,2.6808028
0.044808,2.6808028
0.04481,2.6808028
0.044812,2.6808028
0.044813998,2.6808028
0.044816,2.6808028
0.044818,2.6808028
0.04482,2.6808028
0.044822,2.6808028
0.044824,2.6808028
0.044826,2.6808028
0.044828,2.6808028
0.04483,2.6808028
0.044832,2.6808028
0.044834,2.6808028
0.044836,2.6808028
0.044838,2.6808028
0.04484,2.6808028
0.044842,2.6808028
0.044844,2.6808028
0.044846,2.6808028
0.044848,2.6808028
0.04485,2.6808028
0.044852,2.6808028
0.044854,2.6808028
0.044856,2.6808028
0.044858,2.6808028
0.04486,2.6808028
0.044862,2.6808028
0.044864,2.6808028
0.044866,2.6808028
0.044868,2.6808028
0.04487,2.6808028
0.044872,2.6808028
0.044874,2.6808028
0.044875998,2.6808028
0.044878,2.6808028
0.04488,2.6808028
0.044882,2.6808028
0.044884,2.6808028
0.044886,2.6808028
0.044888,2.6808028
0.04489,2.6808028
0.044892,2.6808028
0.044894,2.6808028
0.044896,2.6808028
0.044898,2.6808028
0.0449,2.6808028
0.044902,2.6808028
0.044904,2.6808028
0.044906,2.6808028
0.044908,2.6808028
0.04491,2.6808028
0.044912,2.6808028
0.044914,2.6808028
0.044916,2.6808028
0.044918,2.6808028
0.04492,2.6808028
0.044922,2.6808028
0.044924,2.6808028
0.044926,2.6808028
0.044928,2.6808028
0.04493,2.6808028
0.044932,2.6808028
0.044934,2.6808028
0.044936,2.6808028
0.044937998,2.6808028
0.04494,2.6808028
0.044942,2.6808028
0.044944,2.6808028
0.044946,2.6808028
0.044948,2.6808028
0.04495,2.6808028
0.044952,2.6808028
0.044954,2.6808028
0.044956,2.6808028
0.044958,2.6808028
0.04496,2.6808028
0.044962,2.6808028
0.044964,2.6808028
0.044966,2.6808028
0.044968,2.6808028
0.04497,2.6808028
0.044972,2.6808028
0.044974,2.6808028
0.044976,2.6808028
0.044978,2.6808028
0.04498,2.6808028
0.044982,2.6808028
0.044984,2.6808028
0.044986,2.6808028
0.044988,2.6808028
0.04499,2.6808028
0.044992,2.6808028
0.044994,2.6808028
0.044996,2.6808028
0.044998,2.6808028
0.044999998,2.6808028
0.045002,2.6808028
0.045004,2.6808028
0.045006,2.6808028
0.045008,2.6808028
0.04501,2.6808028
0.045012,2.6808028
0.045014,2.6808028
0.045016,2.6808028
0.045018,2.6808028
0.04502,2.6808028
0.045022,2.6808028
0.045024,2.6808028
0.045026,2.6808028
0.045028,2.6808028
0.04503,2.6808028
0.045032,2.6808028
0.045034,2.6808028
0.045036,2.6808028
0.045038,2.6808028
0.04504,2.6808028
0.045042,2.6808028
0.045044,2.6808028
0.045046,2.6808028
0.045048,2.6808028
0.04505,2.6808028
0.045052,2.6808028
0.045054,2.6808028
0.045056,2.6808028
0.045058,2.6808028
0.04506,2.6808028
0.045061998,2.6808028
0.045064,2.6808028
0.045066,2.6808028
0.045068,2.6808028
0.04507,2.6808028
0.045072,2.6808028
0.045074,2.6808028
0.045076,2.6808028
0.045078,2.6808028
0.04508,2.6808028
0.045082,2.6808028
0.045084,2.6808028
0.045086,2.6808028
0.045088,2.6808028
0.04509,2.6808028
0.045092,2.6808028
0.045094,2.6808028
0.045096,2.6808028
0.045098,2.6808028
0.0451,2.6808028
0.045102,2.6808028
0.045104,2.6808028
0.045106,2.6808028
0.045108,2.6808028
0.04511,2.0797954
0.045112,1.4787879
0.045114,1.4325566
0.045116,1.4325566
0.045118,1.4325566
0.04512,1.4325566
0.045122,1.4325566
0.045123998,1.4325566
0.045126,1.4325566
0.045128,1.4325566
0.04513,1.4325566
0.045132,1.4325566
0.045134,1.4325566
0.045136,1.4325566
0.045138,1.4325566
0.04514,1.4325566
0.045142,1.4325566
0.045144,1.4325566
0.045146,1.4325566
0.045148,1.4325566
0.04515,1.4325566
0.045152,1.3863249
0.045154,1.3863249
0.045156,1.3863249
0.045158,1.3863249
0.04516,1.3863249
0.045162,1.3863249
0.045164,1.3863249
0.045166,1.3863249
0.045168,1.3863249
0.04517,1.3863249
0.045172,1.3863249
0.045174,1.3863249
0.045176,1.3863249
0.045178,1.3863249
0.04518,1.3863249
0.045182,1.3863249
0.045184,1.3863249
0.045185998,1.3863249
0.045188,1.3863249
0.04519,1.3863249
0.045192,1.3863249
0.045194,1.3863249
0.045196,1.3863249
0.045198,1.3863249
0.0452,1.3863249
0.045202,1.3863249
0.045204,1.3863249
0.045206,1.3863249
0.045208,1.3863249
0.04521,1.3863249
0.045212,1.3863249
0.045214,1.3863249
0.045216,1.3863249
0.045218,1.3863249
0.04522,1.3863249
0.045222,1.3863249
0.045224,1.3863249
0.045226,1.3863249
0.045228,1.3863249
0.04523,1.3863249
0.045232,1.3863249
0.045234,1.3863249
0.045236,1.3863249
0.045238,1.3863249
0.04524,1.3863249
0.045242,1.3863249
0.045244,1.3863249
0.045246,1.3863249
0.045247998,1.3863249
0.04525,1.3863249
0.045252,1.3863249
0.045254,1.3863249
0.045256,1.3863249
0.045258,1.3863249
0.04526,1.3863249
0.045262,1.3863249
0.045264,1.3863249
0.045266,1.3863249
0.045268,1.3863249
0.04527,1.3863249
0.045272,1.3863249
0.045274,1.3863249
0.045276,1.3863249
0.045278,1.3863249
0.04528,1.3863249
0.045282,1.3863249
0.045284,1.3863249
0.045286,1.3863249
0.045288,1.3863249
0.04529,1.3863249
0.045292,1.3863249
0.045294,1.3863249
0.045296,1.3863249
0.045298,1.3863249
0.0453,1.3863249
0.045302,1.3863249
0.045304,1.3863249
0.045306,1.3863249
0.045308,1.3863249
0.045309998,1.3863249
0.045312,1.3863249
0.045314,1.3863249
0.045316,1.3863249
0.045318,1.3863249
0.04532,1.3863249
0.045322,1.3863249
0.045324,1.3863249
0.045326,1.3863249
0.045328,1.3863249
0.04533,1.3863249
0.045332,1.3863249
0.045334,1.3863249
0.045336,1.3863249
0.045338,1.3863249
0.04534,1.3863249
0.045342,1.3863249
0.045344,1.3863249
0.045346,1.3863249
0.045348,1.3863249
0.04535,1.3863249
0.045352,1.3863249
0.045354,1.3863249
0.045356,1.3863249
0.045358,1.3863249
0.04536,1.3863249
0.045362,1.3863249
0.045364,1.3863249
0.045366,1.3863249
0.045368,1.3863249
0.04537,1.3863249
0.045371998,1.3863249
0.045374,1.3863249
0.045376,1.3863249
0.045378,1.3863249
0.04538,1.3863249
0.045382,1.3863249
0.045384,1.3863249
0.045386,1.3863249
0.045388,1.3863249
0.04539,1.3863249
0.045392,1.3863249
0.045394,1.3863249
0.045396,1.3863249
0.045398,1.3863249
0.0454,1.3863249
0.045402,1.3863249
0.045404,1.3863249
0.045406,1.3863249
0.045408,1.3863249
0.04541,1.3863249
0.045412,1.3863249
0.045414,1.3863249
0.045416,1.3863249
0.045418,1.3863249
0.04542,1.3863249
0.045422,1.3863249
0.045424,1.3863249
0.045426,1.3863249
0.045428,1.3863249
0.04543,1.3863249
0.045432,1.3863249
0.045433998,1.3863249
0.045436,1.3863249
0.045438,1.3863249
0.04544,1.3863249
0.045442,1.3863249
0.045444,1.3863249
0.045446,1.3863249
0.045448,1.3863249
0.04545,1.3863249
0.045452,1.3863249
0.045454,1.3863249
0.045456,1.3863249
0.045458,1.3863249
0.04546,1.3863249
0.045462,1.3863249
0.045464,1.3863249
0.045466,1.3863249
0.045468,1.3863249
0.04547,1.3863249
0.045472,1.3863249
0.045474,1.3863249
0.045476,1.3863249
0.045478,1.3863249
0.04548,1.3863249
0.045482,1.3863249
0.045484,1.3863249
0.045486,1.3863249
0.045488,1.3863249
0.04549,1.3863249
0.045492,0.23054075
0.045494,0.13807821
0.045495998,0.13807821
0.045498,0.13807821
0.0455,0.13807821
0.045502,0.13807821
0.045504,0.13807821
0.045506,0.13807821
0.045508,0.13807821
0.04551,0.13807821
0.045512,0.13807821
0.045514,0.13807821
0.045516,0.091846466
0.045518,0.13807821
0.04552,0.091846466
0.045522,0.091846466
0.045524,0.091846466
0.045526,0.091846466
0.045528,0.091846466
0.04553,0.091846466
0.045532,0.091846466
0.045534,0.091846466
0.045536,0.091846466
0.045538,0.091846466
0.04554,0.091846466
0.045542,0.091846466
0.045544,0.091846466
0.045546,0.091846466
0.045548,0.091846466
0.04555,0.091846466
0.045552,0.091846466
0.045554,0.091846466
0.045556,0.091846466
0.045557998,0.091846466
0.04556,0.091846466
0.045562,0.091846466
0.045564,0.091846466
0.045566,0.091846466
0.045568,0.091846466
0.04557,0.091846466
0.045572,0.091846466
0.045574,0.091846466
0.045576,0.091846466
0.045578,0.091846466
0.04558,0.091846466
0.045582,0.091846466
0.045584,0.091846466
0.045586,0.091846466
0.045588,0.091846466
0.04559,0.091846466
0.045592,0.091846466
0.045594,0.091846466
0.045596,0.091846466
0.045598,0.091846466
0.0456,0.091846466
0.045602,0.091846466
0.045604,0.091846466
0.045606,0.091846466
0.045608,0.091846466
0.04561,0.091846466
0.045612,0.091846466
0.045614,0.091846466
0.045616,0.091846466
0.045618,0.091846466
0.045619998,0.091846466
0.045622,0.091846466
0.045624,0.091846466
0.045626,0.091846466
0.045628,0.091846466
0.04563,0.091846466
0.045632,0.091846466
0.045634,0.091846466
0.045636,0.091846466
0.045638,0.091846466
0.04564,0.091846466
0.045642,0.091846466
0.045644,0.091846466
0.045646,0.091846466
0.045648,0.091846466
0.04565,0.091846466
0.045652,0.091846466
0.045654,0.091846466
0.045656,0.091846466
0.045658,0.091846466
0.04566,0.091846466
0.045662,0.091846466
0.045664,0.091846466
0.045666,0.091846466
0.045668,0.091846466
0.04567,0.091846466
0.045672,0.091846466
0.045674,0.091846466
0.045676,0.091846466
0.045678,0.091846466
0.04568,0.091846466
0.045681998,0.091846466
0.045684,0.091846466
0.045686,0.091846466
0.045688,0.091846466
0.04569,0.091846466
0.045692,0.091846466
0.045694,0.091846466
0.045696,0.091846466
0.045698,0.091846466
0.0457,0.091846466
0.045702,0.091846466
0.045704,0.091846466
0.045706,0.091846466
0.045708,0.091846466
0.04571,0.091846466
0.045712,0.091846466
0.045714,0.091846466
0.045716,0.091846466
0.045718,0.091846466
0.04572,0.091846466
0.045722,0.091846466
0.045724,0.091846466
0.045726,0.091846466
0.045728,0.091846466
0.04573,0.091846466
0.045732,0.091846466
0.045734,0.091846466
0.045736,0.091846466
0.045738,0.091846466
0.04574,0.091846466
0.045742,0.091846466
0.045744,0.091846466
0.045746,0.091846466
0.045748,0.091846466
0.04575,0.091846466
0.045752,0.091846466
0.045754,0.091846466
0.045756,0.091846466
0.045758,0.091846466
0.04576,0.091846466
0.045762,0.091846466
0.045764,0.091846466
0.045766,0.091846466
0.045768,0.091846466
0.04577,0.091846466
0.045772,0.091846466
0.045774,0.091846466
0.045776,0.091846466
0.045778,0.091846466
0.04578,0.091846466
0.045782,0.091846466
0.045784,0.091846466
0.045786,0.091846466
0.045788,0.091846466
0.045789998,0.091846466
0.045792,0.091846466
0.045794,0.091846466
0.045796,0.091846466
0.045798,0.091846466
0.0458,0.091846466
0.045802,0.091846466
0.045804,0.091846466
0.045806,0.091846466
0.045808,0.091846466
0.04581,0.091846466
0.045812,0.091846466
0.045814,0.091846466
0.045816,0.091846466
0.045818,0.091846466
0.04582,0.091846466
0.045822,0.091846466
0.045824,0.091846466
0.045826,0.091846466
0.045828,0.091846466
0.04583,0.091846466
0.045832,0.091846466
0.045834,0.091846466
0.045836,0.091846466
0.045838,0.091846466
0.04584,0.091846466
0.045842,0.091846466
0.045844,0.091846466
0.045846,0.091846466
0.045848,0.091846466
0.04585,0.091846466
0.045851998,0.091846466
0.045854,0.091846466
0.045856,0.091846466
0.045858,0.091846466
0.04586,0.091846466
0.045862,0.091846466
0.045864,0.091846466
0.045866,0.091846466
0.045868,0.091846466
0.04587,0.091846466
0.045872,0.091846466
0.045874,0.091846466
0.045876,0.091846466
0.045878,0.091846466
0.04588,0.091846466
0.045882,0.091846466
0.045884,0.091846466
0.045886,0.091846466
0.045888,0.091846466
0.04589,0.091846466
0.045892,0.091846466
0.045894,0.091846466
0.045896,0.091846466
0.045898,0.091846466
0.0459,0.091846466
0.045902,0.091846466
0.045904,0.091846466
0.045906,0.091846466
0.045908,0.091846466
0.04591,0.091846466
0.045912,0.091846466
0.045913998,0.091846466
0.045916,0.091846466
0.045918,0.091846466
0.04592,0.091846466
0.045922,0.091846466
0.045924,0.091846466
0.045926,0.091846466
0.045928,0.091846466
0.04593,0.091846466
0.045932,0.091846466
0.045934,0.091846466
0.045936,0.091846466
0.045938,0.091846466
0.04594,0.091846466
0.045942,0.091846466
0.045944,0.091846466
0.045946,0.091846466
0.045948,0.091846466
0.04595,0.091846466
0.045952,0.091846466
0.045954,0.091846466
0.045956,0.091846466
0.045958,0.091846466
0.04596,0.091846466
0.045962,0.091846466
0.045964,0.091846466
0.045966,0.091846466
0.045968,0.091846466
0.04597,0.091846466
0.045972,0.091846466
0.045974,0.091846466
0.045975998,0.091846466
0.045978,0.091846466
0.04598,0.091846466
0.045982,0.091846466
0.045984,0.091846466
0.045986,0.091846466
0.045988,0.091846466
0.04599,0.091846466
0.045992,0.091846466
0.045994,0.091846466
0.045996,0.091846466
0.045998,0.091846466
0.046,0.091846466
0.046002,0.091846466
0.046004,0.091846466
0.046006,0.091846466
0.046008,0.091846466
0.04601,0.091846466
0.046012,0.091846466
0.046014,0.091846466
0.046016,0.091846466
0.046018,0.091846466
0.04602,0.091846466
0.046022,0.091846466
0.046024,0.091846466
0.046026,0.091846466
0.046028,0.091846466
0.04603,0.091846466
0.046032,0.091846466
0.046034,0.091846466
0.046036,0.091846466
0.046037998,0.091846466
0.04604,0.091846466
0.046042,0.091846466
0.046044,0.091846466
0.046046,0.091846466
0.046048,0.091846466
0.04605,0.091846466
0.046052,0.091846466
0.046054,0.091846466
0.046056,0.091846466
0.046058,0.091846466
0.04606,0.091846466
0.046062,0.091846466
0.046064,0.091846466
0.046066,0.091846466
0.046068,0.091846466
0.04607,0.091846466
0.046072,0.091846466
0.046074,0.091846466
0.046076,0.091846466
0.046078,0.091846466
0.04608,0.091846466
0.046082,0.091846466
0.046084,0.091846466
0.046086,0.091846466
0.046088,0.091846466
0.04609,0.091846466
0.046092,0.091846466
0.046094,0.091846466
0.046096,0.091846466
0.046098,0.091846466
0.046099998,0.091846466
0.046102,0.091846466
0.046104,0.091846466
0.046106,0.091846466
0.046108,0.091846466
0.04611,0.091846466
0.046112,0.091846466
0.046114,0.091846466
0.046116,0.091846466
0.046118,0.091846466
0.04612,0.091846466
0.046122,0.091846466
0.046124,0.091846466
0.046126,0.091846466
0.046128,0.091846466
0.04613,0.091846466
0.046132,0.091846466
0.046134,0.091846466
0.046136,0.091846466
0.046138,0.091846466
0.04614,0.091846466
0.046142,0.091846466
0.046144,0.091846466
0.046146,0.091846466
0.046148,0.091846466
0.04615,0.091846466
0.046152,0.091846466
0.046154,0.091846466
0.046156,0.091846466
0.046158,0.091846466
0.04616,0.091846466
0.046161998,0.091846466
0.046164,0.091846466
0.046166,0.091846466
0.046168,0.091846466
0.04617,0.091846466
0.046172,0.091846466
0.046174,0.091846466
0.046176,0.091846466
0.046178,0.091846466
0.04618,0.091846466
0.046182,0.091846466
0.046184,0.091846466
0.046186,0.091846466
0.046188,0.091846466
0.04619,0.091846466
0.046192,0.091846466
0.046194,0.091846466
0.046196,0.091846466
0.046198,0.091846466
0.0462,0.091846466
0.046202,0.091846466
0.046204,0.091846466
0.046206,0.091846466
0.046208,0.091846466
0.04621,0.091846466
0.046212,0.091846466
0.046214,0.091846466
0.046216,0.091846466
0.046218,0.091846466
0.04622,0.091846466
0.046222,0.091846466
0.046223998,0.091846466
0.046226,0.091846466
0.046228,0.091846466
0.04623,0.091846466
0.046232,0.091846466
0.046234,0.091846466
0.046236,0.091846466
0.046238,0.091846466
0.04624,0.091846466
0.046242,0.091846466
0.046244,0.091846466
0.046246,0.091846466
0.046248,0.091846466
0.04625,0.091846466
0.046252,0.091846466
0.046254,0.091846466
0.046256,0.091846466
0.046258,0.091846466
0.04626,0.091846466
0.046262,0.091846466
0.046264,0.091846466
0.046266,0.091846466
0.046268,0.091846466
0.04627,0.091846466
0.046272,0.091846466
0.046274,0.091846466
0.046276,0.091846466
0.046278,0.091846466
0.04628,0.091846466
0.046282,0.091846466
0.046284,0.091846466
0.046285998,0.091846466
0.046288,0.091846466
0.04629,0.091846466
0.046292,0.091846466
0.046294,0.091846466
0.046296,0.091846466
0.046298,0.091846466
0.0463,0.091846466
0.046302,0.091846466
0.046304,0.091846466
0.046306,0.091846466
0.046308,1.1089368
0.04631,1.3400936
0.046312,1.3400936
0.046314,1.3400936
0.046316,1.3863249
0.046318,1.3863249
0.04632,1.3863249
0.046322,1.3863249
0.046324,1.3863249
0.046326,1.3863249
0.046328,1.3863249
0.04633,1.3863249
0.046332,1.3863249
0.046334,1.3863249
0.046336,1.3863249
0.046338,1.3863249
0.04634,1.3863249
0.046342,1.3863249
0.046344,1.3863249
0.046346,1.3863249
0.046347998,1.3863249
0.04635,1.3863249
0.046352,1.3863249
0.046354,1.3863249
0.046356,1.3863249
0.046358,1.3863249
0.04636,1.3863249
0.046362,1.3863249
0.046364,1.3863249
0.046366,1.3863249
0.046368,1.3863249
0.04637,1.3863249
0.046372,1.3863249
0.046374,1.3863249
0.046376,1.3863249
0.046378,1.3863249
0.04638,1.3863249
0.046382,1.3863249
0.046384,1.3863249
0.046386,1.3863249
0.046388,1.3863249
0.04639,1.3863249
0.046392,1.3863249
0.046394,1.3863249
0.046396,1.3863249
0.046398,1.3863249
0.0464,1.3863249
0.046402,1.3863249
0.046404,1.3863249
0.046406,1.3863249
0.046408,1.3863249
0.046409998,1.3863249
0.046412,1.3863249
0.046414,1.3863249
0.046416,1.3863249
0.046418,1.3863249
0.04642,1.3863249
0.046422,1.3863249
0.046424,1.3863249
0.046426,1.3863249
0.046428,1.3863249
0.04643,1.3863249
0.046432,1.3863249
0.046434,1.3863249
0.046436,1.3863249
0.046438,1.3863249
0.04644,1.3863249
0.046442,1.3863249
0.046444,1.3863249
0.046446,1.3863249
0.046448,1.3863249
0.04645,1.3863249
0.046452,1.3863249
0.046454,1.3863249
0.046456,1.3863249
0.046458,1.3863249
0.04646,1.3863249
0.046462,1.3863249
0.046464,1.3863249
0.046466,1.3863249
0.046468,1.3863249
0.04647,1.3863249
0.046471998,1.3863249
0.046474,1.3863249
0.046476,1.3863249
0.046478,1.3863249
0.04648,1.3863249
0.046482,1.3863249
0.046484,1.3863249
0.046486,1.3863249
0.046488,1.3863249
0.04649,1.3863249
0.046492,1.3863249
0.046494,1.3863249
0.046496,1.3863249
0.046498,1.3863249
0.0465,1.3863249
0.046502,1.3863249
0.046504,1.3863249
0.046506,1.3863249
0.046508,1.3863249
0.04651,1.3863249
0.046512,1.3863249
0.046514,1.3863249
0.046516,1.3863249
0.046518,1.3863249
0.04652,1.3863249
0.046522,1.3863249
0.046524,1.3863249
0.046526,1.3863249
0.046528,1.3863249
0.04653,1.3863249
0.046532,1.3863249
0.046533998,1.3863249
0.046536,1.3863249
0.046538,1.3863249
0.04654,1.3863249
0.046542,1.3863249
0.046544,1.3863249
0.046546,1.3863249
0.046548,1.3863249
0.04655,1.3863249
0.046552,1.3863249
0.046554,1.3863249
0.046556,1.3863249
0.046558,1.3863249
0.04656,1.3863249
0.046562,1.3863249
0.046564,1.3863249
0.046566,1.3863249
0.046568,1.3863249
0.04657,1.3863249
0.046572,1.3863249
0.046574,1.3863249
0.046576,1.3863249
0.046578,1.3863249
0.04658,1.3863249
0.046582,1.3863249
0.046584,1.3863249
0.046586,1.3863249
0.046588,1.3863249
0.04659,1.3863249
0.046592,1.3863249
0.046594,1.3863249
0.046595998,1.3863249
0.046598,1.3863249
0.0466,1.3863249
0.046602,1.3863249
0.046604,1.3863249
0.046606,1.3863249
0.046608,1.3863249
0.04661,1.3863249
0.046612,1.3863249
0.046614,1.3863249
0.046616,1.3863249
0.046618,1.3863249
0.04662,1.3863249
0.046622,1.3863249
0.046624,1.3863249
0.046626,1.3863249
0.046628,1.3863249
0.04663,1.3863249
0.046632,1.3863249
0.046634,1.3863249
0.046636,1.3863249
0.046638,1.3863249
0.04664,1.3863249
0.046642,1.3863249
0.046644,1.3863249
0.046646,1.3863249
0.046648,1.3863249
0.04665,1.3863249
0.046652,1.3863249
0.046654,1.3863249
0.046656,1.3863249
0.046657998,1.3863249
0.04666,1.3863249
0.046662,2.4034152
0.046664,2.6345725
0.046666,2.6345725
0.046668,2.6345725
0.04667,2.6345725
0.046672,2.6345725
0.046674,2.6345725
0.046676,2.6345725
0.046678,2.6808028
0.04668,2.6808028
0.046682,2.6808028
0.046684,2.6808028
0.046686,2.6808028
0.046688,2.6808028
0.04669,2.6808028
0.046692,2.6808028
0.046694,2.6808028
0.046696,2.6808028
0.046698,2.6808028
0.0467,2.6808028
0.046702,2.6808028
0.046704,2.6808028
0.046706,2.6808028
0.046708,2.6808028
0.04671,2.6808028
0.046712,2.6808028
0.046714,2.6808028
0.046716,2.6808028
0.046718,2.6808028
0.046719998,2.6808028
0.046722,2.6808028
0.046724,2.6808028
0.046726,2.6808028
0.046728,2.6808028
0.04673,2.6808028
0.046732,2.6808028
0.046734,2.6808028
0.046736,2.6808028
0.046738,2.6808028
0.04674,2.6808028
0.046742,2.6808028
0.046744,2.6808028
0.046746,2.6808028
0.046748,2.6808028
0.04675,2.6808028
0.046752,2.6808028
0.046754,2.6808028
0.046756,2.6808028
0.046758,2.6808028
0.04676,2.6808028
0.046762,2.6808028
0.046764,2.6808028
0.046766,2.6808028
0.046768,2.6808028
0.04677,2.6808028
0.046772,2.6808028
0.046774,2.6808028
0.046776,2.6808028
0.046778,2.6808028
0.04678,2.6808028
0.046781998,2.6808028
0.046784,2.6808028
0.046786,2.6808028
0.046788,2.6808028
0.04679,2.6808028
0.046792,2.6808028
0.046794,2.6808028
0.046796,2.6808028
0.046798,2.6808028
0.0468,2.6808028
0.046802,2.6808028
0.046804,2.6808028
0.046806,2.6808028
0.046808,2.6808028
0.04681,2.6808028
0.046812,2.6808028
0.046814,2.6808028
0.046816,2.6808028
0.046818,2.6808028
0.04682,2.6808028
0.046822,2.6808028
0.046824,2.6808028
0.046826,2.6808028
0.046828,2.6808028
0.04683,2.6808028
0.046832,2.6808028
0.046834,2.6808028
0.046836,2.6808028
0.046838,2.6808028
0.04684,2.6808028
0.046842,2.6808028
0.046843998,2.6808028
0.046846,2.6808028
0.046848,2.6808028
0.04685,2.6808028
0.046852,2.6808028
0.046854,2.6808028
0.046856,2.6808028
0.046858,2.6808028
0.04686,2.6808028
0.046862,2.6808028
0.046864,2.6808028
0.046866,2.6808028
0.046868,2.6808028
0.04687,2.6808028
0.046872,2.6808028
0.046874,2.6808028
0.046876,2.6808028
0.046878,2.6808028
0.04688,2.6808028
0.046882,2.6808028
0.046884,2.6808028
0.046886,2.6808028
0.046888,2.6808028
0.04689,2.6808028
0.046892,2.6808028
0.046894,2.6808028
0.046896,2.6808028
0.046898,2.6808028
0.0469,2.6808028
0.046902,2.6808028
0.046904,2.6808028
0.046906,2.6808028
0.046908,2.6808028
0.04691,2.6808028
0.046912,2.6808028
0.046914,2.6808028
0.046916,2.6808028
0.046918,2.6808028
0.04692,2.6808028
0.046922,2.6808028
0.046924,2.6808028
0.046926,2.6808028
0.046928,2.6808028
0.04693,2.6808028
0.046932,2.6808028
0.046934,2.6808028
0.046936,2.6808028
0.046938,2.6808028
0.04694,2.6808028
0.046942,2.6808028
0.046944,2.6808028
0.046946,2.6808028
0.046948,2.6808028
0.04695,2.6808028
0.046951998,2.6808028
0.046954,2.6808028
0.046956,2.6808028
0.046958,2.6808028
0.04696,2.6808028
0.046962,2.6808028
0.046964,2.6808028
0.046966,2.6808028
0.046968,2.6808028
0.04697,2.6808028
0.046972,2.6808028
0.046974,2.6808028
0.046976,2.6808028
0.046978,2.6808028
0.04698,2.6808028
0.046982,2.6808028
0.046984,2.6808028
0.046986,2.6808028
0.046988,3.420505
0.04699,3.92905
0.046992,3.92905
0.046994,3.92905
0.046996,3.92905
0.046998,3.9752812
0.047,3.9752812
0.047002,3.9752812
0.047004,3.9752812
0.047006,3.9752812
0.047008,3.9752812
0.04701,3.9752812
0.047012,3.9752812
0.047013998,3.9752812
0.047016,3.9752812
0.047018,3.9752812
0.04702,3.9752812
0.047022,3.9752812
0.047024,3.9752812
0.047026,3.9752812
0.047028,3.9752812
0.04703,3.9752812
0.047032,3.9752812
0.047034,3.9752812
0.047036,3.9752812
0.047038,3.9752812
0.04704,3.9752812
0.047042,3.9752812
0.047044,3.9752812
0.047046,3.9752812
0.047048,3.9752812
0.04705,3.9752812
0.047052,3.9752812
0.047054,3.9752812
0.047056,3.9752812
0.047058,3.9752812
0.04706,3.9752812
0.047062,3.9752812
0.047064,3.9752812
0.047066,3.9752812
0.047068,3.9752812
0.04707,3.9752812
0.047072,3.9752812
0.047074,3.9752812
0.047075998,3.9752812
0.047078,3.9752812
0.04708,3.9752812
0.047082,3.9752812
0.047084,3.9752812
0.047086,3.9752812
0.047088,3.9752812
0.04709,3.9752812
0.047092,3.9752812
0.047094,3.9752812
0.047096,3.9752812
0.047098,3.9752812
0.0471,3.9752812
0.047102,3.9752812
0.047104,3.9752812
0.047106,3.9752812
0.047108,3.9752812
0.04711,3.9752812
0.047112,3.9752812
0.047114,3.9752812
0.047116,3.9752812
0.047118,3.9752812
0.04712,3.9752812
0.047122,3.9752812
0.047124,3.9752812
0.047126,3.9752812
0.047128,3.9752812
0.04713,3.9752812
0.047132,3.9752812
0.047134,3.9752812
0.047136,3.9752812
0.047137998,3.9752812
0.04714,3.9752812
0.047142,3.9752812
0.047144,3.9752812
0.047146,3.9752812
0.047148,3.9752812
0.04715,3.9752812
0.047152,3.9752812
0.047154,3.9752812
0.047156,3.9752812
0.047158,3.9752812
0.04716,3.9752812
0.047162,3.9752812
0.047164,3.9752812
0.047166,3.9752812
0.047168,3.9752812
0.04717,3.9752812
0.047172,3.9752812
0.047174,3.9752812
0.047176,3.9752812
0.047178,3.9752812
0.04718,3.9752812
0.047182,3.9752812
0.047184,3.9752812
0.047186,3.9752812
0.047188,3.9752812
0.04719,3.9752812
0.047192,3.9752812
0.047194,3.9752812
0.047196,3.9752812
0.047198,3.9752812
0.047199998,3.9752812
0.047202,3.9752812
0.047204,3.9752812
0.047206,3.9752812
0.047208,3.9752812
0.04721,3.9752812
0.047212,3.9752812
0.047214,3.9752812
0.047216,3.9752812
0.047218,3.9752812
0.04722,3.9752812
0.047222,3.9752812
0.047224,3.9752812
0.047226,3.9752812
0.047228,3.9752812
0.04723,3.9752812
0.047232,3.9752812
0.047234,3.9752812
0.047236,3.9752812
0.047238,3.9752812
0.04724,3.9752812
0.047242,3.9752812
0.047244,3.9752812
0.047246,3.9752812
0.047248,3.9752812
0.04725,3.9752812
0.047252,3.9752812
0.047254,3.9752812
0.047256,3.9752812
0.047258,3.9752812
0.04726,3.9752812
0.047261998,3.9752812
0.047264,3.9752812
0.047266,3.9752812
0.047268,3.9752812
0.04727,3.9752812
0.047272,3.9752812
0.047274,3.9752812
0.047276,3.9752812
0.047278,3.9752812
0.04728,3.9752812
0.047282,3.9752812
0.047284,3.9752812
0.047286,3.9752812
0.047288,3.9752812
0.04729,3.9752812
0.047292,3.9752812
0.047294,3.9752812
0.047296,3.9752812
0.047298,3.9752812
0.0473,3.9752812
0.047302,3.9752812
0.047304,3.9752812
0.047306,3.9752812
0.047308,3.9752812
0.04731,3.9752812
0.047312,3.9752812
0.047314,3.9752812
0.047316,3.9752812
0.047318,3.9752812
0.04732,3.9752812
0.047322,3.9752812
0.047323998,3.9752812
0.047326,3.9752812
0.047328,3.9752812
0.04733,3.9752812
0.047332,3.9752812
0.047334,3.9752812
0.047336,3.9752812
0.047338,3.9752812
0.04734,3.9752812
0.047342,3.9752812
0.047344,3.9752812
0.047346,3.9752812
0.047348,3.9752812
0.04735,3.9752812
0.047352,3.9752812
0.047354,3.9752812
0.047356,3.9752812
0.047358,3.9752812
0.04736,3.9752812
0.047362,3.9752812
0.047364,3.9752812
0.047366,3.9752812
0.047368,3.9752812
0.04737,3.9752812
0.047372,3.9752812
0.047374,3.9752812
0.047376,3.9752812
0.047378,3.9752812
0.04738,3.9752812
0.047382,3.9752812
0.047384,3.9752812
0.047385998,3.9752812
0.047388,3.9752812
0.04739,3.9752812
0.047392,3.9752812
0.047394,3.9752812
0.047396,3.9752812
0.047398,3.9752812
0.0474,3.9752812
0.047402,3.9752812
0.047404,3.9752812
0.047406,3.9752812
0.047408,3.9752812
0.04741,3.9752812
0.047412,3.9752812
0.047414,3.9752812
0.047416,3.9752812
0.047418,3.9752812
0.04742,3.9752812
0.047422,3.9752812
0.047424,3.9752812
0.047426,3.9752812
0.047428,3.9752812
0.04743,3.9752812
0.047432,3.9752812
0.047434,3.9752812
0.047436,3.9752812
0.047438,3.9752812
0.04744,3.9752812
0.047442,3.9752812
0.047444,3.9752812
0.047446,3.9752812
0.047447998,3.9752812
0.04745,3.9752812
0.047452,3.9752812
0.047454,3.9752812
0.047456,3.9752812
0.047458,3.9752812
0.04746,3.9752812
0.047462,3.9752812
0.047464,3.9752812
0.047466,3.9752812
0.047468,3.9752812
0.04747,3.9752812
0.047472,3.9752812
0.047474,3.9752812
0.047476,3.9752812
0.047478,3.9752812
0.04748,3.9752812
0.047482,3.9752812
0.047484,3.9752812
0.047486,3.9752812
0.047488,3.9752812
0.04749,3.9752812
0.047492,3.9752812
0.047494,3.9752812
0.047496,3.9752812
0.047498,3.9752812
0.0475,3.9752812
0.047502,3.9752812
0.047504,3.9752812
0.047506,3.9752812
0.047508,3.9752812
0.047509998,3.9752812
0.047512,3.9752812
0.047514,3.9752812
0.047516,3.9752812
0.047518,3.9752812
0.04752,3.9752812
0.047522,3.9752812
0.047524,3.9752812
0.047526,3.9752812
0.047528,3.9752812
0.04753,3.9752812
0.047532,3.9752812
0.047534,3.9752812
0.047536,3.9752812
0.047538,3.9752812
0.04754,3.9752812
0.047542,3.9752812
0.047544,3.9752812
0.047546,3.9752812
0.047548,3.9752812
0.04755,3.9752812
0.047552,3.9752812
0.047554,3.9752812
0.047556,3.9752812
0.047558,3.9752812
0.04756,3.9752812
0.047562,3.9752812
0.047564,3.9752812
0.047566,3.9752812
0.047568,3.9752812
0.04757,3.9752812
0.047571998,3.9752812
0.047574,3.9752812
0.047576,3.9752812
0.047578,3.9752812
0.04758,3.9752812
0.047582,3.9752812
0.047584,3.9752812
0.047586,3.9752812
0.047588,3.9752812
0.04759,3.9752812
0.047592,3.9752812
0.047594,3.9752812
0.047596,3.9752812
0.047598,3.9752812
0.0476,3.9752812
0.047602,3.9752812
0.047604,3.9752812
0.047606,3.9752812
0.047608,3.9752812
0.04761,3.9752812
0.047612,3.9752812
0.047614,3.9752812
0.047616,3.9752812
0.047618,3.9752812
0.04762,3.9752812
0.047622,3.9752812
0.047624,3.9752812
0.047626,3.9752812
0.047628,3.9752812
0.04763,3.9752812
0.047632,3.9752812
0.047633998,3.9752812
0.047636,3.9752812
0.047638,3.9752812
0.04764,3.9752812
0.047642,3.9752812
0.047644,3.9752812
0.047646,3.9752812
0.047648,3.9752812
0.04765,3.9752812
0.047652,3.9752812
0.047654,3.9752812
0.047656,3.9752812
0.047658,3.9752812
0.04766,3.9752812
0.047662,3.9752812
0.047664,3.9752812
0.047666,3.9752812
0.047668,3.9752812
0.04767,3.9752812
0.047672,3.9752812
0.047674,3.9752812
0.047676,3.9752812
0.047678,3.9752812
0.04768,3.9752812
0.047682,3.9752812
0.047684,3.9752812
0.047686,3.9752812
0.047688,3.9752812
0.04769,3.9752812
0.047692,3.9752812
0.047694,3.9752812
0.047695998,3.9752812
0.047698,3.9752812
0.0477,3.9752812
0.047702,3.9752812
0.047704,3.9752812
0.047706,3.9752812
0.047708,3.9752812
0.04771,3.9752812
0.047712,3.9752812
0.047714,3.9752812
0.047716,3.9752812
0.047718,3.9752812
0.04772,3.9752812
0.047722,3.9752812
0.047724,3.9752812
0.047726,3.9752812
0.047728,3.9752812
0.04773,3.9752812
0.047732,3.9752812
0.047734,3.9752812
0.047736,3.9752812
0.047738,3.9752812
0.04774,3.9752812
0.047742,3.9752812
0.047744,3.9752812
0.047746,3.9752812
0.047748,3.9752812
0.04775,3.9752812
0.047752,3.9752812
0.047754,3.9752812
0.047756,3.9752812
0.047757998,3.9752812
0.04776,3.9752812
0.047762,3.9752812
0.047764,3.9752812
0.047766,3.9752812
0.047768,3.9752812
0.04777,3.9752812
0.047772,3.9752812
0.047774,3.9752812
0.047776,3.9752812
0.047778,3.9752812
0.04778,3.9752812
0.047782,3.9752812
0.047784,3.9752812
0.047786,3.9752812
0.047788,3.9752812
0.04779,3.9752812
0.047792,3.9752812
0.047794,3.9752812
0.047796,3.9752812
0.047798,3.9752812
0.0478,3.9752812
0.047802,3.9752812
0.047804,3.9752812
0.047806,3.9752812
0.047808,3.9752812
0.04781,3.9752812
0.047812,3.9752812
0.047814,3.9752812
0.047816,3.9752812
0.047818,3.9752812
0.047819998,3.9752812
0.047822,3.9752812
0.047824,3.9752812
0.047826,3.9752812
0.047828,3.9752812
0.04783,3.9752812
0.047832,3.9752812
0.047834,3.9752812
0.047836,3.9752812
0.047838,3.9752812
0.04784,3.9752812
0.047842,3.9752812
0.047844,3.9752812
0.047846,3.9752812
0.047848,3.9752812
0.04785,3.9752812
0.047852,3.9752812
0.047854,3.9752812
0.047856,3.9752812
0.047858,3.9752812
0.04786,3.9752812
0.047862,3.9752812
0.047864,3.9752812
0.047866,3.9752812
0.047868,3.9752812
0.04787,3.9752812
0.047872,3.9752812
0.047874,3.9752812
0.047876,3.9752812
0.047878,3.9752812
0.04788,3.9752812
0.047881998,3.9752812
0.047884,3.9752812
0.047886,3.9752812
0.047888,3.9752812
0.04789,3.9752812
0.047892,3.9752812
0.047894,3.9752812
0.047896,3.9752812
0.047898,3.9752812
0.0479,3.9752812
0.047902,3.9752812
0.047904,3.9752812
0.047906,3.9752812
0.047908,3.9752812
0.04791,3.9752812
0.047912,3.9752812
0.047914,3.9752812
0.047916,3.9752812
0.047918,3.9752812
0.04792,3.9752812
0.047922,3.9752812
0.047924,3.9752812
0.047926,3.9752812
0.047928,3.9752812
0.04793,3.9752812
0.047932,3.9752812
0.047934,3.9752812
0.047936,3.9752812
0.047938,3.9752812
0.04794,3.9752812
0.047942,3.9752812
0.047943998,3.9752812
0.047946,3.9752812
0.047948,3.9752812
0.04795,3.9752812
0.047952,3.9752812
0.047954,3.9752812
0.047956,3.9752812
0.047958,3.9752812
0.04796,3.9752812
0.047962,3.9752812
0.047964,3.9752812
0.047966,3.9752812
0.047968,3.9752812
0.04797,3.9752812
0.047972,3.9752812
0.047974,3.9752812
0.047976,3.9752812
0.047978,3.9752812
0.04798,3.9752812
0.047982,3.9752812
0.047984,3.9752812
0.047986,3.9752812
0.047988,3.9752812
0.04799,3.9752812
0.047992,3.9752812
0.047994,3.9752812
0.047996,3.9752812
0.047998,3.9752812
0.048,3.9752812
0.048002,3.9752812
0.048004,3.9752812
0.048005998,3.9752812
0.048008,3.9752812
0.04801,3.9752812
0.048012,3.9752812
0.048014,3.9752812
0.048016,3.9752812
0.048018,3.9752812
0.04802,3.9752812
0.048022,3.9752812
0.048024,3.9752812
0.048026,3.9752812
0.048028,3.9752812
0.04803,3.9752812
0.048032,3.9752812
0.048034,3.9752812
0.048036,3.9752812
0.048038,3.9752812
0.04804,3.9752812
0.048042,3.9752812
0.048044,3.9752812
0.048046,3.9752812
0.048048,3.9752812
0.04805,3.9752812
0.048051998,3.9752812
0.048054,3.9752812
0.048056,3.9752812
0.048058,3.9752812
0.04806,3.9752812
0.048062,3.9752812
0.048064,3.9752812
0.048066,3.9752812
0.048068,3.9752812
0.04807,3.9752812
0.048072,3.9752812
0.048074,3.9752812
0.048076,3.9752812
0.048078,3.9752812
0.04808,3.9752812
0.048082,3.9752812
0.048084,3.9752812
0.048086,3.9752812
0.048088,3.9752812
0.04809,3.9752812
0.048092,3.9752812
0.048094,3.9752812
0.048096,3.9752812
0.048098,3.9752812
0.0481,3.9752812
0.048102,3.9752812
0.048104,3.9752812
0.048106,3.9752812
0.048108,3.9752812
0.04811,3.9752812
0.048112,3.9752812
0.048113998,3.9752812
0.048116,3.9752812
0.048118,3.9752812
0.04812,3.9752812
0.048122,3.9752812
0.048124,3.9752812
0.048126,3.9752812
0.048128,3.9752812
0.04813,3.9752812
0.048132,2.8194976
0.048134,2.727035
0.048136,2.727035
0.048138,2.727035
0.04814,2.727035
0.048142,2.727035
0.048144,2.727035
0.048146,2.727035
0.048148,2.727035
0.04815,2.6808028
0.048152,2.6808028
0.048154,2.6808028
0.048156,2.6808028
0.048158,2.6808028
0.04816,2.6808028
0.048162,2.6808028
0.048164,2.6808028
0.048166,2.6808028
0.048168,2.6808028
0.04817,2.6808028
0.048172,2.6808028
0.048174,2.6808028
0.048175998,2.6808028
0.048178,2.6808028
0.04818,2.6808028
0.048182,2.6808028
0.048184,2.6808028
0.048186,2.6808028
0.048188,2.6808028
0.04819,2.6808028
0.048192,2.6808028
0.048194,2.6808028
0.048196,2.6808028
0.048198,2.6808028
0.0482,2.6808028
0.048202,2.6808028
0.048204,2.6808028
0.048206,2.6808028
0.048208,2.6808028
0.04821,2.6808028
0.048212,2.6808028
0.048214,2.6808028
0.048216,2.6808028
0.048218,2.6808028
0.04822,2.6808028
0.048222,2.6808028
0.048224,2.6808028
0.048226,2.6808028
0.048228,2.6808028
0.04823,2.6808028
0.048232,2.6808028
0.048234,2.6808028
0.048236,2.6808028
0.048237998,2.6808028
0.04824,2.6808028
0.048242,2.6808028
0.048244,2.6808028
0.048246,2.6808028
0.048248,2.6808028
0.04825,2.6808028
0.048252,2.6808028
0.048254,2.6808028
0.048256,2.6808028
0.048258,2.6808028
0.04826,2.6808028
0.048262,2.6808028
0.048264,2.6808028
0.048266,2.6808028
0.048268,2.6808028
0.04827,2.6808028
0.048272,2.6808028
0.048274,2.6808028
0.048276,2.6808028
0.048278,2.6808028
0.04828,2.6808028
0.048282,2.6808028
0.048284,2.6808028
0.048286,2.6808028
0.048288,2.6808028
0.04829,2.6808028
0.048292,2.6808028
0.048294,2.6808028
0.048296,2.6808028
0.048298,2.6808028
0.048299998,2.6808028
0.048302,2.6808028
0.048304,2.6808028
0.048306,2.6808028
0.048308,2.6808028
0.04831,2.6808028
0.048312,2.6808028
0.048314,2.6808028
0.048316,2.6808028
0.048318,2.6808028
0.04832,2.6808028
0.048322,2.6808028
0.048324,2.6808028
0.048326,2.6808028
0.048328,2.6808028
0.04833,2.6808028
0.048332,2.6808028
0.048334,2.6808028
0.048336,2.6808028
0.048338,2.6808028
0.04834,2.6808028
0.048342,2.6808028
0.048344,2.6808028
0.048346,2.6808028
0.048348,2.6808028
0.04835,2.6808028
0.048352,2.6808028
0.048354,2.6808028
0.048356,2.6808028
0.048358,2.6808028
0.04836,2.6808028
0.048361998,2.6808028
0.048364,2.6808028
0.048366,2.6808028
0.048368,2.6808028
0.04837,2.6808028
0.048372,2.6808028
0.048374,2.6808028
0.048376,2.6808028
0.048378,2.6808028
0.04838,2.6808028
0.048382,2.6808028
0.048384,2.6808028
0.048386,2.6808028
0.048388,2.6808028
0.04839,2.6808028
0.048392,2.6808028
0.048394,2.6808028
0.048396,2.6808028
0.048398,2.6808028
0.0484,2.6808028
0.048402,2.6808028
0.048404,2.6808028
0.048406,2.6808028
0.048408,2.6808028
0.04841,2.6808028
0.048412,2.6808028
0.048414,2.6808028
0.048416,2.6808028
0.048418,2.6808028
0.04842,2.6808028
0.048422,2.6808028
0.048423998,2.6808028
0.048426,2.6808028
0.048428,2.6808028
0.04843,2.6808028
0.048432,2.6808028
0.048434,2.6808028
0.048436,2.6808028
0.048438,2.6808028
0.04844,2.6808028
0.048442,2.6808028
0.048444,2.6808028
0.048446,2.6808028
0.048448,2.6808028
0.04845,2.6808028
0.048452,2.6808028
0.048454,2.6808028
0.048456,2.6808028
0.048458,1.7099442
0.04846,1.4325566
0.048462,1.4325566
0.048464,1.4325566
0.048466,1.4325566
0.048468,1.4325566
0.04847,1.4325566
0.048472,1.4325566
0.048474,1.4325566
0.048476,1.4325566
0.048478,1.4325566
0.04848,1.4325566
0.048482,1.4325566
0.048484,1.4325566
0.048485998,1.4325566
0.048488,1.4325566
0.04849,1.4325566
0.048492,1.4325566
0.048494,1.4325566
0.048496,1.4325566
0.048498,1.4325566
0.0485,1.3863249
0.048502,1.3863249
0.048504,1.3863249
0.048506,1.3863249
0.048508,1.3863249
0.04851,1.3863249
0.048512,1.3863249
0.048514,1.3863249
0.048516,1.3863249
0.048518,1.3863249
0.04852,1.3863249
0.048522,1.3863249
0.048524,1.3863249
0.048526,1.3863249
0.048528,1.3863249
0.04853,1.3863249
0.048532,1.3863249
0.048534,1.3863249
0.048536,1.3863249
0.048538,1.3863249
0.04854,1.3863249
0.048542,1.3863249
0.048544,1.3863249
0.048546,1.3863249
0.048547998,1.3863249
0.04855,1.3863249
0.048552,1.3863249
0.048554,1.3863249
0.048556,1.3863249
0.048558,1.3863249
0.04856,1.3863249
0.048562,1.3863249
0.048564,1.3863249
0.048566,1.3863249
0.048568,1.3863249
0.04857,1.3863249
0.048572,1.3863249
0.048574,1.3863249
0.048576,1.3863249
0.048578,1.3863249
0.04858,1.3863249
0.048582,1.3863249
0.048584,1.3863249
0.048586,1.3863249
0.048588,1.3863249
0.04859,1.3863249
0.048592,1.3863249
0.048594,1.3863249
0.048596,1.3863249
0.048598,1.3863249
0.0486,1.3863249
0.048602,1.3863249
0.048604,1.3863249
0.048606,1.3863249
0.048608,1.3863249
0.048609998,1.3863249
0.048612,1.3863249
0.048614,1.3863249
0.048616,1.3863249
0.048618,1.3863249
0.04862,1.3863249
0.048622,1.3863249
0.048624,1.3863249
0.048626,1.3863249
0.048628,1.3863249
0.04863,1.3863249
0.048632,1.3863249
0.048634,1.3863249
0.048636,1.3863249
0.048638,1.3863249
0.04864,1.3863249
0.048642,1.3863249
0.048644,1.3863249
0.048646,1.3863249
0.048648,1.3863249
0.04865,1.3863249
0.048652,1.3863249
0.048654,1.3863249
0.048656,1.3863249
0.048658,1.3863249
0.04866,1.3863249
0.048662,1.3863249
0.048664,1.3863249
0.048666,1.3863249
0.048668,1.3863249
0.04867,1.3863249
0.048671998,1.3863249
0.048674,1.3863249
0.048676,1.3863249
0.048678,1.3863249
0.04868,1.3863249
0.048682,1.3863249
0.048684,1.3863249
0.048686,1.3863249
0.048688,1.3863249
0.04869,1.3863249
0.048692,1.3863249
0.048694,1.3863249
0.048696,1.3863249
0.048698,1.3863249
0.0487,1.3863249
0.048702,1.3863249
0.048704,1.3863249
0.048706,1.3863249
0.048708,1.3863249
0.04871,1.3863249
0.048712,1.3863249
0.048714,1.3863249
0.048716,1.3863249
0.048718,1.3863249
0.04872,1.3863249
0.048722,1.3863249
0.048724,1.3863249
0.048726,1.3863249
0.048728,1.3863249
0.04873,1.3863249
0.048732,1.3863249
0.048733998,1.3863249
0.048736,1.3863249
0.048738,1.3863249
0.04874,1.3863249
0.048742,1.3863249
0.048744,1.3863249
0.048746,1.3863249
0.048748,1.3863249
0.04875,1.3863249
0.048752,1.3863249
0.048754,1.3863249
0.048756,1.3863249
0.048758,1.3863249
0.04876,1.3863249
0.048762,1.3863249
0.048764,1.3863249
0.048766,1.3863249
0.048768,1.3863249
0.04877,1.3863249
0.048772,1.3863249
0.048774,1.3863249
0.048776,1.3863249
0.048778,1.3863249
0.04878,1.3863249
0.048782,1.3863249
0.048784,1.3863249
0.048786,1.3863249
0.048788,1.3863249
0.04879,1.3863249
0.048792,1.3863249
0.048794,1.3863249
0.048795998,1.3863249
0.048798,1.3863249
0.0488,1.3863249
0.048802,1.3863249
0.048804,1.3863249
0.048806,1.3863249
0.048808,1.3863249
0.04881,1.3863249
0.048812,0.23054075
0.048814,0.13807821
0.048816,0.13807821
0.048818,0.13807821
0.04882,0.13807821
0.048822,0.13807821
0.048824,0.13807821
0.048826,0.13807821
0.048828,0.13807821
0.04883,0.13807821
0.048832,0.13807821
0.048834,0.13807821
0.048836,0.091846466
0.048838,0.091846466
0.04884,0.091846466
0.048842,0.091846466
0.048844,0.091846466
0.048846,0.091846466
0.048848,0.091846466
0.04885,0.091846466
0.048852,0.091846466
0.048854,0.091846466
0.048856,0.091846466
0.048857998,0.091846466
0.04886,0.091846466
0.048862,0.091846466
0.048864,0.091846466
0.048866,0.091846466
0.048868,0.091846466
0.04887,0.091846466
0.048872,0.091846466
0.048874,0.091846466
0.048876,0.091846466
0.048878,0.091846466
0.04888,0.091846466
0.048882,0.091846466
0.048884,0.091846466
0.048886,0.091846466
0.048888,0.091846466
0.04889,0.091846466
0.048892,0.091846466
0.048894,0.091846466
0.048896,0.091846466
0.048898,0.091846466
0.0489,0.091846466
0.048902,0.091846466
0.048904,0.091846466
0.048906,0.091846466
0.048908,0.091846466
0.04891,0.091846466
0.048912,0.091846466
0.048914,0.091846466
0.048916,0.091846466
0.048918,0.091846466
0.048919998,0.091846466
0.048922,0.091846466
0.048924,0.091846466
0.048926,0.091846466
0.048928,0.091846466
0.04893,0.091846466
0.048932,0.091846466
0.048934,0.091846466
0.048936,0.091846466
0.048938,0.091846466
0.04894,0.091846466
0.048942,0.091846466
0.048944,0.091846466
0.048946,0.091846466
0.048948,0.091846466
0.04895,0.091846466
0.048952,0.091846466
0.048954,0.091846466
0.048956,0.091846466
0.048958,0.091846466
0.04896,0.091846466
0.048962,0.091846466
0.048964,0.091846466
0.048966,0.091846466
0.048968,0.091846466
0.04897,0.091846466
0.048972,0.091846466
0.048974,0.091846466
0.048976,0.091846466
0.048978,0.091846466
0.04898,0.091846466
0.048981998,0.091846466
0.048984,0.091846466
0.048986,0.091846466
0.048988,0.091846466
0.04899,0.091846466
0.048992,0.091846466
0.048994,0.091846466
0.048996,0.091846466
0.048998,0.091846466
0.049,0.091846466
0.049002,0.091846466
0.049004,0.091846466
0.049006,0.091846466
0.049008,0.091846466
0.04901,0.091846466
0.049012,0.091846466
0.049014,0.091846466
0.049016,0.091846466
0.049018,0.091846466
0.04902,0.091846466
0.049022,0.091846466
0.049024,0.091846466
0.049026,0.091846466
0.049028,0.091846466
0.04903,0.091846466
0.049032,0.091846466
0.049034,0.091846466
0.049036,0.091846466
0.049038,0.091846466
0.04904,0.091846466
0.049042,0.091846466
0.049043998,0.091846466
0.049046,0.091846466
0.049048,0.091846466
0.04905,0.091846466
0.049052,0.091846466
0.049054,0.091846466
0.049056,0.091846466
0.049058,0.091846466
0.04906,0.091846466
0.049062,0.091846466
0.049064,0.091846466
0.049066,0.091846466
0.049068,0.091846466
0.04907,0.091846466
0.049072,0.091846466
0.049074,0.091846466
0.049076,0.091846466
0.049078,0.091846466
0.04908,0.091846466
0.049082,0.091846466
0.049084,0.091846466
0.049086,0.091846466
0.049088,0.091846466
0.04909,0.091846466
0.049092,0.091846466
0.049094,0.091846466
0.049096,0.091846466
0.049098,0.091846466
0.0491,0.091846466
0.049102,0.091846466
0.049104,0.091846466
0.049105998,0.091846466
0.049108,0.091846466
0.04911,0.091846466
0.049112,0.091846466
0.049114,0.091846466
0.049116,0.091846466
0.049118,0.091846466
0.04912,0.091846466
0.049122,0.091846466
0.049124,0.091846466
0.049126,0.091846466
0.049128,0.091846466
0.04913,0.091846466
0.049132,0.091846466
0.049134,0.091846466
0.049136,0.091846466
0.049138,0.091846466
0.04914,0.091846466
0.049142,0.091846466
0.049144,0.091846466
0.049146,0.091846466
0.049148,0.091846466
0.04915,0.091846466
0.049152,0.091846466
0.049154,0.091846466
0.049156,0.091846466
0.049158,0.091846466
0.04916,0.091846466
0.049162,0.091846466
0.049164,0.091846466
0.049166,0.091846466
0.049167998,0.091846466
0.04917,0.091846466
0.049172,0.091846466
0.049174,0.091846466
0.049176,0.091846466
0.049178,0.091846466
0.04918,0.091846466
0.049182,0.091846466
0.049184,0.091846466
0.049186,0.091846466
0.049188,0.091846466
0.04919,0.091846466
0.049192,0.091846466
0.049194,0.091846466
0.049196,0.091846466
0.049198,0.091846466
0.0492,0.091846466
0.049202,0.091846466
0.049204,0.091846466
0.049206,0.091846466
0.049208,0.091846466
0.04921,0.091846466
0.049212,0.091846466
0.049213998,0.091846466
0.049216,0.091846466
0.049218,0.091846466
0.04922,0.091846466
0.049222,0.091846466
0.049224,0.091846466
0.049226,0.091846466
0.049228,0.091846466
0.04923,0.091846466
0.049232,0.091846466
0.049234,0.091846466
0.049236,0.091846466
0.049238,0.091846466
0.04924,0.091846466
0.049242,0.091846466
0.049244,0.091846466
0.049246,0.091846466
0.049248,0.091846466
0.04925,0.091846466
0.049252,0.091846466
0.049254,0.091846466
0.049256,0.091846466
0.049258,0.091846466
0.04926,0.091846466
0.049262,0.091846466
0.049264,0.091846466
0.049266,0.091846466
0.049268,0.091846466
0.04927,0.091846466
0.049272,0.091846466
0.049274,0.091846466
0.049275998,0.091846466
0.049278,0.091846466
0.04928,0.091846466
0.049282,0.091846466
0.049284,0.091846466
0.049286,0.091846466
0.049288,0.091846466
0.04929,0.091846466
0.049292,0.091846466
0.049294,0.091846466
0.049296,0.091846466
0.049298,0.091846466
0.0493,0.091846466
0.049302,0.091846466
0.049304,0.091846466
0.049306,0.091846466
0.049308,0.091846466
0.04931,0.091846466
0.049312,0.091846466
0.049314,0.091846466
0.049316,0.091846466
0.049318,0.091846466
0.04932,0.091846466
0.049322,0.091846466
0.049324,0.091846466
0.049326,0.091846466
0.049328,0.091846466
0.04933,0.091846466
0.049332,0.091846466
0.049334,0.091846466
0.049336,0.091846466
0.049337998,0.091846466
0.04934,0.091846466
0.049342,0.091846466
0.049344,0.091846466
0.049346,0.091846466
0.049348,0.091846466
0.04935,0.091846466
0.049352,0.091846466
0.049354,0.091846466
0.049356,0.091846466
0.049358,0.091846466
0.04936,0.091846466
0.049362,0.091846466
0.049364,0.091846466
0.049366,0.091846466
0.049368,0.091846466
0.04937,0.091846466
0.049372,0.091846466
0.049374,0.091846466
0.049376,0.091846466
0.049378,0.091846466
0.04938,0.091846466
0.049382,0.091846466
0.049384,0.091846466
0.049386,0.091846466
0.049388,0.091846466
0.04939,0.091846466
0.049392,0.091846466
0.049394,0.091846466
0.049396,0.091846466
0.049398,0.091846466
0.049399998,0.091846466
0.049402,0.091846466
0.049404,0.091846466
0.049406,0.091846466
0.049408,0.091846466
0.04941,0.091846466
0.049412,0.091846466
0.049414,0.091846466
0.049416,0.091846466
0.049418,0.091846466
0.04942,0.091846466
0.049422,0.091846466
0.049424,0.091846466
0.049426,0.091846466
0.049428,0.091846466
0.04943,0.091846466
0.049432,0.091846466
0.049434,0.091846466
0.049436,0.091846466
0.049438,0.091846466
0.04944,0.091846466
0.049442,0.091846466
0.049444,0.091846466
0.049446,0.091846466
0.049448,0.091846466
0.04945,0.091846466
0.049452,0.091846466
0.049454,0.091846466
0.049456,0.091846466
0.049458,0.091846466
0.04946,0.091846466
0.049461998,0.091846466
0.049464,0.091846466
0.049466,0.091846466
0.049468,0.091846466
0.04947,0.091846466
0.049472,0.091846466
0.049474,0.091846466
0.049476,0.091846466
0.049478,0.091846466
0.04948,0.091846466
0.049482,0.091846466
0.049484,0.091846466
0.049486,0.091846466
0.049488,0.091846466
0.04949,0.091846466
0.049492,0.091846466
0.049494,0.091846466
0.049496,0.091846466
0.049498,0.091846466
0.0495,0.091846466
0.049502,0.091846466
0.049504,0.091846466
0.049506,0.091846466
0.049508,0.091846466
0.04951,0.091846466
0.049512,0.091846466
0.049514,0.091846466
0.049516,0.091846466
0.049518,0.091846466
0.04952,0.091846466
0.049522,0.091846466
0.049523998,0.091846466
0.049526,0.091846466
0.049528,0.091846466
0.04953,0.091846466
0.049532,0.091846466
0.049534,0.091846466
0.049536,0.091846466
0.049538,0.091846466
0.04954,0.091846466
0.049542,0.091846466
0.049544,0.091846466
0.049546,0.091846466
0.049548,0.091846466
0.04955,0.091846466
0.049552,0.091846466
0.049554,0.091846466
0.049556,0.091846466
0.049558,0.091846466
0.04956,0.091846466
0.049562,0.091846466
0.049564,0.091846466
0.049566,0.091846466
0.049568,0.091846466
0.04957,0.091846466
0.049572,0.091846466
0.049574,0.091846466
0.049576,0.091846466
0.049578,0.091846466
0.04958,0.091846466
0.049582,0.091846466
0.049584,0.091846466
0.049585998,0.091846466
0.049588,0.091846466
0.04959,0.091846466
0.049592,0.091846466
0.049594,0.091846466
0.049596,0.091846466
0.049598,0.091846466
0.0496,0.091846466
0.049602,0.091846466
0.049604,0.091846466
0.049606,0.091846466
0.049608,0.091846466
0.04961,0.091846466
0.049612,0.091846466
0.049614,0.091846466
0.049616,0.091846466
0.049618,0.091846466
0.04962,0.091846466
0.049622,0.091846466
0.049624,0.091846466
0.049626,0.091846466
0.049628,1.1089368
0.04963,1.3400936
0.049632,1.3400936
0.049634,1.3863249
0.049636,1.3863249
0.049638,1.3863249
0.04964,1.3863249
0.049642,1.3863249
0.049644,1.3863249
0.049646,1.3863249
0.049647998,1.3863249
0.04965,1.3863249
0.049652,1.3863249
0.049654,1.3863249
0.049656,1.3863249
0.049658,1.3863249
0.04966,1.3863249
0.049662,1.3863249
0.049664,1.3863249
0.049666,1.3863249
0.049668,1.3863249
0.04967,1.3863249
0.049672,1.3863249
0.049674,1.3863249
0.049676,1.3863249
0.049678,1.3863249
0.04968,1.3863249
0.049682,1.3863249
0.049684,1.3863249
0.049686,1.3863249
0.049688,1.3863249
0.04969,1.3863249
0.049692,1.3863249
0.049694,1.3863249
0.049696,1.3863249
0.049698,1.3863249
0.0497,1.3863249
0.049702,1.3863249
0.049704,1.3863249
0.049706,1.3863249
0.049708,1.3863249
0.049709998,1.3863249
0.049712,1.3863249
0.049714,1.3863249
0.049716,1.3863249
0.049718,1.3863249
0.04972,1.3863249
0.049722,1.3863249
0.049724,1.3863249
0.049726,1.3863249
0.049728,1.3863249
0.04973,1.3863249
0.049732,1.3863249
0.049734,1.3863249
0.049736,1.3863249
0.049738,1.3863249
0.04974,1.3863249
0.049742,1.3863249
0.049744,1.3863249
0.049746,1.3863249
0.049748,1.3863249
0.04975,1.3863249
0.049752,1.3863249
0.049754,1.3863249
0.049756,1.3863249
0.049758,1.3863249
0.04976,1.3863249
0.049762,1.3863249
0.049764,1.3863249
0.049766,1.3863249
0.049768,1.3863249
0.04977,1.3863249
0.049771998,1.3863249
0.049774,1.3863249
0.049776,1.3863249
0.049778,1.3863249
0.04978,1.3863249
0.049782,1.3863249
0.049784,1.3863249
0.049786,1.3863249
0.049788,1.3863249
0.04979,1.3863249
0.049792,1.3863249
0.049794,1.3863249
0.049796,1.3863249
0.049798,1.3863249
0.0498,1.3863249
0.049802,1.3863249
0.049804,1.3863249
0.049806,1.3863249
0.049808,1.3863249
0.04981,1.3863249
0.049812,1.3863249
0.049814,1.3863249
0.049816,1.3863249
0.049818,1.3863249
0.04982,1.3863249
0.049822,1.3863249
0.049824,1.3863249
0.049826,1.3863249
0.049828,1.3863249
0.04983,1.3863249
0.049832,1.3863249
0.049833998,1.3863249
0.049836,1.3863249
0.049838,1.3863249
0.04984,1.3863249
0.049842,1.3863249
0.049844,1.3863249
0.049846,1.3863249
0.049848,1.3863249
0.04985,1.3863249
0.049852,1.3863249
0.049854,1.3863249
0.049856,1.3863249
0.049858,1.3863249
0.04986,1.3863249
0.049862,1.3863249
0.049864,1.3863249
0.049866,1.3863249
0.049868,1.3863249
0.04987,1.3863249
0.049872,1.3863249
0.049874,1.3863249
0.049876,1.3863249
0.049878,1.3863249
0.04988,1.3863249
0.049882,1.3863249
0.049884,1.3863249
0.049886,1.3863249
0.049888,1.3863249
0.04989,1.3863249
0.049892,1.3863249
0.049894,1.3863249
0.049895998,1.3863249
0.049898,1.3863249
0.0499,1.3863249
0.049902,1.3863249
0.049904,1.3863249
0.049906,1.3863249
0.049908,1.3863249
0.04991,1.3863249
0.049912,1.3863249
0.049914,1.3863249
0.049916,1.3863249
0.049918,1.3863249
0.04992,1.3863249
0.049922,1.3863249
0.049924,1.3863249
0.049926,1.3863249
0.049928,1.3863249
0.04993,1.3863249
0.049932,1.3863249
0.049934,1.3863249
0.049936,1.3863249
0.049938,1.3863249
0.04994,1.3863249
0.049942,1.3863249
0.049944,1.3863249
0.049946,1.3863249
0.049948,1.3863249
0.04995,1.3863249
0.049952,1.3863249
0.049954,1.3863249
0.049956,1.3863249
0.049957998,1.3863249
0.04996,1.3863249
0.049962,1.3863249
0.049964,1.3863249
0.049966,1.3863249
0.049968,1.3863249
0.04997,1.3863249
0.049972,1.3863249
0.049974,1.3863249
0.049976,1.3863249
0.049978,1.3863249
0.04998,1.3863249
0.049982,2.4034152
0.049984,2.6345725
0.049986,2.6345725
0.049988,2.6345725
0.04999,2.6345725
0.049992,2.6345725
0.049994,2.6345725
0.049996,2.6345725
0.049998,2.6808028
0.05,2.6808028
0.050002,2.6808028
0.050004,2.6808028
0.050006,2.6808028
0.050008,2.6808028
0.05001,2.6808028
0.050012,2.6808028
0.050014,2.6808028
0.050016,2.6808028
0.050018,2.6808028
0.050019998,2.6808028
0.050022,2.6808028
0.050024,2.6808028
0.050026,2.6808028
0.050028,2.6808028
0.05003,2.6808028
0.050032,2.6808028
0.050034,2.6808028
0.050036,2.6808028
0.050038,2.6808028
0.05004,2.6808028
0.050042,2.6808028
0.050044,2.6808028
0.050046,2.6808028
0.050048,2.6808028
0.05005,2.6808028
0.050052,2.6808028
0.050054,2.6808028
0.050056,2.6808028
0.050058,2.6808028
0.05006,2.6808028
0.050062,2.6808028
0.050064,2.6808028
0.050066,2.6808028
0.050068,2.6808028
0.05007,2.6808028
0.050072,2.6808028
0.050074,2.6808028
0.050076,2.6808028
0.050078,2.6808028
0.05008,2.6808028
0.050081998,2.6808028
0.050084,2.6808028
0.050086,2.6808028
0.050088,2.6808028
0.05009,2.6808028
0.050092,2.6808028
0.050094,2.6808028
0.050096,2.6808028
0.050098,2.6808028
0.0501,2.6808028
0.050102,2.6808028
0.050104,2.6808028
0.050106,2.6808028
0.050108,2.6808028
0.05011,2.6808028
0.050112,2.6808028
0.050114,2.6808028
0.050116,2.6808028
0.050118,2.6808028
0.05012,2.6808028
0.050122,2.6808028
0.050124,2.6808028
0.050126,2.6808028
0.050128,2.6808028
0.05013,2.6808028
0.050132,2.6808028
0.050134,2.6808028
0.050136,2.6808028
0.050138,2.6808028
0.05014,2.6808028
0.050142,2.6808028
0.050143998,2.6808028
0.050146,2.6808028
0.050148,2.6808028
0.05015,2.6808028
0.050152,2.6808028
0.050154,2.6808028
0.050156,2.6808028
0.050158,2.6808028
0.05016,2.6808028
0.050162,2.6808028
0.050164,2.6808028
0.050166,2.6808028
0.050168,2.6808028
0.05017,2.6808028
0.050172,2.6808028
0.050174,2.6808028
0.050176,2.6808028
0.050178,2.6808028
0.05018,2.6808028
0.050182,2.6808028
0.050184,2.6808028
0.050186,2.6808028
0.050188,2.6808028
0.05019,2.6808028
0.050192,2.6808028
0.050194,2.6808028
0.050196,2.6808028
0.050198,2.6808028
0.0502,2.6808028
0.050202,2.6808028
0.050204,2.6808028
0.050205998,2.6808028
0.050208,2.6808028
0.05021,2.6808028
0.050212,2.6808028
0.050214,2.6808028
0.050216,2.6808028
0.050218,2.6808028
0.05022,2.6808028
0.050222,2.6808028
0.050224,2.6808028
0.050226,2.6808028
0.050228,2.6808028
0.05023,2.6808028
0.050232,2.6808028
0.050234,2.6808028
0.050236,2.6808028
0.050238,2.6808028
0.05024,2.6808028
0.050242,2.6808028
0.050244,2.6808028
0.050246,2.6808028
0.050248,2.6808028
0.05025,2.6808028
0.050252,2.6808028
0.050254,2.6808028
0.050256,2.6808028
0.050258,2.6808028
0.05026,2.6808028
0.050262,2.6808028
0.050264,2.6808028
0.050266,2.6808028
0.050267998,2.6808028
0.05027,2.6808028
0.050272,2.6808028
0.050274,2.6808028
0.050276,2.6808028
0.050278,2.6808028
0.05028,2.6808028
0.050282,2.6808028
0.050284,2.6808028
0.050286,2.6808028
0.050288,2.6808028
0.05029,2.6808028
0.050292,2.6808028
0.050294,2.6808028
0.050296,2.6808028
0.050298,2.6808028
0.0503,2.6808028
0.050302,2.6808028
0.050304,2.6808028
0.050306,2.6808028
0.050308,2.6808028
0.05031,2.6808028
0.050312,2.6808028
0.050313998,2.6808028
0.050316,2.6808028
0.050318,2.6808028
0.05032,2.6808028
0.050322,2.6808028
0.050324,2.6808028
0.050326,2.6808028
0.050328,2.6808028
0.050329998,2.6808028
0.050332,2.6808028
0.050334,2.6808028
0.050336,3.8828197
0.050338,3.92905
0.05034,3.92905
0.050342,3.92905
0.050344,3.9752812
0.050346,3.9752812
0.050348,3.9752812
0.05035,3.9752812
0.050352,3.9752812
0.050354,3.9752812
0.050356,3.9752812
0.050358,3.9752812
0.05036,3.9752812
0.050362,3.9752812
0.050364,3.9752812
0.050366,3.9752812
0.050368,3.9752812
0.05037,3.9752812
0.050372,3.9752812
0.050374,3.9752812
0.050375998,3.9752812
0.050378,3.9752812
0.05038,3.9752812
0.050382,3.9752812
0.050384,3.9752812
0.050386,3.9752812
0.050388,3.9752812
0.05039,3.9752812
0.050392,3.9752812
0.050394,3.9752812
0.050396,3.9752812
0.050398,3.9752812
0.0504,3.9752812
0.050402,3.9752812
0.050404,3.9752812
0.050406,3.9752812
0.050408,3.9752812
0.05041,3.9752812
0.050412,3.9752812
0.050414,3.9752812
0.050416,3.9752812
0.050418,3.9752812
0.05042,3.9752812
0.050422,3.9752812
0.050424,3.9752812
0.050426,3.9752812
0.050428,3.9752812
0.05043,3.9752812
0.050432,3.9752812
0.050434,3.9752812
0.050436,3.9752812
0.050437998,3.9752812
0.05044,3.9752812
0.050442,3.9752812
0.050444,3.9752812
0.050446,3.9752812
0.050448,3.9752812
0.05045,3.9752812
0.050452,3.9752812
0.050454,3.9752812
0.050456,3.9752812
0.050458,3.9752812
0.05046,3.9752812
0.050462,3.9752812
0.050464,3.9752812
0.050466,3.9752812
0.050468,3.9752812
0.05047,3.9752812
0.050472,3.9752812
0.050474,3.9752812
0.050476,3.9752812
0.050478,3.9752812
0.05048,3.9752812
0.050482,3.9752812
0.050484,3.9752812
0.050486,3.9752812
0.050488,3.9752812
0.05049,3.9752812
0.050492,3.9752812
0.050494,3.9752812
0.050496,3.9752812
0.050498,3.9752812
0.050499998,3.9752812
0.050502,3.9752812
0.050504,3.9752812
0.050506,3.9752812
0.050508,3.9752812
0.05051,3.9752812
0.050512,3.9752812
0.050514,3.9752812
0.050516,3.9752812
0.050518,3.9752812
0.05052,3.9752812
0.050522,3.9752812
0.050524,3.9752812
0.050526,3.9752812
0.050528,3.9752812
0.05053,3.9752812
0.050532,3.9752812
0.050534,3.9752812
0.050536,3.9752812
0.050538,3.9752812
0.05054,3.9752812
0.050542,3.9752812
0.050544,3.9752812
0.050546,3.9752812
0.050548,3.9752812
0.05055,3.9752812
0.050552,3.9752812
0.050554,3.9752812
0.050556,3.9752812
0.050558,3.9752812
0.05056,3.9752812
0.050561998,3.9752812
0.050564,3.9752812
0.050566,3.9752812
0.050568,3.9752812
0.05057,3.9752812
0.050572,3.9752812
0.050574,3.9752812
0.050576,3.9752812
0.050578,3.9752812
0.05058,3.9752812
0.050582,3.9752812
0.050584,3.9752812
0.050586,3.9752812
0.050588,3.9752812
0.05059,3.9752812
0.050592,3.9752812
0.050594,3.9752812
0.050596,3.9752812
0.050598,3.9752812
0.0506,3.9752812
0.050602,3.9752812
0.050604,3.9752812
0.050606,3.9752812
0.050608,3.9752812
0.05061,3.9752812
0.050612,3.9752812
0.050614,3.9752812
0.050616,3.9752812
0.050618,3.9752812
0.05062,3.9752812
0.050622,3.9752812
0.050623998,3.9752812
0.050626,3.9752812
0.050628,3.9752812
0.05063,3.9752812
0.050632,3.9752812
0.050634,3.9752812
0.050636,3.9752812
0.050638,3.9752812
0.05064,3.9752812
0.050642,3.9752812
0.050644,3.9752812
0.050646,3.9752812
0.050648,3.9752812
0.05065,3.9752812
0.050652,3.9752812
0.050654,3.9752812
0.050656,3.9752812
0.050658,3.9752812
0.05066,3.9752812
0.050662,3.9752812
0.050664,3.9752812
0.050666,3.9752812
0.050668,3.9752812
0.05067,3.9752812
0.050672,3.9752812
0.050674,3.9752812
0.050676,3.9752812
0.050678,3.9752812
0.05068,3.9752812
0.050682,3.9752812
0.050684,3.9752812
0.050685998,3.9752812
0.050688,3.9752812
0.05069,3.9752812
0.050692,3.9752812
0.050694,3.9752812
0.050696,3.9752812
0.050698,3.9752812
0.0507,3.9752812
0.050702,3.9752812
0.050704,3.9752812
0.050706,3.9752812
0.050708,3.9752812
0.05071,3.9752812
0.050712,3.9752812
0.050714,3.9752812
0.050716,3.9752812
0.050718,3.9752812
0.05072,3.9752812
0.050722,3.9752812
0.050724,3.9752812
0.050726,3.9752812
0.050728,3.9752812
0.05073,3.9752812
0.050732,3.9752812
0.050734,3.9752812
0.050736,3.9752812
0.050738,3.9752812
0.05074,3.9752812
0.050742,3.9752812
0.050744,3.9752812
0.050746,3.9752812
0.050747998,3.9752812
0.05075,3.9752812
0.050752,3.9752812
0.050754,3.9752812
0.050756,3.9752812
0.050758,3.9752812
0.05076,3.9752812
0.050762,3.9752812
0.050764,3.9752812
0.050766,3.9752812
0.050768,3.9752812
0.05077,3.9752812
0.050772,3.9752812
0.050774,3.9752812
0.050776,3.9752812
0.050778,3.9752812
0.05078,3.9752812
0.050782,3.9752812
0.050784,3.9752812
0.050786,3.9752812
0.050788,3.9752812
0.05079,3.9752812
0.050792,3.9752812
0.050794,3.9752812
0.050796,3.9752812
0.050798,3.9752812
0.0508,3.9752812
0.050802,3.9752812
0.050804,3.9752812
0.050806,3.9752812
0.050808,3.9752812
0.050809998,3.9752812
0.050812,3.9752812
0.050814,3.9752812
0.050816,3.9752812
0.050818,3.9752812
0.05082,3.9752812
0.050822,3.9752812
0.050824,3.9752812
0.050826,3.9752812
0.050828,3.9752812
0.05083,3.9752812
0.050832,3.9752812
0.050834,3.9752812
0.050836,3.9752812
0.050838,3.9752812
0.05084,3.9752812
0.050842,3.9752812
0.050844,3.9752812
0.050846,3.9752812
0.050848,3.9752812
0.05085,3.9752812
0.050852,3.9752812
0.050854,3.9752812
0.050856,3.9752812
0.050858,3.9752812
0.05086,3.9752812
0.050862,3.9752812
0.050864,3.9752812
0.050866,3.9752812
0.050868,3.9752812
0.05087,3.9752812
0.050871998,3.9752812
0.050874,3.9752812
0.050876,3.9752812
0.050878,3.9752812
0.05088,3.9752812
0.050882,3.9752812
0.050884,3.9752812
0.050886,3.9752812
0.050888,3.9752812
0.05089,3.9752812
0.050892,3.9752812
0.050894,3.9752812
0.050896,3.9752812
0.050898,3.9752812
0.0509,3.9752812
0.050902,3.9752812
0.050904,3.9752812
0.050906,3.9752812
0.050908,3.9752812
0.05091,3.9752812
0.050912,3.9752812
0.050914,3.9752812
0.050916,3.9752812
0.050918,3.9752812
0.05092,3.9752812
0.050922,3.9752812
0.050924,3.9752812
0.050926,3.9752812
0.050928,3.9752812
0.05093,3.9752812
0.050932,3.9752812
0.050933998,3.9752812
0.050936,3.9752812
0.050938,3.9752812
0.05094,3.9752812
0.050942,3.9752812
0.050944,3.9752812
0.050946,3.9752812
0.050948,3.9752812
0.05095,3.9752812
0.050952,3.9752812
0.050954,3.9752812
0.050956,3.9752812
0.050958,3.9752812
0.05096,3.9752812
0.050962,3.9752812
0.050964,3.9752812
0.050966,3.9752812
0.050968,3.9752812
0.05097,3.9752812
0.050972,3.9752812
0.050974,3.9752812
0.050976,3.9752812
0.050978,3.9752812
0.05098,3.9752812
0.050982,3.9752812
0.050984,3.9752812
0.050986,3.9752812
0.050988,3.9752812
0.05099,3.9752812
0.050992,3.9752812
0.050994,3.9752812
0.050995998,3.9752812
0.050998,3.9752812
0.051,3.9752812
0.051002,3.9752812
0.051004,3.9752812
0.051006,3.9752812
0.051008,3.9752812
0.05101,3.9752812
0.051012,3.9752812
0.051014,3.9752812
0.051016,3.9752812
0.051018,3.9752812
0.05102,3.9752812
0.051022,3.9752812
0.051024,3.9752812
0.051026,3.9752812
0.051028,3.9752812
0.05103,3.9752812
0.051032,3.9752812
0.051034,3.9752812
0.051036,3.9752812
0.051038,3.9752812
0.05104,3.9752812
0.051042,3.9752812
0.051044,3.9752812
0.051046,3.9752812
0.051048,3.9752812
0.05105,3.9752812
0.051052,3.9752812
0.051054,3.9752812
0.051056,3.9752812
0.051057998,3.9752812
0.05106,3.9752812
0.051062,3.9752812
0.051064,3.9752812
0.051066,3.9752812
0.051068,3.9752812
0.05107,3.9752812
0.051072,3.9752812
0.051074,3.9752812
0.051076,3.9752812
0.051078,3.9752812
0.05108,3.9752812
0.051082,3.9752812
0.051084,3.9752812
0.051086,3.9752812
0.051088,3.9752812
0.05109,3.9752812
0.051092,3.9752812
0.051094,3.9752812
0.051096,3.9752812
0.051098,3.9752812
0.0511,3.9752812
0.051102,3.9752812
0.051104,3.9752812
0.051106,3.9752812
0.051108,3.9752812
0.05111,3.9752812
0.051112,3.9752812
0.051114,3.9752812
0.051116,3.9752812
0.051118,3.9752812
0.051119998,3.9752812
0.051122,3.9752812
0.051124,3.9752812
0.051126,3.9752812
0.051128,3.9752812
0.05113,3.9752812
0.051132,3.9752812
0.051134,3.9752812
0.051136,3.9752812
0.051138,3.9752812
0.05114,3.9752812
0.051142,3.9752812
0.051144,3.9752812
0.051146,3.9752812
0.051148,3.9752812
0.05115,3.9752812
0.051152,3.9752812
0.051154,3.9752812
0.051156,3.9752812
0.051158,3.9752812
0.05116,3.9752812
0.051162,3.9752812
0.051164,3.9752812
0.051166,3.9752812
0.051168,3.9752812
0.05117,3.9752812
0.051172,3.9752812
0.051174,3.9752812
0.051176,3.9752812
0.051178,3.9752812
0.05118,3.9752812
0.051181998,3.9752812
0.051184,3.9752812
0.051186,3.9752812
0.051188,3.9752812
0.05119,3.9752812
0.051192,3.9752812
0.051194,3.9752812
0.051196,3.9752812
0.051198,3.9752812
0.0512,3.9752812
0.051202,3.9752812
0.051204,3.9752812
0.051206,3.9752812
0.051208,3.9752812
0.05121,3.9752812
0.051212,3.9752812
0.051214,3.9752812
0.051216,3.9752812
0.051218,3.9752812
0.05122,3.9752812
0.051222,3.9752812
0.051224,3.9752812
0.051226,3.9752812
0.051228,3.9752812
0.05123,3.9752812
0.051232,3.9752812
0.051234,3.9752812
0.051236,3.9752812
0.051238,3.9752812
0.05124,3.9752812
0.051242,3.9752812
0.051243998,3.9752812
0.051246,3.9752812
0.051248,3.9752812
0.05125,3.9752812
0.051252,3.9752812
0.051254,3.9752812
0.051256,3.9752812
0.051258,3.9752812
0.05126,3.9752812
0.051262,3.9752812
0.051264,3.9752812
0.051266,3.9752812
0.051268,3.9752812
0.05127,3.9752812
0.051272,3.9752812
0.051274,3.9752812
0.051276,3.9752812
0.051278,3.9752812
0.05128,3.9752812
0.051282,3.9752812
0.051284,3.9752812
0.051286,3.9752812
0.051288,3.9752812
0.05129,3.9752812
0.051292,3.9752812
0.051294,3.9752812
0.051296,3.9752812
0.051298,3.9752812
0.0513,3.9752812
0.051302,3.9752812
0.051304,3.9752812
0.051305998,3.9752812
0.051308,3.9752812
0.05131,3.9752812
0.051312,3.9752812
0.051314,3.9752812
0.051316,3.9752812
0.051318,3.9752812
0.05132,3.9752812
0.051322,3.9752812
0.051324,3.9752812
0.051326,3.9752812
0.051328,3.9752812
0.05133,3.9752812
0.051332,3.9752812
0.051334,3.9752812
0.051336,3.9752812
0.051338,3.9752812
0.05134,3.9752812
0.051342,3.9752812
0.051344,3.9752812
0.051346,3.9752812
0.051348,3.9752812
0.05135,3.9752812
0.051352,3.9752812
0.051354,3.9752812
0.051356,3.9752812
0.051358,3.9752812
0.05136,3.9752812
0.051362,3.9752812
0.051364,3.9752812
0.051366,3.9752812
0.051367998,3.9752812
0.05137,3.9752812
0.051372,3.9752812
0.051374,3.9752812
0.051376,3.9752812
0.051378,3.9752812
0.05138,3.9752812
0.051382,3.9752812
0.051384,3.9752812
0.051386,3.9752812
0.051388,3.9752812
0.05139,3.9752812
0.051392,3.9752812
0.051394,3.9752812
0.051396,3.9752812
0.051398,3.9752812
0.0514,3.9752812
0.051402,3.9752812
0.051404,3.9752812
0.051406,3.9752812
0.051408,3.9752812
0.05141,3.9752812
0.051412,3.9752812
0.051413998,3.9752812
0.051416,3.9752812
0.051418,3.9752812
0.05142,3.9752812
0.051422,3.9752812
0.051424,3.9752812
0.051426,3.9752812
0.051428,3.9752812
0.051429998,3.9752812
0.051432,3.9752812
0.051434,3.9752812
0.051436,3.9752812
0.051438,3.9752812
0.05144,3.9752812
0.051442,3.9752812
0.051444,3.9752812
0.051446,3.9752812
0.051448,3.9752812
0.05145,3.9752812
0.051452,2.8194976
0.051454,2.727035
0.051456,2.727035
0.051458,2.727035
0.05146,2.727035
0.051462,2.727035
0.051464,2.727035
0.051466,2.727035
0.051468,2.727035
0.05147,2.6808028
0.051472,2.6808028
0.051474,2.6808028
0.051475998,2.6808028
0.051478,2.6808028
0.05148,2.6808028
0.051482,2.6808028
0.051484,2.6808028
0.051486,2.6808028
0.051488,2.6808028
0.05149,2.6808028
0.051491998,2.6808028
0.051494,2.6808028
0.051496,2.6808028
0.051498,2.6808028
0.0515,2.6808028
0.051502,2.6808028
0.051504,2.6808028
0.051506,2.6808028
0.051508,2.6808028
0.05151,2.6808028
0.051512,2.6808028
0.051514,2.6808028
0.051516,2.6808028
0.051518,2.6808028
0.05152,2.6808028
0.051522,2.6808028
0.051524,2.6808028
0.051526,2.6808028
0.051528,2.6808028
0.05153,2.6808028
0.051532,2.6808028
0.051534,2.6808028
0.051536,2.6808028
0.051537998,2.6808028
0.05154,2.6808028
0.051542,2.6808028
0.051544,2.6808028
0.051546,2.6808028
0.051548,2.6808028
0.05155,2.6808028
0.051552,2.6808028
0.051554,2.6808028
0.051556,2.6808028
0.051558,2.6808028
0.05156,2.6808028
0.051562,2.6808028
0.051564,2.6808028
0.051566,2.6808028
0.051568,2.6808028
0.05157,2.6808028
0.051572,2.6808028
0.051574,2.6808028
0.051576,2.6808028
0.051578,2.6808028
0.05158,2.6808028
0.051582,2.6808028
0.051584,2.6808028
0.051586,2.6808028
0.051588,2.6808028
0.05159,2.6808028
0.051592,2.6808028
0.051594,2.6808028
0.051596,2.6808028
0.051598,2.6808028
0.051599998,2.6808028
0.051602,2.6808028
0.051604,2.6808028
0.051606,2.6808028
0.051608,2.6808028
0.05161,2.6808028
0.051612,2.6808028
0.051614,2.6808028
0.051616,2.6808028
0.051618,2.6808028
0.05162,2.6808028
0.051622,2.6808028
0.051624,2.6808028
0.051626,2.6808028
0.051628,2.6808028
0.05163,2.6808028
0.051632,2.6808028
0.051634,2.6808028
0.051636,2.6808028
0.051638,2.6808028
0.05164,2.6808028
0.051642,2.6808028
0.051644,2.6808028
0.051646,2.6808028
0.051648,2.6808028
0.05165,2.6808028
0.051652,2.6808028
0.051654,2.6808028
0.051656,2.6808028
0.051658,2.6808028
0.05166,2.6808028
0.051661998,2.6808028
0.051664,2.6808028
0.051666,2.6808028
0.051668,2.6808028
0.05167,2.6808028
0.051672,2.6808028
0.051674,2.6808028
0.051676,2.6808028
0.051678,2.6808028
0.05168,2.6808028
0.051682,2.6808028
0.051684,2.6808028
0.051686,2.6808028
0.051688,2.6808028
0.05169,2.6808028
0.051692,2.6808028
0.051694,2.6808028
0.051696,2.6808028
0.051698,2.6808028
0.0517,2.6808028
0.051702,2.6808028
0.051704,2.6808028
0.051706,2.6808028
0.051708,2.6808028
0.05171,2.6808028
0.051712,2.6808028
0.051714,2.6808028
0.051716,2.6808028
0.051718,2.6808028
0.05172,2.6808028
0.051722,2.6808028
0.051723998,2.6808028
0.051726,2.6808028
0.051728,2.6808028
0.05173,2.6808028
0.051732,2.6808028
0.051734,2.6808028
0.051736,2.6808028
0.051738,2.6808028
0.05174,2.6808028
0.051742,2.6808028
0.051744,2.6808028
0.051746,2.6808028
0.051748,2.6808028
0.05175,2.6808028
0.051752,2.6808028
0.051754,2.6808028
0.051756,2.6808028
0.051758,2.6808028
0.05176,2.6808028
0.051762,2.6808028
0.051764,2.6808028
0.051766,2.6808028
0.051768,2.6808028
0.05177,2.6808028
0.051772,2.6808028
0.051774,2.6808028
0.051776,2.6808028
0.051778,1.7099442
0.05178,1.4325566
0.051782,1.4325566
0.051784,1.4325566
0.051785998,1.4325566
0.051788,1.4325566
0.05179,1.4325566
0.051792,1.4325566
0.051794,1.4325566
0.051796,1.4325566
0.051798,1.4325566
0.0518,1.4325566
0.051802,1.4325566
0.051804,1.4325566
0.051806,1.4325566
0.051808,1.4325566
0.05181,1.4325566
0.051812,1.4325566
0.051814,1.4325566
0.051816,1.4325566
0.051818,1.3863249
0.05182,1.3863249
0.051822,1.3863249
0.051824,1.3863249
0.051826,1.3863249
0.051828,1.3863249
0.05183,1.3863249
0.051832,1.3863249
0.051834,1.3863249
0.051836,1.3863249
0.051838,1.3863249
0.05184,1.3863249
0.051842,1.3863249
0.051844,1.3863249
0.051846,1.3863249
0.051847998,1.3863249
0.05185,1.3863249
0.051852,1.3863249
0.051854,1.3863249
0.051856,1.3863249
0.051858,1.3863249
0.05186,1.3863249
0.051862,1.3863249
0.051864,1.3863249
0.051866,1.3863249
0.051868,1.3863249
0.05187,1.3863249
0.051872,1.3863249
0.051874,1.3863249
0.051876,1.3863249
0.051878,1.3863249
0.05188,1.3863249
0.051882,1.3863249
0.051884,1.3863249
0.051886,1.3863249
0.051888,1.3863249
0.05189,1.3863249
0.051892,1.3863249
0.051894,1.3863249
0.051896,1.3863249
0.051898,1.3863249
0.0519,1.3863249
0.051902,1.3863249
0.051904,1.3863249
0.051906,1.3863249
0.051908,1.3863249
0.051909998,1.3863249
0.051912,1.3863249
0.051914,1.3863249
0.051916,1.3863249
0.051918,1.3863249
0.05192,1.3863249
0.051922,1.3863249
0.051924,1.3863249
0.051926,1.3863249
0.051928,1.3863249
0.05193,1.3863249
0.051932,1.3863249
0.051934,1.3863249
0.051936,1.3863249
0.051938,1.3863249
0.05194,1.3863249
0.051942,1.3863249
0.051944,1.3863249
0.051946,1.3863249
0.051948,1.3863249
0.05195,1.3863249
0.051952,1.3863249
0.051954,1.3863249
0.051956,1.3863249
0.051958,1.3863249
0.05196,1.3863249
0.051962,1.3863249
0.051964,1.3863249
0.051966,1.3863249
0.051968,1.3863249
0.05197,1.3863249
0.051971998,1.3863249
0.051974,1.3863249
0.051976,1.3863249
0.051978,1.3863249
0.05198,1.3863249
0.051982,1.3863249
0.051984,1.3863249
0.051986,1.3863249
0.051988,1.3863249
0.05199,1.3863249
0.051992,1.3863249
0.051994,1.3863249
0.051996,1.3863249
0.051998,1.3863249
0.052,1.3863249
0.052002,1.3863249
0.052004,1.3863249
0.052006,1.3863249
0.052008,1.3863249
0.05201,1.3863249
0.052012,1.3863249
0.052014,1.3863249
0.052016,1.3863249
0.052018,1.3863249
0.05202,1.3863249
0.052022,1.3863249
0.052024,1.3863249
0.052026,1.3863249
0.052028,1.3863249
0.05203,1.3863249
0.052032,1.3863249
0.052033998,1.3863249
0.052036,1.3863249
0.052038,1.3863249
0.05204,1.3863249
0.052042,1.3863249
0.052044,1.3863249
0.052046,1.3863249
0.052048,1.3863249
0.05205,1.3863249
0.052052,1.3863249
0.052054,1.3863249
0.052056,1.3863249
0.052058,1.3863249
0.05206,1.3863249
0.052062,1.3863249
0.052064,1.3863249
0.052066,1.3863249
0.052068,1.3863249
0.05207,1.3863249
0.052072,1.3863249
0.052074,1.3863249
0.052076,1.3863249
0.052078,1.3863249
0.05208,1.3863249
0.052082,1.3863249
0.052084,1.3863249
0.052086,1.3863249
0.052088,1.3863249
0.05209,1.3863249
0.052092,1.3863249
0.052094,1.3863249
0.052095998,1.3863249
0.052098,1.3863249
0.0521,1.3863249
0.052102,1.3863249
0.052104,1.3863249
0.052106,1.3863249
0.052108,1.3863249
0.05211,1.3863249
0.052112,1.3863249
0.052114,1.3863249
0.052116,1.3863249
0.052118,1.3863249
0.05212,1.3863249
0.052122,1.3863249
0.052124,1.3863249
0.052126,1.3863249
0.052128,1.3863249
0.05213,1.3863249
0.052132,1.3863249
0.052134,1.3863249
0.052136,1.3863249
0.052138,1.3863249
0.05214,1.3863249
0.052142,1.3863249
0.052144,1.3863249
0.052146,1.3863249
0.052148,1.3863249
0.05215,1.3863249
0.052152,1.3863249
0.052154,1.3863249
0.052156,1.3863249
0.052157998,1.1551685
0.05216,0.184309
0.052162,0.13807821
0.052164,0.13807821
0.052166,0.13807821
0.052168,0.13807821
0.05217,0.13807821
0.052172,0.13807821
0.052174,0.13807821
0.052176,0.13807821
0.052178,0.13807821
0.05218,0.13807821
0.052182,0.091846466
0.052184,0.091846466
0.052186,0.091846466
0.052188,0.091846466
0.05219,0.091846466
0.052192,0.091846466
0.052194,0.091846466
0.052196,0.091846466
0.052198,0.091846466
0.0522,0.091846466
0.052202,0.091846466
0.052204,0.091846466
0.052206,0.091846466
0.052208,0.091846466
0.05221,0.091846466
0.052212,0.091846466
0.052214,0.091846466
0.052216,0.091846466
0.052218,0.091846466
0.052219998,0.091846466
0.052222,0.091846466
0.052224,0.091846466
0.052226,0.091846466
0.052228,0.091846466
0.05223,0.091846466
0.052232,0.091846466
0.052234,0.091846466
0.052236,0.091846466
0.052238,0.091846466
0.05224,0.091846466
0.052242,0.091846466
0.052244,0.091846466
0.052246,0.091846466
0.052248,0.091846466
0.05225,0.091846466
0.052252,0.091846466
0.052254,0.091846466
0.052256,0.091846466
0.052258,0.091846466
0.05226,0.091846466
0.052262,0.091846466
0.052264,0.091846466
0.052266,0.091846466
0.052268,0.091846466
0.05227,0.091846466
0.052272,0.091846466
0.052274,0.091846466
0.052276,0.091846466
0.052278,0.091846466
0.05228,0.091846466
0.052281998,0.091846466
0.052284,0.091846466
0.052286,0.091846466
0.052288,0.091846466
0.05229,0.091846466
0.052292,0.091846466
0.052294,0.091846466
0.052296,0.091846466
0.052298,0.091846466
0.0523,0.091846466
0.052302,0.091846466
0.052304,0.091846466
0.052306,0.091846466
0.052308,0.091846466
0.05231,0.091846466
0.052312,0.091846466
0.052314,0.091846466
0.052316,0.091846466
0.052318,0.091846466
0.05232,0.091846466
0.052322,0.091846466
0.052324,0.091846466
0.052326,0.091846466
0.052328,0.091846466
0.05233,0.091846466
0.052332,0.091846466
0.052334,0.091846466
0.052336,0.091846466
0.052338,0.091846466
0.05234,0.091846466
0.052342,0.091846466
0.052343998,0.091846466
0.052346,0.091846466
0.052348,0.091846466
0.05235,0.091846466
0.052352,0.091846466
0.052354,0.091846466
0.052356,0.091846466
0.052358,0.091846466
0.05236,0.091846466
0.052362,0.091846466
0.052364,0.091846466
0.052366,0.091846466
0.052368,0.091846466
0.05237,0.091846466
0.052372,0.091846466
0.052374,0.091846466
0.052376,0.091846466
0.052378,0.091846466
0.05238,0.091846466
0.052382,0.091846466
0.052384,0.091846466
0.052386,0.091846466
0.052388,0.091846466
0.05239,0.091846466
0.052392,0.091846466
0.052394,0.091846466
0.052396,0.091846466
0.052398,0.091846466
0.0524,0.091846466
0.052402,0.091846466
0.052404,0.091846466
0.052405998,0.091846466
0.052408,0.091846466
0.05241,0.091846466
0.052412,0.091846466
0.052414,0.091846466
0.052416,0.091846466
0.052418,0.091846466
0.05242,0.091846466
0.052422,0.091846466
0.052424,0.091846466
0.052426,0.091846466
0.052428,0.091846466
0.05243,0.091846466
0.052432,0.091846466
0.052434,0.091846466
0.052436,0.091846466
0.052438,0.091846466
0.05244,0.091846466
0.052442,0.091846466
0.052444,0.091846466
0.052446,0.091846466
0.052448,0.091846466
0.05245,0.091846466
0.052452,0.091846466
0.052454,0.091846466
0.052456,0.091846466
0.052458,0.091846466
0.05246,0.091846466
0.052462,0.091846466
0.052464,0.091846466
0.052466,0.091846466
0.052467998,0.091846466
0.05247,0.091846466
0.052472,0.091846466
0.052474,0.091846466
0.052476,0.091846466
0.052478,0.091846466
0.05248,0.091846466
0.052482,0.091846466
0.052484,0.091846466
0.052486,0.091846466
0.052488,0.091846466
0.05249,0.091846466
0.052492,0.091846466
0.052494,0.091846466
0.052496,0.091846466
0.052498,0.091846466
0.0525,0.091846466
0.052502,0.091846466
0.052504,0.091846466
0.052506,0.091846466
0.052508,0.091846466
0.05251,0.091846466
0.052512,0.091846466
0.052514,0.091846466
0.052516,0.091846466
0.052518,0.091846466
0.05252,0.091846466
0.052522,0.091846466
0.052524,0.091846466
0.052526,0.091846466
0.052528,0.091846466
0.052529998,0.091846466
0.052532,0.091846466
0.052534,0.091846466
0.052536,0.091846466
0.052538,0.091846466
0.05254,0.091846466
0.052542,0.091846466
0.052544,0.091846466
0.052546,0.091846466
0.052548,0.091846466
0.05255,0.091846466
0.052552,0.091846466
0.052554,0.091846466
0.052556,0.091846466
0.052558,0.091846466
0.05256,0.091846466
0.052562,0.091846466
0.052564,0.091846466
0.052566,0.091846466
0.052568,0.091846466
0.05257,0.091846466
0.052572,0.091846466
0.052574,0.091846466
0.052575998,0.091846466
0.052578,0.091846466
0.05258,0.091846466
0.052582,0.091846466
0.052584,0.091846466
0.052586,0.091846466
0.052588,0.091846466
0.05259,0.091846466
0.052591998,0.091846466
0.052594,0.091846466
0.052596,0.091846466
0.052598,0.091846466
0.0526,0.091846466
0.052602,0.091846466
0.052604,0.091846466
0.052606,0.091846466
0.052608,0.091846466
0.05261,0.091846466
0.052612,0.091846466
0.052614,0.091846466
0.052616,0.091846466
0.052618,0.091846466
0.05262,0.091846466
0.052622,0.091846466
0.052624,0.091846466
0.052626,0.091846466
0.052628,0.091846466
0.05263,0.091846466
0.052632,0.091846466
0.052634,0.091846466
0.052636,0.091846466
0.052637998,0.091846466
0.05264,0.091846466
0.052642,0.091846466
0.052644,0.091846466
0.052646,0.091846466
0.052648,0.091846466
0.05265,0.091846466
0.052652,0.091846466
0.052653998,0.091846466
0.052656,0.091846466
0.052658,0.091846466
0.05266,0.091846466
0.052662,0.091846466
0.052664,0.091846466
0.052666,0.091846466
0.052668,0.091846466
0.05267,0.091846466
0.052672,0.091846466
0.052674,0.091846466
0.052676,0.091846466
0.052678,0.091846466
0.05268,0.091846466
0.052682,0.091846466
0.052684,0.091846466
0.052686,0.091846466
0.052688,0.091846466
0.05269,0.091846466
0.052692,0.091846466
0.052694,0.091846466
0.052696,0.091846466
0.052698,0.091846466
0.052699998,0.091846466
0.052702,0.091846466
0.052704,0.091846466
0.052706,0.091846466
0.052708,0.091846466
0.05271,0.091846466
0.052712,0.091846466
0.052714,0.091846466
0.052716,0.091846466
0.052718,0.091846466
0.05272,0.091846466
0.052722,0.091846466
0.052724,0.091846466
0.052726,0.091846466
0.052728,0.091846466
0.05273,0.091846466
0.052732,0.091846466
0.052734,0.091846466
0.052736,0.091846466
0.052738,0.091846466
0.05274,0.091846466
0.052742,0.091846466
0.052744,0.091846466
0.052746,0.091846466
0.052748,0.091846466
0.05275,0.091846466
0.052752,0.091846466
0.052754,0.091846466
0.052756,0.091846466
0.052758,0.091846466
0.05276,0.091846466
0.052761998,0.091846466
0.052764,0.091846466
0.052766,0.091846466
0.052768,0.091846466
0.05277,0.091846466
0.052772,0.091846466
0.052774,0.091846466
0.052776,0.091846466
0.052778,0.091846466
0.05278,0.091846466
0.052782,0.091846466
0.052784,0.091846466
0.052786,0.091846466
0.052788,0.091846466
0.05279,0.091846466
0.052792,0.091846466
0.052794,0.091846466
0.052796,0.091846466
0.052798,0.091846466
0.0528,0.091846466
0.052802,0.091846466
0.052804,0.091846466
0.052806,0.091846466
0.052808,0.091846466
0.05281,0.091846466
0.052812,0.091846466
0.052814,0.091846466
0.052816,0.091846466
0.052818,0.091846466
0.05282,0.091846466
0.052822,0.091846466
0.052823998,0.091846466
0.052826,0.091846466
0.052828,0.091846466
0.05283,0.091846466
0.052832,0.091846466
0.052834,0.091846466
0.052836,0.091846466
0.052838,0.091846466
0.05284,0.091846466
0.052842,0.091846466
0.052844,0.091846466
0.052846,0.091846466
0.052848,0.091846466
0.05285,0.091846466
0.052852,0.091846466
0.052854,0.091846466
0.052856,0.091846466
0.052858,0.091846466
0.05286,0.091846466
0.052862,0.091846466
0.052864,0.091846466
0.052866,0.091846466
0.052868,0.091846466
0.05287,0.091846466
0.052872,0.091846466
0.052874,0.091846466
0.052876,0.091846466
0.052878,0.091846466
0.05288,0.091846466
0.052882,0.091846466
0.052884,0.091846466
0.052885998,0.091846466
0.052888,0.091846466
0.05289,0.091846466
0.052892,0.091846466
0.052894,0.091846466
0.052896,0.091846466
0.052898,0.091846466
0.0529,0.091846466
0.052902,0.091846466
0.052904,0.091846466
0.052906,0.091846466
0.052908,0.091846466
0.05291,0.091846466
0.052912,0.091846466
0.052914,0.091846466
0.052916,0.091846466
0.052918,0.091846466
0.05292,0.091846466
0.052922,0.091846466
0.052924,0.091846466
0.052926,0.091846466
0.052928,0.091846466
0.05293,0.091846466
0.052932,0.091846466
0.052934,0.091846466
0.052936,0.091846466
0.052938,0.091846466
0.05294,0.091846466
0.052942,0.091846466
0.052944,0.091846466
0.052946,0.091846466
0.052947998,0.091846466
0.05295,0.091846466
0.052952,0.091846466
0.052954,0.091846466
0.052956,0.091846466
0.052958,0.091846466
0.05296,0.091846466
0.052962,0.091846466
0.052964,0.091846466
0.052966,0.091846466
0.052968,0.091846466
0.05297,0.091846466
0.052972,0.091846466
0.052974,0.091846466
0.052976,1.2476311
0.052978,1.3863249
0.05298,1.3400936
0.052982,1.3863249
0.052984,1.3863249
0.052986,1.3863249
0.052988,1.3863249
0.05299,1.3863249
0.052992,1.3863249
0.052994,1.3863249
0.052996,1.3863249
0.052998,1.3863249
0.053,1.3863249
0.053002,1.3863249
0.053004,1.3863249
0.053006,1.3863249
0.053008,1.3863249
0.053009998,1.3863249
0.053012,1.3863249
0.053014,1.3863249
0.053016,1.3863249
0.053018,1.3863249
0.05302,1.3863249
0.053022,1.3863249
0.053024,1.3863249
0.053026,1.3863249
0.053028,1.3863249
0.05303,1.3863249
0.053032,1.3863249
0.053034,1.3863249
0.053036,1.3863249
0.053038,1.3863249
0.05304,1.3863249
0.053042,1.3863249
0.053044,1.3863249
0.053046,1.3863249
0.053048,1.3863249
0.05305,1.3863249
0.053052,1.3863249
0.053054,1.3863249
0.053056,1.3863249
0.053058,1.3863249
0.05306,1.3863249
0.053062,1.3863249
0.053064,1.3863249
0.053066,1.3863249
0.053068,1.3863249
0.05307,1.3863249
0.053071998,1.3863249
0.053074,1.3863249
0.053076,1.3863249
0.053078,1.3863249
0.05308,1.3863249
0.053082,1.3863249
0.053084,1.3863249
0.053086,1.3863249
0.053088,1.3863249
0.05309,1.3863249
0.053092,1.3863249
0.053094,1.3863249
0.053096,1.3863249
0.053098,1.3863249
0.0531,1.3863249
0.053102,1.3863249
0.053104,1.3863249
0.053106,1.3863249
0.053108,1.3863249
0.05311,1.3863249
0.053112,1.3863249
0.053114,1.3863249
0.053116,1.3863249
0.053118,1.3863249
0.05312,1.3863249
0.053122,1.3863249
0.053124,1.3863249
0.053126,1.3863249
0.053128,1.3863249
0.05313,1.3863249
0.053132,1.3863249
0.053133998,1.3863249
0.053136,1.3863249
0.053138,1.3863249
0.05314,1.3863249
0.053142,1.3863249
0.053144,1.3863249
0.053146,1.3863249
0.053148,1.3863249
0.05315,1.3863249
0.053152,1.3863249
0.053154,1.3863249
0.053156,1.3863249
0.053158,1.3863249
0.05316,1.3863249
0.053162,1.3863249
0.053164,1.3863249
0.053166,1.3863249
0.053168,1.3863249
0.05317,1.3863249
0.053172,1.3863249
0.053174,1.3863249
0.053176,1.3863249
0.053178,1.3863249
0.05318,1.3863249
0.053182,1.3863249
0.053184,1.3863249
0.053186,1.3863249
0.053188,1.3863249
0.05319,1.3863249
0.053192,1.3863249
0.053194,1.3863249
0.053195998,1.3863249
0.053198,1.3863249
0.0532,1.3863249
0.053202,1.3863249
0.053204,1.3863249
0.053206,1.3863249
0.053208,1.3863249
0.05321,1.3863249
0.053212,1.3863249
0.053214,1.3863249
0.053216,1.3863249
0.053218,1.3863249
0.05322,1.3863249
0.053222,1.3863249
0.053224,1.3863249
0.053226,1.3863249
0.053228,1.3863249
0.05323,1.3863249
0.053232,1.3863249
0.053234,1.3863249
0.053236,1.3863249
0.053238,1.3863249
0.05324,1.3863249
0.053242,1.3863249
0.053244,1.3863249
0.053246,1.3863249
0.053248,1.3863249
0.05325,1.3863249
0.053252,1.3863249
0.053254,1.3863249
0.053256,1.3863249
0.053257998,1.3863249
0.05326,1.3863249
0.053262,1.3863249
0.053264,1.3863249
0.053266,1.3863249
0.053268,1.3863249
0.05327,1.3863249
0.053272,1.3863249
0.053274,1.3863249
0.053276,1.3863249
0.053278,1.3863249
0.05328,1.3863249
0.053282,1.3863249
0.053284,1.3863249
0.053286,1.3863249
0.053288,1.3863249
0.05329,1.3863249
0.053292,1.3863249
0.053294,1.3863249
0.053296,1.3863249
0.053298,1.3863249
0.0533,1.3863249
0.053302,1.3863249
0.053304,1.3863249
0.053306,1.3863249
0.053308,1.3863249
0.05331,1.3863249
0.053312,1.3863249
0.053314,1.3863249
0.053316,1.3863249
0.053318,1.3863249
0.053319998,1.3863249
0.053322,1.3863249
0.053324,1.3863249
0.053326,1.3863249
0.053328,1.3863249
0.05333,2.6345725
0.053332,2.6345725
0.053334,2.6345725
0.053336,2.6345725
0.053338,2.6345725
0.05334,2.6345725
0.053342,2.6345725
0.053344,2.6808028
0.053346,2.6808028
0.053348,2.6808028
0.05335,2.6808028
0.053352,2.6808028
0.053354,2.6808028
0.053356,2.6808028
0.053358,2.6808028
0.05336,2.6808028
0.053362,2.6808028
0.053364,2.6808028
0.053366,2.6808028
0.053368,2.6808028
0.05337,2.6808028
0.053372,2.6808028
0.053374,2.6808028
0.053376,2.6808028
0.053378,2.6808028
0.05338,2.6808028
0.053381998,2.6808028
0.053384,2.6808028
0.053386,2.6808028
0.053388,2.6808028
0.05339,2.6808028
0.053392,2.6808028
0.053394,2.6808028
0.053396,2.6808028
0.053398,2.6808028
0.0534,2.6808028
0.053402,2.6808028
0.053404,2.6808028
0.053406,2.6808028
0.053408,2.6808028
0.05341,2.6808028
0.053412,2.6808028
0.053414,2.6808028
0.053416,2.6808028
0.053418,2.6808028
0.05342,2.6808028
0.053422,2.6808028
0.053424,2.6808028
0.053426,2.6808028
0.053428,2.6808028
0.05343,2.6808028
0.053432,2.6808028
0.053434,2.6808028
0.053436,2.6808028
0.053438,2.6808028
0.05344,2.6808028
0.053442,2.6808028
0.053443998,2.6808028
0.053446,2.6808028
0.053448,2.6808028
0.05345,2.6808028
0.053452,2.6808028
0.053454,2.6808028
0.053456,2.6808028
0.053458,2.6808028
0.05346,2.6808028
0.053462,2.6808028
0.053464,2.6808028
0.053466,2.6808028
0.053468,2.6808028
0.05347,2.6808028
0.053472,2.6808028
0.053474,2.6808028
0.053476,2.6808028
0.053478,2.6808028
0.05348,2.6808028
0.053482,2.6808028
0.053484,2.6808028
0.053486,2.6808028
0.053488,2.6808028
0.05349,2.6808028
0.053492,2.6808028
0.053494,2.6808028
0.053496,2.6808028
0.053498,2.6808028
0.0535,2.6808028
0.053502,2.6808028
0.053504,2.6808028
0.053505998,2.6808028
0.053508,2.6808028
0.05351,2.6808028
0.053512,2.6808028
0.053514,2.6808028
0.053516,2.6808028
0.053518,2.6808028
0.05352,2.6808028
0.053522,2.6808028
0.053524,2.6808028
0.053526,2.6808028
0.053528,2.6808028
0.05353,2.6808028
0.053532,2.6808028
0.053534,2.6808028
0.053536,2.6808028
0.053538,2.6808028
0.05354,2.6808028
0.053542,2.6808028
0.053544,2.6808028
0.053546,2.6808028
0.053548,2.6808028
0.05355,2.6808028
0.053552,2.6808028
0.053554,2.6808028
0.053556,2.6808028
0.053558,2.6808028
0.05356,2.6808028
0.053562,2.6808028
0.053564,2.6808028
0.053566,2.6808028
0.053567998,2.6808028
0.05357,2.6808028
0.053572,2.6808028
0.053574,2.6808028
0.053576,2.6808028
0.053578,2.6808028
0.05358,2.6808028
0.053582,2.6808028
0.053584,2.6808028
0.053586,2.6808028
0.053588,2.6808028
0.05359,2.6808028
0.053592,2.6808028
0.053594,2.6808028
0.053596,2.6808028
0.053598,2.6808028
0.0536,2.6808028
0.053602,2.6808028
0.053604,2.6808028
0.053606,2.6808028
0.053608,2.6808028
0.05361,2.6808028
0.053612,2.6808028
0.053614,2.6808028
0.053616,2.6808028
0.053618,2.6808028
0.05362,2.6808028
0.053622,2.6808028
0.053624,2.6808028
0.053626,2.6808028
0.053628,2.6808028
0.053629998,2.6808028
0.053632,2.6808028
0.053634,2.6808028
0.053636,2.6808028
0.053638,2.6808028
0.05364,2.6808028
0.053642,2.6808028
0.053644,2.6808028
0.053646,2.6808028
0.053648,2.6808028
0.05365,2.6808028
0.053652,2.6808028
0.053654,2.6808028
0.053656,3.8828197
0.053658,3.92905
0.05366,3.92905
0.053662,3.9752812
0.053664,3.9752812
0.053666,3.9752812
0.053668,3.9752812
0.05367,3.9752812
0.053672,3.9752812
0.053674,3.9752812
0.053675998,3.9752812
0.053678,3.9752812
0.05368,3.9752812
0.053682,3.9752812
0.053684,3.9752812
0.053686,3.9752812
0.053688,3.9752812
0.05369,3.9752812
0.053691998,3.9752812
0.053694,3.9752812
0.053696,3.9752812
0.053698,3.9752812
0.0537,3.9752812
0.053702,3.9752812
0.053704,3.9752812
0.053706,3.9752812
0.053708,3.9752812
0.05371,3.9752812
0.053712,3.9752812
0.053714,3.9752812
0.053716,3.9752812
0.053718,3.9752812
0.05372,3.9752812
0.053722,3.9752812
0.053724,3.9752812
0.053726,3.9752812
0.053728,3.9752812
0.05373,3.9752812
0.053732,3.9752812
0.053734,3.9752812
0.053736,3.9752812
0.053737998,3.9752812
0.05374,3.9752812
0.053742,3.9752812
0.053744,3.9752812
0.053746,3.9752812
0.053748,3.9752812
0.05375,3.9752812
0.053752,3.9752812
0.053753998,3.9752812
0.053756,3.9752812
0.053758,3.9752812
0.05376,3.9752812
0.053762,3.9752812
0.053764,3.9752812
0.053766,3.9752812
0.053768,3.9752812
0.05377,3.9752812
0.053772,3.9752812
0.053774,3.9752812
0.053776,3.9752812
0.053778,3.9752812
0.05378,3.9752812
0.053782,3.9752812
0.053784,3.9752812
0.053786,3.9752812
0.053788,3.9752812
0.05379,3.9752812
0.053792,3.9752812
0.053794,3.9752812
0.053796,3.9752812
0.053798,3.9752812
0.053799998,3.9752812
0.053802,3.9752812
0.053804,3.9752812
0.053806,3.9752812
0.053808,3.9752812
0.05381,3.9752812
0.053812,3.9752812
0.053814,3.9752812
0.053815998,3.9752812
0.053818,3.9752812
0.05382,3.9752812
0.053822,3.9752812
0.053824,3.9752812
0.053826,3.9752812
0.053828,3.9752812
0.05383,3.9752812
0.053832,3.9752812
0.053834,3.9752812
0.053836,3.9752812
0.053838,3.9752812
0.05384,3.9752812
0.053842,3.9752812
0.053844,3.9752812
0.053846,3.9752812
0.053848,3.9752812
0.05385,3.9752812
0.053852,3.9752812
0.053854,3.9752812
0.053856,3.9752812
0.053858,3.9752812
0.05386,3.9752812
0.053861998,3.9752812
0.053864,3.9752812
0.053866,3.9752812
0.053868,3.9752812
0.05387,3.9752812
0.053872,3.9752812
0.053874,3.9752812
0.053876,3.9752812
0.053878,3.9752812
0.05388,3.9752812
0.053882,3.9752812
0.053884,3.9752812
0.053886,3.9752812
0.053888,3.9752812
0.05389,3.9752812
0.053892,3.9752812
0.053894,3.9752812
0.053896,3.9752812
0.053898,3.9752812
0.0539,3.9752812
0.053902,3.9752812
0.053904,3.9752812
0.053906,3.9752812
0.053908,3.9752812
0.05391,3.9752812
0.053912,3.9752812
0.053914,3.9752812
0.053916,3.9752812
0.053918,3.9752812
0.05392,3.9752812
0.053922,3.9752812
0.053923998,3.9752812
0.053926,3.9752812
0.053928,3.9752812
0.05393,3.9752812
0.053932,3.9752812
0.053934,3.9752812
0.053936,3.9752812
0.053938,3.9752812
0.05394,3.9752812
0.053942,3.9752812
0.053944,3.9752812
0.053946,3.9752812
0.053948,3.9752812
0.05395,3.9752812
0.053952,3.9752812
0.053954,3.9752812
0.053956,3.9752812
0.053958,3.9752812
0.05396,3.9752812
0.053962,3.9752812
0.053964,3.9752812
0.053966,3.9752812
0.053968,3.9752812
0.05397,3.9752812
0.053972,3.9752812
0.053974,3.9752812
0.053976,3.9752812
0.053978,3.9752812
0.05398,3.9752812
0.053982,3.9752812
0.053984,3.9752812
0.053985998,3.9752812
0.053988,3.9752812
0.05399,3.9752812
0.053992,3.9752812
0.053994,3.9752812
0.053996,3.9752812
0.053998,3.9752812
0.054,3.9752812
0.054002,3.9752812
0.054004,3.9752812
0.054006,3.9752812
0.054008,3.9752812
0.05401,3.9752812
0.054012,3.9752812
0.054014,3.9752812
0.054016,3.9752812
0.054018,3.9752812
0.05402,3.9752812
0.054022,3.9752812
0.054024,3.9752812
0.054026,3.9752812
0.054028,3.9752812
0.05403,3.9752812
0.054032,3.9752812
0.054034,3.9752812
0.054036,3.9752812
0.054038,3.9752812
0.05404,3.9752812
0.054042,3.9752812
0.054044,3.9752812
0.054046,3.9752812
0.054047998,3.9752812
0.05405,3.9752812
0.054052,3.9752812
0.054054,3.9752812
0.054056,3.9752812
0.054058,3.9752812
0.05406,3.9752812
0.054062,3.9752812
0.054064,3.9752812
0.054066,3.9752812
0.054068,3.9752812
0.05407,3.9752812
0.054072,3.9752812
0.054074,3.9752812
0.054076,3.9752812
0.054078,3.9752812
0.05408,3.9752812
0.054082,3.9752812
0.054084,3.9752812
0.054086,3.9752812
0.054088,3.9752812
0.05409,3.9752812
0.054092,3.9752812
0.054094,3.9752812
0.054096,3.9752812
0.054098,3.9752812
0.0541,3.9752812
0.054102,3.9752812
0.054104,3.9752812
0.054106,3.9752812
0.054108,3.9752812
0.054109998,3.9752812
0.054112,3.9752812
0.054114,3.9752812
0.054116,3.9752812
0.054118,3.9752812
0.05412,3.9752812
0.054122,3.9752812
0.054124,3.9752812
0.054126,3.9752812
0.054128,3.9752812
0.05413,3.9752812
0.054132,3.9752812
0.054134,3.9752812
0.054136,3.9752812
0.054138,3.9752812
0.05414,3.9752812
0.054142,3.9752812
0.054144,3.9752812
0.054146,3.9752812
0.054148,3.9752812
0.05415,3.9752812
0.054152,3.9752812
0.054154,3.9752812
0.054156,3.9752812
0.054158,3.9752812
0.05416,3.9752812
0.054162,3.9752812
0.054164,3.9752812
0.054166,3.9752812
0.054168,3.9752812
0.05417,3.9752812
0.054171998,3.9752812
0.054174,3.9752812
0.054176,3.9752812
0.054178,3.9752812
0.05418,3.9752812
0.054182,3.9752812
0.054184,3.9752812
0.054186,3.9752812
0.054188,3.9752812
0.05419,3.9752812
0.054192,3.9752812
0.054194,3.9752812
0.054196,3.9752812
0.054198,3.9752812
0.0542,3.9752812
0.054202,3.9752812
0.054204,3.9752812
0.054206,3.9752812
0.054208,3.9752812
0.05421,3.9752812
0.054212,3.9752812
0.054214,3.9752812
0.054216,3.9752812
0.054218,3.9752812
0.05422,3.9752812
0.054222,3.9752812
0.054224,3.9752812
0.054226,3.9752812
0.054228,3.9752812
0.05423,3.9752812
0.054232,3.9752812
0.054233998,3.9752812
0.054236,3.9752812
0.054238,3.9752812
0.05424,3.9752812
0.054242,3.9752812
0.054244,3.9752812
0.054246,3.9752812
0.054248,3.9752812
0.05425,3.9752812
0.054252,3.9752812
0.054254,3.9752812
0.054256,3.9752812
0.054258,3.9752812
0.05426,3.9752812
0.054262,3.9752812
0.054264,3.9752812
0.054266,3.9752812
0.054268,3.9752812
0.05427,3.9752812
0.054272,3.9752812
0.054274,3.9752812
0.054276,3.9752812
0.054278,3.9752812
0.05428,3.9752812
0.054282,3.9752812
0.054284,3.9752812
0.054286,3.9752812
0.054288,3.9752812
0.05429,3.9752812
0.054292,3.9752812
0.054294,3.9752812
0.054295998,3.9752812
0.054298,3.9752812
0.0543,3.9752812
0.054302,3.9752812
0.054304,3.9752812
0.054306,3.9752812
0.054308,3.9752812
0.05431,3.9752812
0.054312,3.9752812
0.054314,3.9752812
0.054316,3.9752812
0.054318,3.9752812
0.05432,3.9752812
0.054322,3.9752812
0.054324,3.9752812
0.054326,3.9752812
0.054328,3.9752812
0.05433,3.9752812
0.054332,3.9752812
0.054334,3.9752812
0.054336,3.9752812
0.054338,3.9752812
0.05434,3.9752812
0.054342,3.9752812
0.054344,3.9752812
0.054346,3.9752812
0.054348,3.9752812
0.05435,3.9752812
0.054352,3.9752812
0.054354,3.9752812
0.054356,3.9752812
0.054357998,3.9752812
0.05436,3.9752812
0.054362,3.9752812
0.054364,3.9752812
0.054366,3.9752812
0.054368,3.9752812
0.05437,3.9752812
0.054372,3.9752812
0.054374,3.9752812
0.054376,3.9752812
0.054378,3.9752812
0.05438,3.9752812
0.054382,3.9752812
0.054384,3.9752812
0.054386,3.9752812
0.054388,3.9752812
0.05439,3.9752812
0.054392,3.9752812
0.054394,3.9752812
0.054396,3.9752812
0.054398,3.9752812
0.0544,3.9752812
0.054402,3.9752812
0.054404,3.9752812
0.054406,3.9752812
0.054408,3.9752812
0.05441,3.9752812
0.054412,3.9752812
0.054414,3.9752812
0.054416,3.9752812
0.054418,3.9752812
0.054419998,3.9752812
0.054422,3.9752812
0.054424,3.9752812
0.054426,3.9752812
0.054428,3.9752812
0.05443,3.9752812
0.054432,3.9752812
0.054434,3.9752812
0.054436,3.9752812
0.054438,3.9752812
0.05444,3.9752812
0.054442,3.9752812
0.054444,3.9752812
0.054446,3.9752812
0.054448,3.9752812
0.05445,3.9752812
0.054452,3.9752812
0.054454,3.9752812
0.054456,3.9752812
0.054458,3.9752812
0.05446,3.9752812
0.054462,3.9752812
0.054464,3.9752812
0.054466,3.9752812
0.054468,3.9752812
0.05447,3.9752812
0.054472,3.9752812
0.054474,3.9752812
0.054476,3.9752812
0.054478,3.9752812
0.05448,3.9752812
0.054481998,3.9752812
0.054484,3.9752812
0.054486,3.9752812
0.054488,3.9752812
0.05449,3.9752812
0.054492,3.9752812
0.054494,3.9752812
0.054496,3.9752812
0.054498,3.9752812
0.0545,3.9752812
0.054502,3.9752812
0.054504,3.9752812
0.054506,3.9752812
0.054508,3.9752812
0.05451,3.9752812
0.054512,3.9752812
0.054514,3.9752812
0.054516,3.9752812
0.054518,3.9752812
0.05452,3.9752812
0.054522,3.9752812
0.054524,3.9752812
0.054526,3.9752812
0.054528,3.9752812
0.05453,3.9752812
0.054532,3.9752812
0.054534,3.9752812
0.054536,3.9752812
0.054538,3.9752812
0.05454,3.9752812
0.054542,3.9752812
0.054543998,3.9752812
0.054546,3.9752812
0.054548,3.9752812
0.05455,3.9752812
0.054552,3.9752812
0.054554,3.9752812
0.054556,3.9752812
0.054558,3.9752812
0.05456,3.9752812
0.054562,3.9752812
0.054564,3.9752812
0.054566,3.9752812
0.054568,3.9752812
0.05457,3.9752812
0.054572,3.9752812
0.054574,3.9752812
0.054576,3.9752812
0.054578,3.9752812
0.05458,3.9752812
0.054582,3.9752812
0.054584,3.9752812
0.054586,3.9752812
0.054588,3.9752812
0.05459,3.9752812
0.054592,3.9752812
0.054594,3.9752812
0.054596,3.9752812
0.054598,3.9752812
0.0546,3.9752812
0.054602,3.9752812
0.054604,3.9752812
0.054605998,3.9752812
0.054608,3.9752812
0.05461,3.9752812
0.054612,3.9752812
0.054614,3.9752812
0.054616,3.9752812
0.054618,3.9752812
0.05462,3.9752812
0.054622,3.9752812
0.054624,3.9752812
0.054626,3.9752812
0.054628,3.9752812
0.05463,3.9752812
0.054632,3.9752812
0.054634,3.9752812
0.054636,3.9752812
0.054638,3.9752812
0.05464,3.9752812
0.054642,3.9752812
0.054644,3.9752812
0.054646,3.9752812
0.054648,3.9752812
0.05465,3.9752812
0.054652,3.9752812
0.054654,3.9752812
0.054656,3.9752812
0.054658,3.9752812
0.05466,3.9752812
0.054662,3.9752812
0.054664,3.9752812
0.054666,3.9752812
0.054667998,3.9752812
0.05467,3.9752812
0.054672,3.9752812
0.054674,3.9752812
0.054676,3.9752812
0.054678,3.9752812
0.05468,3.9752812
0.054682,3.9752812
0.054684,3.9752812
0.054686,3.9752812
0.054688,3.9752812
0.05469,3.9752812
0.054692,3.9752812
0.054694,3.9752812
0.054696,3.9752812
0.054698,3.9752812
0.0547,3.9752812
0.054702,3.9752812
0.054704,3.9752812
0.054706,3.9752812
0.054708,3.9752812
0.05471,3.9752812
0.054712,3.9752812
0.054714,3.9752812
0.054716,3.9752812
0.054718,3.9752812
0.05472,3.9752812
0.054722,3.9752812
0.054724,3.9752812
0.054726,3.9752812
0.054728,3.9752812
0.054729998,3.9752812
0.054732,3.9752812
0.054734,3.9752812
0.054736,3.9752812
0.054738,3.9752812
0.05474,3.9752812
0.054742,3.9752812
0.054744,3.9752812
0.054746,3.9752812
0.054748,3.9752812
0.05475,3.9752812
0.054752,3.9752812
0.054754,3.9752812
0.054756,3.9752812
0.054758,3.9752812
0.05476,3.9752812
0.054762,3.9752812
0.054764,3.9752812
0.054766,3.9752812
0.054768,3.9752812
0.05477,3.9752812
0.054772,3.9752812
0.054774,3.9752812
0.054776,3.9752812
0.054778,3.9752812
0.05478,3.9752812
0.054782,3.9752812
0.054784,3.9752812
0.054786,3.9752812
0.054788,3.9752812
0.05479,3.9752812
0.054791998,3.9752812
0.054794,3.9752812
0.054796,3.9752812
0.054798,3.420505
0.0548,2.727035
0.054802,2.727035
0.054804,2.727035
0.054806,2.727035
0.054808,2.727035
0.05481,2.727035
0.054812,2.727035
0.054814,2.727035
0.054816,2.727035
0.054818,2.6808028
0.05482,2.6808028
0.054822,2.6808028
0.054824,2.6808028
0.054826,2.6808028
0.054828,2.6808028
0.05483,2.6808028
0.054832,2.6808028
0.054834,2.6808028
0.054836,2.6808028
0.054837998,2.6808028
0.05484,2.6808028
0.054842,2.6808028
0.054844,2.6808028
0.054846,2.6808028
0.054848,2.6808028
0.05485,2.6808028
0.054852,2.6808028
0.054853998,2.6808028
0.054856,2.6808028
0.054858,2.6808028
0.05486,2.6808028
0.054862,2.6808028
0.054864,2.6808028
0.054866,2.6808028
0.054868,2.6808028
0.05487,2.6808028
0.054872,2.6808028
0.054874,2.6808028
0.054876,2.6808028
0.054878,2.6808028
0.05488,2.6808028
0.054882,2.6808028
0.054884,2.6808028
0.054886,2.6808028
0.054888,2.6808028
0.05489,2.6808028
0.054892,2.6808028
0.054894,2.6808028
0.054896,2.6808028
0.054898,2.6808028
0.054899998,2.6808028
0.054902,2.6808028
0.054904,2.6808028
0.054906,2.6808028
0.054908,2.6808028
0.05491,2.6808028
0.054912,2.6808028
0.054914,2.6808028
0.054915998,2.6808028
0.054918,2.6808028
0.05492,2.6808028
0.054922,2.6808028
0.054924,2.6808028
0.054926,2.6808028
0.054928,2.6808028
0.05493,2.6808028
0.054932,2.6808028
0.054934,2.6808028
0.054936,2.6808028
0.054938,2.6808028
0.05494,2.6808028
0.054942,2.6808028
0.054944,2.6808028
0.054946,2.6808028
0.054948,2.6808028
0.05495,2.6808028
0.054952,2.6808028
0.054954,2.6808028
0.054956,2.6808028
0.054958,2.6808028
0.05496,2.6808028
0.054961998,2.6808028
0.054964,2.6808028
0.054966,2.6808028
0.054968,2.6808028
0.05497,2.6808028
0.054972,2.6808028
0.054974,2.6808028
0.054976,2.6808028
0.054978,2.6808028
0.05498,2.6808028
0.054982,2.6808028
0.054984,2.6808028
0.054986,2.6808028
0.054988,2.6808028
0.05499,2.6808028
0.054992,2.6808028
0.054994,2.6808028
0.054996,2.6808028
0.054998,2.6808028
0.055,2.6808028
0.055002,2.6808028
0.055004,2.6808028
0.055006,2.6808028
0.055008,2.6808028
0.05501,2.6808028
0.055012,2.6808028
0.055014,2.6808028
0.055016,2.6808028
0.055018,2.6808028
0.05502,2.6808028
0.055022,2.6808028
0.055023998,2.6808028
0.055026,2.6808028
0.055028,2.6808028
0.05503,2.6808028
0.055032,2.6808028
0.055034,2.6808028
0.055036,2.6808028
0.055038,2.6808028
0.05504,2.6808028
0.055042,2.6808028
0.055044,2.6808028
0.055046,2.6808028
0.055048,2.6808028
0.05505,2.6808028
0.055052,2.6808028
0.055054,2.6808028
0.055056,2.6808028
0.055058,2.6808028
0.05506,2.6808028
0.055062,2.6808028
0.055064,2.6808028
0.055066,2.6808028
0.055068,2.6808028
0.05507,2.6808028
0.055072,2.6808028
0.055074,2.6808028
0.055076,2.6808028
0.055078,2.6808028
0.05508,2.6808028
0.055082,2.6808028
0.055084,2.6808028
0.055085998,2.6808028
0.055088,2.6808028
0.05509,2.6808028
0.055092,2.6808028
0.055094,2.6808028
0.055096,2.6808028
0.055098,2.6808028
0.0551,2.6808028
0.055102,2.6808028
0.055104,2.6808028
0.055106,2.6808028
0.055108,2.6808028
0.05511,2.6808028
0.055112,2.6808028
0.055114,2.6808028
0.055116,2.6808028
0.055118,2.6808028
0.05512,2.6808028
0.055122,2.6808028
0.055124,2.727035
0.055126,1.4787879
0.055128,1.4325566
0.05513,1.4325566
0.055132,1.4325566
0.055134,1.4325566
0.055136,1.4325566
0.055138,1.4325566
0.05514,1.4325566
0.055142,1.4325566
0.055144,1.4325566
0.055146,1.4325566
0.055147998,1.4325566
0.05515,1.4325566
0.055152,1.4325566
0.055154,1.4325566
0.055156,1.4325566
0.055158,1.4325566
0.05516,1.4325566
0.055162,1.4325566
0.055164,1.4325566
0.055166,1.3863249
0.055168,1.4325566
0.05517,1.3863249
0.055172,1.3863249
0.055174,1.3863249
0.055176,1.3863249
0.055178,1.3863249
0.05518,1.3863249
0.055182,1.3863249
0.055184,1.3863249
0.055186,1.3863249
0.055188,1.3863249
0.05519,1.3863249
0.055192,1.3863249
0.055194,1.3863249
0.055196,1.3863249
0.055198,1.3863249
0.0552,1.3863249
0.055202,1.3863249
0.055204,1.3863249
0.055206,1.3863249
0.055208,1.3863249
0.055209998,1.3863249
0.055212,1.3863249
0.055214,1.3863249
0.055216,1.3863249
0.055218,1.3863249
0.05522,1.3863249
0.055222,1.3863249
0.055224,1.3863249
0.055226,1.3863249
0.055228,1.3863249
0.05523,1.3863249
0.055232,1.3863249
0.055234,1.3863249
0.055236,1.3863249
0.055238,1.3863249
0.05524,1.3863249
0.055242,1.3863249
0.055244,1.3863249
0.055246,1.3863249
0.055248,1.3863249
0.05525,1.3863249
0.055252,1.3863249
0.055254,1.3863249
0.055256,1.3863249
0.055258,1.3863249
0.05526,1.3863249
0.055262,1.3863249
0.055264,1.3863249
0.055266,1.3863249
0.055268,1.3863249
0.05527,1.3863249
0.055271998,1.3863249
0.055274,1.3863249
0.055276,1.3863249
0.055278,1.3863249
0.05528,1.3863249
0.055282,1.3863249
0.055284,1.3863249
0.055286,1.3863249
0.055288,1.3863249
0.05529,1.3863249
0.055292,1.3863249
0.055294,1.3863249
0.055296,1.3863249
0.055298,1.3863249
0.0553,1.3863249
0.055302,1.3863249
0.055304,1.3863249
0.055306,1.3863249
0.055308,1.3863249
0.05531,1.3863249
0.055312,1.3863249
0.055314,1.3863249
0.055316,1.3863249
0.055318,1.3863249
0.05532,1.3863249
0.055322,1.3863249
0.055324,1.3863249
0.055326,1.3863249
0.055328,1.3863249
0.05533,1.3863249
0.055332,1.3863249
0.055333998,1.3863249
0.055336,1.3863249
0.055338,1.3863249
0.05534,1.3863249
0.055342,1.3863249
0.055344,1.3863249
0.055346,1.3863249
0.055348,1.3863249
0.05535,1.3863249
0.055352,1.3863249
0.055354,1.3863249
0.055356,1.3863249
0.055358,1.3863249
0.05536,1.3863249
0.055362,1.3863249
0.055364,1.3863249
0.055366,1.3863249
0.055368,1.3863249
0.05537,1.3863249
0.055372,1.3863249
0.055374,1.3863249
0.055376,1.3863249
0.055378,1.3863249
0.05538,1.3863249
0.055382,1.3863249
0.055384,1.3863249
0.055386,1.3863249
0.055388,1.3863249
0.05539,1.3863249
0.055392,1.3863249
0.055394,1.3863249
0.055395998,1.3863249
0.055398,1.3863249
0.0554,1.3863249
0.055402,1.3863249
0.055404,1.3863249
0.055406,1.3863249
0.055408,1.3863249
0.05541,1.3863249
0.055412,1.3863249
0.055414,1.3863249
0.055416,1.3863249
0.055418,1.3863249
0.05542,1.3863249
0.055422,1.3863249
0.055424,1.3863249
0.055426,1.3863249
0.055428,1.3863249
0.05543,1.3863249
0.055432,1.3863249
0.055434,1.3863249
0.055436,1.3863249
0.055438,1.3863249
0.05544,1.3863249
0.055442,1.3863249
0.055444,1.3863249
0.055446,1.3863249
0.055448,1.3863249
0.05545,1.3863249
0.055452,1.3863249
0.055454,1.3863249
0.055456,1.3863249
0.055457998,1.3863249
0.05546,1.3863249
0.055462,1.3863249
0.055464,1.3863249
0.055466,1.3863249
0.055468,1.3863249
0.05547,1.3863249
0.055472,1.3863249
0.055474,1.3863249
0.055476,1.3863249
0.055478,1.2013993
0.05548,0.13807821
0.055482,0.13807821
0.055484,0.13807821
0.055486,0.13807821
0.055488,0.13807821
0.05549,0.13807821
0.055492,0.13807821
0.055494,0.13807821
0.055496,0.13807821
0.055498,0.13807821
0.0555,0.13807821
0.055502,0.13807821
0.055504,0.091846466
0.055506,0.091846466
0.055508,0.091846466
0.05551,0.091846466
0.055512,0.091846466
0.055514,0.091846466
0.055516,0.091846466
0.055518,0.091846466
0.055519998,0.091846466
0.055522,0.091846466
0.055524,0.091846466
0.055526,0.091846466
0.055528,0.091846466
0.05553,0.091846466
0.055532,0.091846466
0.055534,0.091846466
0.055536,0.091846466
0.055538,0.091846466
0.05554,0.091846466
0.055542,0.091846466
0.055544,0.091846466
0.055546,0.091846466
0.055548,0.091846466
0.05555,0.091846466
0.055552,0.091846466
0.055554,0.091846466
0.055556,0.091846466
0.055558,0.091846466
0.05556,0.091846466
0.055562,0.091846466
0.055564,0.091846466
0.055566,0.091846466
0.055568,0.091846466
0.05557,0.091846466
0.055572,0.091846466
0.055574,0.091846466
0.055576,0.091846466
0.055578,0.091846466
0.05558,0.091846466
0.055581998,0.091846466
0.055584,0.091846466
0.055586,0.091846466
0.055588,0.091846466
0.05559,0.091846466
0.055592,0.091846466
0.055594,0.091846466
0.055596,0.091846466
0.055598,0.091846466
0.0556,0.091846466
0.055602,0.091846466
0.055604,0.091846466
0.055606,0.091846466
0.055608,0.091846466
0.05561,0.091846466
0.055612,0.091846466
0.055614,0.091846466
0.055616,0.091846466
0.055618,0.091846466
0.05562,0.091846466
0.055622,0.091846466
0.055624,0.091846466
0.055626,0.091846466
0.055628,0.091846466
0.05563,0.091846466
0.055632,0.091846466
0.055634,0.091846466
0.055636,0.091846466
0.055638,0.091846466
0.05564,0.091846466
0.055642,0.091846466
0.055643998,0.091846466
0.055646,0.091846466
0.055648,0.091846466
0.05565,0.091846466
0.055652,0.091846466
0.055654,0.091846466
0.055656,0.091846466
0.055658,0.091846466
0.05566,0.091846466
0.055662,0.091846466
0.055664,0.091846466
0.055666,0.091846466
0.055668,0.091846466
0.05567,0.091846466
0.055672,0.091846466
0.055674,0.091846466
0.055676,0.091846466
0.055678,0.091846466
0.05568,0.091846466
0.055682,0.091846466
0.055684,0.091846466
0.055686,0.091846466
0.055688,0.091846466
0.05569,0.091846466
0.055692,0.091846466
0.055694,0.091846466
0.055696,0.091846466
0.055698,0.091846466
0.0557,0.091846466
0.055702,0.091846466
0.055704,0.091846466
0.055705998,0.091846466
0.055708,0.091846466
0.05571,0.091846466
0.055712,0.091846466
0.055714,0.091846466
0.055716,0.091846466
0.055718,0.091846466
0.05572,0.091846466
0.055722,0.091846466
0.055724,0.091846466
0.055726,0.091846466
0.055728,0.091846466
0.05573,0.091846466
0.055732,0.091846466
0.055734,0.091846466
0.055736,0.091846466
0.055738,0.091846466
0.05574,0.091846466
0.055742,0.091846466
0.055744,0.091846466
0.055746,0.091846466
0.055748,0.091846466
0.05575,0.091846466
0.055752,0.091846466
0.055754,0.091846466
0.055756,0.091846466
0.055758,0.091846466
0.05576,0.091846466
0.055762,0.091846466
0.055764,0.091846466
0.055766,0.091846466
0.055767998,0.091846466
0.05577,0.091846466
0.055772,0.091846466
0.055774,0.091846466
0.055776,0.091846466
0.055778,0.091846466
0.05578,0.091846466
0.055782,0.091846466
0.055784,0.091846466
0.055786,0.091846466
0.055788,0.091846466
0.05579,0.091846466
0.055792,0.091846466
0.055794,0.091846466
0.055796,0.091846466
0.055798,0.091846466
0.0558,0.091846466
0.055802,0.091846466
0.055804,0.091846466
0.055806,0.091846466
0.055808,0.091846466
0.05581,0.091846466
0.055812,0.091846466
0.055814,0.091846466
0.055816,0.091846466
0.055818,0.091846466
0.05582,0.091846466
0.055822,0.091846466
0.055824,0.091846466
0.055826,0.091846466
0.055828,0.091846466
0.055829998,0.091846466
0.055832,0.091846466
0.055834,0.091846466
0.055836,0.091846466
0.055838,0.091846466
0.05584,0.091846466
0.055842,0.091846466
0.055844,0.091846466
0.055846,0.091846466
0.055848,0.091846466
0.05585,0.091846466
0.055852,0.091846466
0.055854,0.091846466
0.055856,0.091846466
0.055858,0.091846466
0.05586,0.091846466
0.055862,0.091846466
0.055864,0.091846466
0.055866,0.091846466
0.055868,0.091846466
0.05587,0.091846466
0.055872,0.091846466
0.055874,0.091846466
0.055876,0.091846466
0.055878,0.091846466
0.05588,0.091846466
0.055882,0.091846466
0.055884,0.091846466
0.055886,0.091846466
0.055888,0.091846466
0.05589,0.091846466
0.055891998,0.091846466
0.055894,0.091846466
0.055896,0.091846466
0.055898,0.091846466
0.0559,0.091846466
0.055902,0.091846466
0.055904,0.091846466
0.055906,0.091846466
0.055908,0.091846466
0.05591,0.091846466
0.055912,0.091846466
0.055914,0.091846466
0.055916,0.091846466
0.055918,0.091846466
0.05592,0.091846466
0.055922,0.091846466
0.055924,0.091846466
0.055926,0.091846466
0.055928,0.091846466
0.05593,0.091846466
0.055932,0.091846466
0.055934,0.091846466
0.055936,0.091846466
0.055937998,0.091846466
0.05594,0.091846466
0.055942,0.091846466
0.055944,0.091846466
0.055946,0.091846466
0.055948,0.091846466
0.05595,0.091846466
0.055952,0.091846466
0.055953998,0.091846466
0.055956,0.091846466
0.055958,0.091846466
0.05596,0.091846466
0.055962,0.091846466
0.055964,0.091846466
0.055966,0.091846466
0.055968,0.091846466
0.05597,0.091846466
0.055972,0.091846466
0.055974,0.091846466
0.055976,0.091846466
0.055978,0.091846466
0.05598,0.091846466
0.055982,0.091846466
0.055984,0.091846466
0.055986,0.091846466
0.055988,0.091846466
0.05599,0.091846466
0.055992,0.091846466
0.055994,0.091846466
0.055996,0.091846466
0.055998,0.091846466
0.055999998,0.091846466
0.056002,0.091846466
0.056004,0.091846466
0.056006,0.091846466
0.056008,0.091846466
0.05601,0.091846466
0.056012,0.091846466
0.056014,0.091846466
0.056015998,0.091846466
0.056018,0.091846466
0.05602,0.091846466
0.056022,0.091846466
0.056024,0.091846466
0.056026,0.091846466
0.056028,0.091846466
0.05603,0.091846466
0.056032,0.091846466
0.056034,0.091846466
0.056036,0.091846466
0.056038,0.091846466
0.05604,0.091846466
0.056042,0.091846466
0.056044,0.091846466
0.056046,0.091846466
0.056048,0.091846466
0.05605,0.091846466
0.056052,0.091846466
0.056054,0.091846466
0.056056,0.091846466
0.056058,0.091846466
0.05606,0.091846466
0.056061998,0.091846466
0.056064,0.091846466
0.056066,0.091846466
0.056068,0.091846466
0.05607,0.091846466
0.056072,0.091846466
0.056074,0.091846466
0.056076,0.091846466
0.056077998,0.091846466
0.05608,0.091846466
0.056082,0.091846466
0.056084,0.091846466
0.056086,0.091846466
0.056088,0.091846466
0.05609,0.091846466
0.056092,0.091846466
0.056094,0.091846466
0.056096,0.091846466
0.056098,0.091846466
0.0561,0.091846466
0.056102,0.091846466
0.056104,0.091846466
0.056106,0.091846466
0.056108,0.091846466
0.05611,0.091846466
0.056112,0.091846466
0.056114,0.091846466
0.056116,0.091846466
0.056118,0.091846466
0.05612,0.091846466
0.056122,0.091846466
0.056123998,0.091846466
0.056126,0.091846466
0.056128,0.091846466
0.05613,0.091846466
0.056132,0.091846466
0.056134,0.091846466
0.056136,0.091846466
0.056138,0.091846466
0.05614,0.091846466
0.056142,0.091846466
0.056144,0.091846466
0.056146,0.091846466
0.056148,0.091846466
0.05615,0.091846466
0.056152,0.091846466
0.056154,0.091846466
0.056156,0.091846466
0.056158,0.091846466
0.05616,0.091846466
0.056162,0.091846466
0.056164,0.091846466
0.056166,0.091846466
0.056168,0.091846466
0.05617,0.091846466
0.056172,0.091846466
0.056174,0.091846466
0.056176,0.091846466
0.056178,0.091846466
0.05618,0.091846466
0.056182,0.091846466
0.056184,0.091846466
0.056185998,0.091846466
0.056188,0.091846466
0.05619,0.091846466
0.056192,0.091846466
0.056194,0.091846466
0.056196,0.091846466
0.056198,0.091846466
0.0562,0.091846466
0.056202,0.091846466
0.056204,0.091846466
0.056206,0.091846466
0.056208,0.091846466
0.05621,0.091846466
0.056212,0.091846466
0.056214,0.091846466
0.056216,0.091846466
0.056218,0.091846466
0.05622,0.091846466
0.056222,0.091846466
0.056224,0.091846466
0.056226,0.091846466
0.056228,0.091846466
0.05623,0.091846466
0.056232,0.091846466
0.056234,0.091846466
0.056236,0.091846466
0.056238,0.091846466
0.05624,0.091846466
0.056242,0.091846466
0.056244,0.091846466
0.056246,0.091846466
0.056247998,0.091846466
0.05625,0.091846466
0.056252,0.091846466
0.056254,0.091846466
0.056256,0.091846466
0.056258,0.091846466
0.05626,0.091846466
0.056262,0.091846466
0.056264,0.091846466
0.056266,0.091846466
0.056268,0.091846466
0.05627,0.091846466
0.056272,0.091846466
0.056274,0.091846466
0.056276,0.091846466
0.056278,0.091846466
0.05628,0.091846466
0.056282,0.091846466
0.056284,0.091846466
0.056286,0.091846466
0.056288,0.091846466
0.05629,0.091846466
0.056292,0.091846466
0.056294,0.091846466
0.056296,1.2476311
0.056298,1.3863249
0.0563,1.3400936
0.056302,1.3863249
0.056304,1.3863249
0.056306,1.3863249
0.056308,1.3863249
0.056309998,1.3863249
0.056312,1.3863249
0.056314,1.3863249
0.056316,1.3863249
0.056318,1.3863249
0.05632,1.3863249
0.056322,1.3863249
0.056324,1.3863249
0.056326,1.3863249
0.056328,1.3863249
0.05633,1.3863249
0.056332,1.3863249
0.056334,1.3863249
0.056336,1.3863249
0.056338,1.3863249
0.05634,1.3863249
0.056342,1.3863249
0.056344,1.3863249
0.056346,1.3863249
0.056348,1.3863249
0.05635,1.3863249
0.056352,1.3863249
0.056354,1.3863249
0.056356,1.3863249
0.056358,1.3863249
0.05636,1.3863249
0.056362,1.3863249
0.056364,1.3863249
0.056366,1.3863249
0.056368,1.3863249
0.05637,1.3863249
0.056371998,1.3863249
0.056374,1.3863249
0.056376,1.3863249
0.056378,1.3863249
0.05638,1.3863249
0.056382,1.3863249
0.056384,1.3863249
0.056386,1.3863249
0.056388,1.3863249
0.05639,1.3863249
0.056392,1.3863249
0.056394,1.3863249
0.056396,1.3863249
0.056398,1.3863249
0.0564,1.3863249
0.056402,1.3863249
0.056404,1.3863249
0.056406,1.3863249
0.056408,1.3863249
0.05641,1.3863249
0.056412,1.3863249
0.056414,1.3863249
0.056416,1.3863249
0.056418,1.3863249
0.05642,1.3863249
0.056422,1.3863249
0.056424,1.3863249
0.056426,1.3863249
0.056428,1.3863249
0.05643,1.3863249
0.056432,1.3863249
0.056433998,1.3863249
0.056436,1.3863249
0.056438,1.3863249
0.05644,1.3863249
0.056442,1.3863249
0.056444,1.3863249
0.056446,1.3863249
0.056448,1.3863249
0.05645,1.3863249
0.056452,1.3863249
0.056454,1.3863249
0.056456,1.3863249
0.056458,1.3863249
0.05646,1.3863249
0.056462,1.3863249
0.056464,1.3863249
0.056466,1.3863249
0.056468,1.3863249
0.05647,1.3863249
0.056472,1.3863249
0.056474,1.3863249
0.056476,1.3863249
0.056478,1.3863249
0.05648,1.3863249
0.056482,1.3863249
0.056484,1.3863249
0.056486,1.3863249
0.056488,1.3863249
0.05649,1.3863249
0.056492,1.3863249
0.056494,1.3863249
0.056495998,1.3863249
0.056498,1.3863249
0.0565,1.3863249
0.056502,1.3863249
0.056504,1.3863249
0.056506,1.3863249
0.056508,1.3863249
0.05651,1.3863249
0.056512,1.3863249
0.056514,1.3863249
0.056516,1.3863249
0.056518,1.3863249
0.05652,1.3863249
0.056522,1.3863249
0.056524,1.3863249
0.056526,1.3863249
0.056528,1.3863249
0.05653,1.3863249
0.056532,1.3863249
0.056534,1.3863249
0.056536,1.3863249
0.056538,1.3863249
0.05654,1.3863249
0.056542,1.3863249
0.056544,1.3863249
0.056546,1.3863249
0.056548,1.3863249
0.05655,1.3863249
0.056552,1.3863249
0.056554,1.3863249
0.056556,1.3863249
0.056557998,1.3863249
0.05656,1.3863249
0.056562,1.3863249
0.056564,1.3863249
0.056566,1.3863249
0.056568,1.3863249
0.05657,1.3863249
0.056572,1.3863249
0.056574,1.3863249
0.056576,1.3863249
0.056578,1.3863249
0.05658,1.3863249
0.056582,1.3863249
0.056584,1.3863249
0.056586,1.3863249
0.056588,1.3863249
0.05659,1.3863249
0.056592,1.3863249
0.056594,1.3863249
0.056596,1.3863249
0.056598,1.3863249
0.0566,1.3863249
0.056602,1.3863249
0.056604,1.3863249
0.056606,1.3863249
0.056608,1.3863249
0.05661,1.3863249
0.056612,1.3863249
0.056614,1.3863249
0.056616,1.3863249
0.056618,1.3863249
0.056619998,1.3863249
0.056622,1.3863249
0.056624,1.3863249
0.056626,1.3863249
0.056628,1.3863249
0.05663,1.3863249
0.056632,1.3863249
0.056634,1.3863249
0.056636,1.3863249
0.056638,1.3863249
0.05664,1.3863249
0.056642,1.3863249
0.056644,1.3863249
0.056646,1.3863249
0.056648,1.3863249
0.05665,2.6345725
0.056652,2.6345725
0.056654,2.6345725
0.056656,2.6345725
0.056658,2.6345725
0.05666,2.6345725
0.056662,2.6345725
0.056664,2.6345725
0.056666,2.6808028
0.056668,2.6808028
0.05667,2.6808028
0.056672,2.6808028
0.056674,2.6808028
0.056676,2.6808028
0.056678,2.6808028
0.05668,2.6808028
0.056681998,2.6808028
0.056684,2.6808028
0.056686,2.6808028
0.056688,2.6808028
0.05669,2.6808028
0.056692,2.6808028
0.056694,2.6808028
0.056696,2.6808028
0.056698,2.6808028
0.0567,2.6808028
0.056702,2.6808028
0.056704,2.6808028
0.056706,2.6808028
0.056708,2.6808028
0.05671,2.6808028
0.056712,2.6808028
0.056714,2.6808028
0.056716,2.6808028
0.056718,2.6808028
0.05672,2.6808028
0.056722,2.6808028
0.056724,2.6808028
0.056726,2.6808028
0.056728,2.6808028
0.05673,2.6808028
0.056732,2.6808028
0.056734,2.6808028
0.056736,2.6808028
0.056738,2.6808028
0.05674,2.6808028
0.056742,2.6808028
0.056743998,2.6808028
0.056746,2.6808028
0.056748,2.6808028
0.05675,2.6808028
0.056752,2.6808028
0.056754,2.6808028
0.056756,2.6808028
0.056758,2.6808028
0.05676,2.6808028
0.056762,2.6808028
0.056764,2.6808028
0.056766,2.6808028
0.056768,2.6808028
0.05677,2.6808028
0.056772,2.6808028
0.056774,2.6808028
0.056776,2.6808028
0.056778,2.6808028
0.05678,2.6808028
0.056782,2.6808028
0.056784,2.6808028
0.056786,2.6808028
0.056788,2.6808028
0.05679,2.6808028
0.056792,2.6808028
0.056794,2.6808028
0.056796,2.6808028
0.056798,2.6808028
0.0568,2.6808028
0.056802,2.6808028
0.056804,2.6808028
0.056805998,2.6808028
0.056808,2.6808028
0.05681,2.6808028
0.056812,2.6808028
0.056814,2.6808028
0.056816,2.6808028
0.056818,2.6808028
0.05682,2.6808028
0.056822,2.6808028
0.056824,2.6808028
0.056826,2.6808028
0.056828,2.6808028
0.05683,2.6808028
0.056832,2.6808028
0.056834,2.6808028
0.056836,2.6808028
0.056838,2.6808028
0.05684,2.6808028
0.056842,2.6808028
0.056844,2.6808028
0.056846,2.6808028
0.056848,2.6808028
0.05685,2.6808028
0.056852,2.6808028
0.056854,2.6808028
0.056856,2.6808028
0.056858,2.6808028
0.05686,2.6808028
0.056862,2.6808028
0.056864,2.6808028
0.056866,2.6808028
0.056867998,2.6808028
0.05687,2.6808028
0.056872,2.6808028
0.056874,2.6808028
0.056876,2.6808028
0.056878,2.6808028
0.05688,2.6808028
0.056882,2.6808028
0.056884,2.6808028
0.056886,2.6808028
0.056888,2.6808028
0.05689,2.6808028
0.056892,2.6808028
0.056894,2.6808028
0.056896,2.6808028
0.056898,2.6808028
0.0569,2.6808028
0.056902,2.6808028
0.056904,2.6808028
0.056906,2.6808028
0.056908,2.6808028
0.05691,2.6808028
0.056912,2.6808028
0.056914,2.6808028
0.056916,2.6808028
0.056918,2.6808028
0.05692,2.6808028
0.056922,2.6808028
0.056924,2.6808028
0.056926,2.6808028
0.056928,2.6808028
0.056929998,2.6808028
0.056932,2.6808028
0.056934,2.6808028
0.056936,2.6808028
0.056938,2.6808028
0.05694,2.6808028
0.056942,2.6808028
0.056944,2.6808028
0.056946,2.6808028
0.056948,2.6808028
0.05695,2.6808028
0.056952,2.6808028
0.056954,2.6808028
0.056956,2.6808028
0.056958,2.6808028
0.05696,2.6808028
0.056962,2.6808028
0.056964,2.6808028
0.056966,2.6808028
0.056968,2.6808028
0.05697,2.6808028
0.056972,2.6808028
0.056974,2.6808028
0.056976,2.6808028
0.056978,2.6808028
0.05698,2.6808028
0.056982,2.6808028
0.056984,2.6808028
0.056986,2.6808028
0.056988,2.6808028
0.05699,2.6808028
0.056991998,2.6808028
0.056994,2.6808028
0.056996,2.6808028
0.056998,2.6808028
0.057,2.6808028
0.057002,3.050654
0.057004,3.8828197
0.057006,3.92905
0.057008,3.92905
0.05701,3.92905
0.057012,3.92905
0.057014,3.9752812
0.057016,3.9752812
0.057018,3.9752812
0.05702,3.9752812
0.057022,3.9752812
0.057024,3.9752812
0.057026,3.9752812
0.057028,3.9752812
0.05703,3.9752812
0.057032,3.9752812
0.057034,3.9752812
0.057036,3.9752812
0.057038,3.9752812
0.05704,3.9752812
0.057042,3.9752812
0.057044,3.9752812
0.057046,3.9752812
0.057048,3.9752812
0.05705,3.9752812
0.057052,3.9752812
0.057053998,3.9752812
0.057056,3.9752812
0.057058,3.9752812
0.05706,3.9752812
0.057062,3.9752812
0.057064,3.9752812
0.057066,3.9752812
0.057068,3.9752812
0.05707,3.9752812
0.057072,3.9752812
0.057074,3.9752812
0.057076,3.9752812
0.057078,3.9752812
0.05708,3.9752812
0.057082,3.9752812
0.057084,3.9752812
0.057086,3.9752812
0.057088,3.9752812
0.05709,3.9752812
0.057092,3.9752812
0.057094,3.9752812
0.057096,3.9752812
0.057098,3.9752812
0.057099998,3.9752812
0.057102,3.9752812
0.057104,3.9752812
0.057106,3.9752812
0.057108,3.9752812
0.05711,3.9752812
0.057112,3.9752812
0.057114,3.9752812
0.057115998,3.9752812
0.057118,3.9752812
0.05712,3.9752812
0.057122,3.9752812
0.057124,3.9752812
0.057126,3.9752812
0.057128,3.9752812
0.05713,3.9752812
0.057132,3.9752812
0.057134,3.9752812
0.057136,3.9752812
0.057138,3.9752812
0.05714,3.9752812
0.057142,3.9752812
0.057144,3.9752812
0.057146,3.9752812
0.057148,3.9752812
0.05715,3.9752812
0.057152,3.9752812
0.057154,3.9752812
0.057156,3.9752812
0.057158,3.9752812
0.05716,3.9752812
0.057161998,3.9752812
0.057164,3.9752812
0.057166,3.9752812
0.057168,3.9752812
0.05717,3.9752812
0.057172,3.9752812
0.057174,3.9752812
0.057176,3.9752812
0.057177998,3.9752812
0.05718,3.9752812
0.057182,3.9752812
0.057184,3.9752812
0.057186,3.9752812
0.057188,3.9752812
0.05719,3.9752812
0.057192,3.9752812
0.057194,3.9752812
0.057196,3.9752812
0.057198,3.9752812
0.0572,3.9752812
0.057202,3.9752812
0.057204,3.9752812
0.057206,3.9752812
0.057208,3.9752812
0.05721,3.9752812
0.057212,3.9752812
0.057214,3.9752812
0.057216,3.9752812
0.057218,3.9752812
0.05722,3.9752812
0.057222,3.9752812
0.057223998,3.9752812
0.057226,3.9752812
0.057228,3.9752812
0.05723,3.9752812
0.057232,3.9752812
0.057234,3.9752812
0.057236,3.9752812
0.057238,3.9752812
0.057239998,3.9752812
0.057242,3.9752812
0.057244,3.9752812
0.057246,3.9752812
0.057248,3.9752812
0.05725,3.9752812
0.057252,3.9752812
0.057254,3.9752812
0.057256,3.9752812
0.057258,3.9752812
0.05726,3.9752812
0.057262,3.9752812
0.057264,3.9752812
0.057266,3.9752812
0.057268,3.9752812
0.05727,3.9752812
0.057272,3.9752812
0.057274,3.9752812
0.057276,3.9752812
0.057278,3.9752812
0.05728,3.9752812
0.057282,3.9752812
0.057284,3.9752812
0.057285998,3.9752812
0.057288,3.9752812
0.05729,3.9752812
0.057292,3.9752812
0.057294,3.9752812
0.057296,3.9752812
0.057298,3.9752812
0.0573,3.9752812
0.057302,3.9752812
0.057304,3.9752812
0.057306,3.9752812
0.057308,3.9752812
0.05731,3.9752812
0.057312,3.9752812
0.057314,3.9752812
0.057316,3.9752812
0.057318,3.9752812
0.05732,3.9752812
0.057322,3.9752812
0.057324,3.9752812
0.057326,3.9752812
0.057328,3.9752812
0.05733,3.9752812
0.057332,3.9752812
0.057334,3.9752812
0.057336,3.9752812
0.057338,3.9752812
0.05734,3.9752812
0.057342,3.9752812
0.057344,3.9752812
0.057346,3.9752812
0.057347998,3.9752812
0.05735,3.9752812
0.057352,3.9752812
0.057354,3.9752812
0.057356,3.9752812
0.057358,3.9752812
0.05736,3.9752812
0.057362,3.9752812
0.057364,3.9752812
0.057366,3.9752812
0.057368,3.9752812
0.05737,3.9752812
0.057372,3.9752812
0.057374,3.9752812
0.057376,3.9752812
0.057378,3.9752812
0.05738,3.9752812
0.057382,3.9752812
0.057384,3.9752812
0.057386,3.9752812
0.057388,3.9752812
0.05739,3.9752812
0.057392,3.9752812
0.057394,3.9752812
0.057396,3.9752812
0.057398,3.9752812
0.0574,3.9752812
0.057402,3.9752812
0.057404,3.9752812
0.057406,3.9752812
0.057408,3.9752812
0.057409998,3.9752812
0.057412,3.9752812
0.057414,3.9752812
0.057416,3.9752812
0.057418,3.9752812
0.05742,3.9752812
0.057422,3.9752812
0.057424,3.9752812
0.057426,3.9752812
0.057428,3.9752812
0.05743,3.9752812
0.057432,3.9752812
0.057434,3.9752812
0.057436,3.9752812
0.057438,3.9752812
0.05744,3.9752812
0.057442,3.9752812
0.057444,3.9752812
0.057446,3.9752812
0.057448,3.9752812
0.05745,3.9752812
0.057452,3.9752812
0.057454,3.9752812
0.057456,3.9752812
0.057458,3.9752812
0.05746,3.9752812
0.057462,3.9752812
0.057464,3.9752812
0.057466,3.9752812
0.057468,3.9752812
0.05747,3.9752812
0.057471998,3.9752812
0.057474,3.9752812
0.057476,3.9752812
0.057478,3.9752812
0.05748,3.9752812
0.057482,3.9752812
0.057484,3.9752812
0.057486,3.9752812
0.057488,3.9752812
0.05749,3.9752812
0.057492,3.9752812
0.057494,3.9752812
0.057496,3.9752812
0.057498,3.9752812
0.0575,3.9752812
0.057502,3.9752812
0.057504,3.9752812
0.057506,3.9752812
0.057508,3.9752812
0.05751,3.9752812
0.057512,3.9752812
0.057514,3.9752812
0.057516,3.9752812
0.057518,3.9752812
0.05752,3.9752812
0.057522,3.9752812
0.057524,3.9752812
0.057526,3.9752812
0.057528,3.9752812
0.05753,3.9752812
0.057532,3.9752812
0.057533998,3.9752812
0.057536,3.9752812
0.057538,3.9752812
0.05754,3.9752812
0.057542,3.9752812
0.057544,3.9752812
0.057546,3.9752812
0.057548,3.9752812
0.05755,3.9752812
0.057552,3.9752812
0.057554,3.9752812
0.057556,3.9752812
0.057558,3.9752812
0.05756,3.9752812
0.057562,3.9752812
0.057564,3.9752812
0.057566,3.9752812
0.057568,3.9752812
0.05757,3.9752812
0.057572,3.9752812
0.057574,3.9752812
0.057576,3.9752812
0.057578,3.9752812
0.05758,3.9752812
0.057582,3.9752812
0.057584,3.9752812
0.057586,3.9752812
0.057588,3.9752812
0.05759,3.9752812
0.057592,3.9752812
0.057594,3.9752812
0.057595998,3.9752812
0.057598,3.9752812
0.0576,3.9752812
0.057602,3.9752812
0.057604,3.9752812
0.057606,3.9752812
0.057608,3.9752812
0.05761,3.9752812
0.057612,3.9752812
0.057614,3.9752812
0.057616,3.9752812
0.057618,3.9752812
0.05762,3.9752812
0.057622,3.9752812
0.057624,3.9752812
0.057626,3.9752812
0.057628,3.9752812
0.05763,3.9752812
0.057632,3.9752812
0.057634,3.9752812
0.057636,3.9752812
0.057638,3.9752812
0.05764,3.9752812
0.057642,3.9752812
0.057644,3.9752812
0.057646,3.9752812
0.057648,3.9752812
0.05765,3.9752812
0.057652,3.9752812
0.057654,3.9752812
0.057656,3.9752812
0.057657998,3.9752812
0.05766,3.9752812
0.057662,3.9752812
0.057664,3.9752812
0.057666,3.9752812
0.057668,3.9752812
0.05767,3.9752812
0.057672,3.9752812
0.057674,3.9752812
0.057676,3.9752812
0.057678,3.9752812
0.05768,3.9752812
0.057682,3.9752812
0.057684,3.9752812
0.057686,3.9752812
0.057688,3.9752812
0.05769,3.9752812
0.057692,3.9752812
0.057694,3.9752812
0.057696,3.9752812
0.057698,3.9752812
0.0577,3.9752812
0.057702,3.9752812
0.057704,3.9752812
0.057706,3.9752812
0.057708,3.9752812
0.05771,3.9752812
0.057712,3.9752812
0.057714,3.9752812
0.057716,3.9752812
0.057718,3.9752812
0.057719998,3.9752812
0.057722,3.9752812
0.057724,3.9752812
0.057726,3.9752812
0.057728,3.9752812
0.05773,3.9752812
0.057732,3.9752812
0.057734,3.9752812
0.057736,3.9752812
0.057738,3.9752812
0.05774,3.9752812
0.057742,3.9752812
0.057744,3.9752812
0.057746,3.9752812
0.057748,3.9752812
0.05775,3.9752812
0.057752,3.9752812
0.057754,3.9752812
0.057756,3.9752812
0.057758,3.9752812
0.05776,3.9752812
0.057762,3.9752812
0.057764,3.9752812
0.057766,3.9752812
0.057768,3.9752812
0.05777,3.9752812
0.057772,3.9752812
0.057774,3.9752812
0.057776,3.9752812
0.057778,3.9752812
0.05778,3.9752812
0.057781998,3.9752812
0.057784,3.9752812
0.057786,3.9752812
0.057788,3.9752812
0.05779,3.9752812
0.057792,3.9752812
0.057794,3.9752812
0.057796,3.9752812
0.057798,3.9752812
0.0578,3.9752812
0.057802,3.9752812
0.057804,3.9752812
0.057806,3.9752812
0.057808,3.9752812
0.05781,3.9752812
0.057812,3.9752812
0.057814,3.9752812
0.057816,3.9752812
0.057818,3.9752812
0.05782,3.9752812
0.057822,3.9752812
0.057824,3.9752812
0.057826,3.9752812
0.057828,3.9752812
0.05783,3.9752812
0.057832,3.9752812
0.057834,3.9752812
0.057836,3.9752812
0.057838,3.9752812
0.05784,3.9752812
0.057842,3.9752812
0.057843998,3.9752812
0.057846,3.9752812
0.057848,3.9752812
0.05785,3.9752812
0.057852,3.9752812
0.057854,3.9752812
0.057856,3.9752812
0.057858,3.9752812
0.05786,3.9752812
0.057862,3.9752812
0.057864,3.9752812
0.057866,3.9752812
0.057868,3.9752812
0.05787,3.9752812
0.057872,3.9752812
0.057874,3.9752812
0.057876,3.9752812
0.057878,3.9752812
0.05788,3.9752812
0.057882,3.9752812
0.057884,3.9752812
0.057886,3.9752812
0.057888,3.9752812
0.05789,3.9752812
0.057892,3.9752812
0.057894,3.9752812
0.057896,3.9752812
0.057898,3.9752812
0.0579,3.9752812
0.057902,3.9752812
0.057904,3.9752812
0.057905998,3.9752812
0.057908,3.9752812
0.05791,3.9752812
0.057912,3.9752812
0.057914,3.9752812
0.057916,3.9752812
0.057918,3.9752812
0.05792,3.9752812
0.057922,3.9752812
0.057924,3.9752812
0.057926,3.9752812
0.057928,3.9752812
0.05793,3.9752812
0.057932,3.9752812
0.057934,3.9752812
0.057936,3.9752812
0.057938,3.9752812
0.05794,3.9752812
0.057942,3.9752812
0.057944,3.9752812
0.057946,3.9752812
0.057948,3.9752812
0.05795,3.9752812
0.057952,3.9752812
0.057954,3.9752812
0.057956,3.9752812
0.057958,3.9752812
0.05796,3.9752812
0.057962,3.9752812
0.057964,3.9752812
0.057966,3.9752812
0.057967998,3.9752812
0.05797,3.9752812
0.057972,3.9752812
0.057974,3.9752812
0.057976,3.9752812
0.057978,3.9752812
0.05798,3.9752812
0.057982,3.9752812
0.057984,3.9752812
0.057986,3.9752812
0.057988,3.9752812
0.05799,3.9752812
0.057992,3.9752812
0.057994,3.9752812
0.057996,3.9752812
0.057998,3.9752812
0.058,3.9752812
0.058002,3.9752812
0.058004,3.9752812
0.058006,3.9752812
0.058008,3.9752812
0.05801,3.9752812
0.058012,3.9752812
0.058014,3.9752812
0.058016,3.9752812
0.058018,3.9752812
0.05802,3.9752812
0.058022,3.9752812
0.058024,3.9752812
0.058026,3.9752812
0.058028,3.9752812
0.058029998,3.9752812
0.058032,3.9752812
0.058034,3.9752812
0.058036,3.9752812
0.058038,3.9752812
0.05804,3.9752812
0.058042,3.9752812
0.058044,3.9752812
0.058046,3.9752812
0.058048,3.9752812
0.05805,3.9752812
0.058052,3.9752812
0.058054,3.9752812
0.058056,3.9752812
0.058058,3.9752812
0.05806,3.9752812
0.058062,3.9752812
0.058064,3.9752812
0.058066,3.9752812
0.058068,3.9752812
0.05807,3.9752812
0.058072,3.9752812
0.058074,3.9752812
0.058076,3.9752812
0.058078,3.9752812
0.05808,3.9752812
0.058082,3.9752812
0.058084,3.9752812
0.058086,3.9752812
0.058088,3.9752812
0.05809,3.9752812
0.058091998,3.9752812
0.058094,3.9752812
0.058096,3.9752812
0.058098,3.9752812
0.0581,3.9752812
0.058102,3.9752812
0.058104,3.9752812
0.058106,3.9752812
0.058108,3.9752812
0.05811,3.9752812
0.058112,3.9752812
0.058114,3.9752812
0.058116,3.9752812
0.058118,3.3742738
0.05812,2.727035
0.058122,2.727035
0.058124,2.727035
0.058126,2.727035
0.058128,2.727035
0.05813,2.727035
0.058132,2.727035
0.058134,2.727035
0.058136,2.727035
0.058138,2.6808028
0.05814,2.6808028
0.058142,2.6808028
0.058144,2.6808028
0.058146,2.6808028
0.058148,2.6808028
0.05815,2.6808028
0.058152,2.6808028
0.058153998,2.6808028
0.058156,2.6808028
0.058158,2.6808028
0.05816,2.6808028
0.058162,2.6808028
0.058164,2.6808028
0.058166,2.6808028
0.058168,2.6808028
0.05817,2.6808028
0.058172,2.6808028
0.058174,2.6808028
0.058176,2.6808028
0.058178,2.6808028
0.05818,2.6808028
0.058182,2.6808028
0.058184,2.6808028
0.058186,2.6808028
0.058188,2.6808028
0.05819,2.6808028
0.058192,2.6808028
0.058194,2.6808028
0.058196,2.6808028
0.058198,2.6808028
0.058199998,2.6808028
0.058202,2.6808028
0.058204,2.6808028
0.058206,2.6808028
0.058208,2.6808028
0.05821,2.6808028
0.058212,2.6808028
0.058214,2.6808028
0.058215998,2.6808028
0.058218,2.6808028
0.05822,2.6808028
0.058222,2.6808028
0.058224,2.6808028
0.058226,2.6808028
0.058228,2.6808028
0.05823,2.6808028
0.058232,2.6808028
0.058234,2.6808028
0.058236,2.6808028
0.058238,2.6808028
0.05824,2.6808028
0.058242,2.6808028
0.058244,2.6808028
0.058246,2.6808028
0.058248,2.6808028
0.05825,2.6808028
0.058252,2.6808028
0.058254,2.6808028
0.058256,2.6808028
0.058258,2.6808028
0.05826,2.6808028
0.058261998,2.6808028
0.058264,2.6808028
0.058266,2.6808028
0.058268,2.6808028
0.05827,2.6808028
0.058272,2.6808028
0.058274,2.6808028
0.058276,2.6808028
0.058277998,2.6808028
0.05828,2.6808028
0.058282,2.6808028
0.058284,2.6808028
0.058286,2.6808028
0.058288,2.6808028
0.05829,2.6808028
0.058292,2.6808028
0.058294,2.6808028
0.058296,2.6808028
0.058298,2.6808028
0.0583,2.6808028
0.058302,2.6808028
0.058304,2.6808028
0.058306,2.6808028
0.058308,2.6808028
0.05831,2.6808028
0.058312,2.6808028
0.058314,2.6808028
0.058316,2.6808028
0.058318,2.6808028
0.05832,2.6808028
0.058322,2.6808028
0.058323998,2.6808028
0.058326,2.6808028
0.058328,2.6808028
0.05833,2.6808028
0.058332,2.6808028
0.058334,2.6808028
0.058336,2.6808028
0.058338,2.6808028
0.058339998,2.6808028
0.058342,2.6808028
0.058344,2.6808028
0.058346,2.6808028
0.058348,2.6808028
0.05835,2.6808028
0.058352,2.6808028
0.058354,2.6808028
0.058356,2.6808028
0.058358,2.6808028
0.05836,2.6808028
0.058362,2.6808028
0.058364,2.6808028
0.058366,2.6808028
0.058368,2.6808028
0.05837,2.6808028
0.058372,2.6808028
0.058374,2.6808028
0.058376,2.6808028
0.058378,2.6808028
0.05838,2.6808028
0.058382,2.6808028
0.058384,2.6808028
0.058385998,2.6808028
0.058388,2.6808028
0.05839,2.6808028
0.058392,2.6808028
0.058394,2.6808028
0.058396,2.6808028
0.058398,2.6808028
0.0584,2.6808028
0.058401998,2.6808028
0.058404,2.6808028
0.058406,2.6808028
0.058408,2.6808028
0.05841,2.6808028
0.058412,2.6808028
0.058414,2.6808028
0.058416,2.6808028
0.058418,2.6808028
0.05842,2.6808028
0.058422,2.6808028
0.058424,2.6808028
0.058426,2.6808028
0.058428,2.6808028
0.05843,2.6808028
0.058432,2.6808028
0.058434,2.6808028
0.058436,2.6808028
0.058438,2.6808028
0.05844,2.6808028
0.058442,2.6808028
0.058444,2.6808028
0.058446,1.4787879
0.058447998,1.4325566
0.05845,1.4325566
0.058452,1.4325566
0.058454,1.4325566
0.058456,1.4325566
0.058458,1.4325566
0.05846,1.4325566
0.058462,1.4325566
0.058464,1.4325566
0.058466,1.4325566
0.058468,1.4325566
0.05847,1.4325566
0.058472,1.4325566
0.058474,1.4325566
0.058476,1.4325566
0.058478,1.4325566
0.05848,1.4325566
0.058482,1.4325566
0.058484,1.3863249
0.058486,1.3863249
0.058488,1.3863249
0.05849,1.3863249
0.058492,1.3863249
0.058494,1.3863249
0.058496,1.3863249
0.058498,1.3863249
0.0585,1.3863249
0.058502,1.3863249
0.058504,1.3863249
0.058506,1.3863249
0.058508,1.3863249
0.058509998,1.3863249
0.058512,1.3863249
0.058514,1.3863249
0.058516,1.3863249
0.058518,1.3863249
0.05852,1.3863249
0.058522,1.3863249
0.058524,1.3863249
0.058526,1.3863249
0.058528,1.3863249
0.05853,1.3863249
0.058532,1.3863249
0.058534,1.3863249
0.058536,1.3863249
0.058538,1.3863249
0.05854,1.3863249
0.058542,1.3863249
0.058544,1.3863249
0.058546,1.3863249
0.058548,1.3863249
0.05855,1.3863249
0.058552,1.3863249
0.058554,1.3863249
0.058556,1.3863249
0.058558,1.3863249
0.05856,1.3863249
0.058562,1.3863249
0.058564,1.3863249
0.058566,1.3863249
0.058568,1.3863249
0.05857,1.3863249
0.058571998,1.3863249
0.058574,1.3863249
0.058576,1.3863249
0.058578,1.3863249
0.05858,1.3863249
0.058582,1.3863249
0.058584,1.3863249
0.058586,1.3863249
0.058588,1.3863249
0.05859,1.3863249
0.058592,1.3863249
0.058594,1.3863249
0.058596,1.3863249
0.058598,1.3863249
0.0586,1.3863249
0.058602,1.3863249
0.058604,1.3863249
0.058606,1.3863249
0.058608,1.3863249
0.05861,1.3863249
0.058612,1.3863249
0.058614,1.3863249
0.058616,1.3863249
0.058618,1.3863249
0.05862,1.3863249
0.058622,1.3863249
0.058624,1.3863249
0.058626,1.3863249
0.058628,1.3863249
0.05863,1.3863249
0.058632,1.3863249
0.058633998,1.3863249
0.058636,1.3863249
0.058638,1.3863249
0.05864,1.3863249
0.058642,1.3863249
0.058644,1.3863249
0.058646,1.3863249
0.058648,1.3863249
0.05865,1.3863249
0.058652,1.3863249
0.058654,1.3863249
0.058656,1.3863249
0.058658,1.3863249
0.05866,1.3863249
0.058662,1.3863249
0.058664,1.3863249
0.058666,1.3863249
0.058668,1.3863249
0.05867,1.3863249
0.058672,1.3863249
0.058674,1.3863249
0.058676,1.3863249
0.058678,1.3863249
0.05868,1.3863249
0.058682,1.3863249
0.058684,1.3863249
0.058686,1.3863249
0.058688,1.3863249
0.05869,1.3863249
0.058692,1.3863249
0.058694,1.3863249
0.058695998,1.3863249
0.058698,1.3863249
0.0587,1.3863249
0.058702,1.3863249
0.058704,1.3863249
0.058706,1.3863249
0.058708,1.3863249
0.05871,1.3863249
0.058712,1.3863249
0.058714,1.3863249
0.058716,1.3863249
0.058718,1.3863249
0.05872,1.3863249
0.058722,1.3863249
0.058724,1.3863249
0.058726,1.3863249
0.058728,1.3863249
0.05873,1.3863249
0.058732,1.3863249
0.058734,1.3863249
0.058736,1.3863249
0.058738,1.3863249
0.05874,1.3863249
0.058742,1.3863249
0.058744,1.3863249
0.058746,1.3863249
0.058748,1.3863249
0.05875,1.3863249
0.058752,1.3863249
0.058754,1.3863249
0.058756,1.3863249
0.058757998,1.3863249
0.05876,1.3863249
0.058762,1.3863249
0.058764,1.3863249
0.058766,1.3863249
0.058768,1.3863249
0.05877,1.3863249
0.058772,1.3863249
0.058774,1.3863249
0.058776,1.3863249
0.058778,1.3863249
0.05878,1.3863249
0.058782,1.3863249
0.058784,1.3863249
0.058786,1.3863249
0.058788,1.3863249
0.05879,1.3863249
0.058792,1.3863249
0.058794,1.3863249
0.058796,1.3863249
0.058798,1.3863249
0.0588,1.3863249
0.058802,1.3863249
0.058804,1.3863249
0.058806,1.3863249
0.058808,1.3863249
0.05881,1.3863249
0.058812,1.3863249
0.058814,1.3863249
0.058816,1.3863249
0.058818,1.3863249
0.058819998,1.3863249
0.058822,1.3863249
0.058824,1.3863249
0.058826,0.36923456
0.058828,0.184309
0.05883,0.13807821
0.058832,0.13807821
0.058834,0.13807821
0.058836,0.13807821
0.058838,0.13807821
0.05884,0.13807821
0.058842,0.13807821
0.058844,0.13807821
0.058846,0.13807821
0.058848,0.13807821
0.05885,0.091846466
0.058852,0.091846466
0.058854,0.091846466
0.058856,0.091846466
0.058858,0.091846466
0.05886,0.091846466
0.058862,0.091846466
0.058864,0.091846466
0.058866,0.091846466
0.058868,0.091846466
0.05887,0.091846466
0.058872,0.091846466
0.058874,0.091846466
0.058876,0.091846466
0.058878,0.091846466
0.05888,0.091846466
0.058881998,0.091846466
0.058884,0.091846466
0.058886,0.091846466
0.058888,0.091846466
0.05889,0.091846466
0.058892,0.091846466
0.058894,0.091846466
0.058896,0.091846466
0.058898,0.091846466
0.0589,0.091846466
0.058902,0.091846466
0.058904,0.091846466
0.058906,0.091846466
0.058908,0.091846466
0.05891,0.091846466
0.058912,0.091846466
0.058914,0.091846466
0.058916,0.091846466
0.058918,0.091846466
0.05892,0.091846466
0.058922,0.091846466
0.058924,0.091846466
0.058926,0.091846466
0.058928,0.091846466
0.05893,0.091846466
0.058932,0.091846466
0.058934,0.091846466
0.058936,0.091846466
0.058938,0.091846466
0.05894,0.091846466
0.058942,0.091846466
0.058943998,0.091846466
0.058946,0.091846466
0.058948,0.091846466
0.05895,0.091846466
0.058952,0.091846466
0.058954,0.091846466
0.058956,0.091846466
0.058958,0.091846466
0.05896,0.091846466
0.058962,0.091846466
0.058964,0.091846466
0.058966,0.091846466
0.058968,0.091846466
0.05897,0.091846466
0.058972,0.091846466
0.058974,0.091846466
0.058976,0.091846466
0.058978,0.091846466
0.05898,0.091846466
0.058982,0.091846466
0.058984,0.091846466
0.058986,0.091846466
0.058988,0.091846466
0.05899,0.091846466
0.058992,0.091846466
0.058994,0.091846466
0.058996,0.091846466
0.058998,0.091846466
0.059,0.091846466
0.059002,0.091846466
0.059004,0.091846466
0.059005998,0.091846466
0.059008,0.091846466
0.05901,0.091846466
0.059012,0.091846466
0.059014,0.091846466
0.059016,0.091846466
0.059018,0.091846466
0.05902,0.091846466
0.059022,0.091846466
0.059024,0.091846466
0.059026,0.091846466
0.059028,0.091846466
0.05903,0.091846466
0.059032,0.091846466
0.059034,0.091846466
0.059036,0.091846466
0.059038,0.091846466
0.05904,0.091846466
0.059042,0.091846466
0.059044,0.091846466
0.059046,0.091846466
0.059048,0.091846466
0.05905,0.091846466
0.059052,0.091846466
0.059054,0.091846466
0.059056,0.091846466
0.059058,0.091846466
0.05906,0.091846466
0.059062,0.091846466
0.059064,0.091846466
0.059066,0.091846466
0.059067998,0.091846466
0.05907,0.091846466
0.059072,0.091846466
0.059074,0.091846466
0.059076,0.091846466
0.059078,0.091846466
0.05908,0.091846466
0.059082,0.091846466
0.059084,0.091846466
0.059086,0.091846466
0.059088,0.091846466
0.05909,0.091846466
0.059092,0.091846466
0.059094,0.091846466
0.059096,0.091846466
0.059098,0.091846466
0.0591,0.091846466
0.059102,0.091846466
0.059104,0.091846466
0.059106,0.091846466
0.059108,0.091846466
0.05911,0.091846466
0.059112,0.091846466
0.059114,0.091846466
0.059116,0.091846466
0.059118,0.091846466
0.05912,0.091846466
0.059122,0.091846466
0.059124,0.091846466
0.059126,0.091846466
0.059128,0.091846466
0.059129998,0.091846466
0.059132,0.091846466
0.059134,0.091846466
0.059136,0.091846466
0.059138,0.091846466
0.05914,0.091846466
0.059142,0.091846466
0.059144,0.091846466
0.059146,0.091846466
0.059148,0.091846466
0.05915,0.091846466
0.059152,0.091846466
0.059154,0.091846466
0.059156,0.091846466
0.059158,0.091846466
0.05916,0.091846466
0.059162,0.091846466
0.059164,0.091846466
0.059166,0.091846466
0.059168,0.091846466
0.05917,0.091846466
0.059172,0.091846466
0.059174,0.091846466
0.059176,0.091846466
0.059178,0.091846466
0.05918,0.091846466
0.059182,0.091846466
0.059184,0.091846466
0.059186,0.091846466
0.059188,0.091846466
0.05919,0.091846466
0.059191998,0.091846466
0.059194,0.091846466
0.059196,0.091846466
0.059198,0.091846466
0.0592,0.091846466
0.059202,0.091846466
0.059204,0.091846466
0.059206,0.091846466
0.059208,0.091846466
0.05921,0.091846466
0.059212,0.091846466
0.059214,0.091846466
0.059216,0.091846466
0.059218,0.091846466
0.05922,0.091846466
0.059222,0.091846466
0.059224,0.091846466
0.059226,0.091846466
0.059228,0.091846466
0.05923,0.091846466
0.059232,0.091846466
0.059234,0.091846466
0.059236,0.091846466
0.059238,0.091846466
0.05924,0.091846466
0.059242,0.091846466
0.059244,0.091846466
0.059246,0.091846466
0.059248,0.091846466
0.05925,0.091846466
0.059252,0.091846466
0.059253998,0.091846466
0.059256,0.091846466
0.059258,0.091846466
0.05926,0.091846466
0.059262,0.091846466
0.059264,0.091846466
0.059266,0.091846466
0.059268,0.091846466
0.05927,0.091846466
0.059272,0.091846466
0.059274,0.091846466
0.059276,0.091846466
0.059278,0.091846466
0.05928,0.091846466
0.059282,0.091846466
0.059284,0.091846466
0.059286,0.091846466
0.059288,0.091846466
0.05929,0.091846466
0.059292,0.091846466
0.059294,0.091846466
0.059296,0.091846466
0.059298,0.091846466
0.0593,0.091846466
0.059302,0.091846466
0.059304,0.091846466
0.059306,0.091846466
0.059308,0.091846466
0.05931,0.091846466
0.059312,0.091846466
0.059314,0.091846466
0.059315998,0.091846466
0.059318,0.091846466
0.05932,0.091846466
0.059322,0.091846466
0.059324,0.091846466
0.059326,0.091846466
0.059328,0.091846466
0.05933,0.091846466
0.059332,0.091846466
0.059334,0.091846466
0.059336,0.091846466
0.059338,0.091846466
0.05934,0.091846466
0.059342,0.091846466
0.059344,0.091846466
0.059346,0.091846466
0.059348,0.091846466
0.05935,0.091846466
0.059352,0.091846466
0.059354,0.091846466
0.059356,0.091846466
0.059358,0.091846466
0.05936,0.091846466
0.059361998,0.091846466
0.059364,0.091846466
0.059366,0.091846466
0.059368,0.091846466
0.05937,0.091846466
0.059372,0.091846466
0.059374,0.091846466
0.059376,0.091846466
0.059377998,0.091846466
0.05938,0.091846466
0.059382,0.091846466
0.059384,0.091846466
0.059386,0.091846466
0.059388,0.091846466
0.05939,0.091846466
0.059392,0.091846466
0.059394,0.091846466
0.059396,0.091846466
0.059398,0.091846466
0.0594,0.091846466
0.059402,0.091846466
0.059404,0.091846466
0.059406,0.091846466
0.059408,0.091846466
0.05941,0.091846466
0.059412,0.091846466
0.059414,0.091846466
0.059416,0.091846466
0.059418,0.091846466
0.05942,0.091846466
0.059422,0.091846466
0.059423998,0.091846466
0.059426,0.091846466
0.059428,0.091846466
0.05943,0.091846466
0.059432,0.091846466
0.059434,0.091846466
0.059436,0.091846466
0.059438,0.091846466
0.059439998,0.091846466
0.059442,0.091846466
0.059444,0.091846466
0.059446,0.091846466
0.059448,0.091846466
0.05945,0.091846466
0.059452,0.091846466
0.059454,0.091846466
0.059456,0.091846466
0.059458,0.091846466
0.05946,0.091846466
0.059462,0.091846466
0.059464,0.091846466
0.059466,0.091846466
0.059468,0.091846466
0.05947,0.091846466
0.059472,0.091846466
0.059474,0.091846466
0.059476,0.091846466
0.059478,0.091846466
0.05948,0.091846466
0.059482,0.091846466
0.059484,0.091846466
0.059485998,0.091846466
0.059488,0.091846466
0.05949,0.091846466
0.059492,0.091846466
0.059494,0.091846466
0.059496,0.091846466
0.059498,0.091846466
0.0595,0.091846466
0.059501998,0.091846466
0.059504,0.091846466
0.059506,0.091846466
0.059508,0.091846466
0.05951,0.091846466
0.059512,0.091846466
0.059514,0.091846466
0.059516,0.091846466
0.059518,0.091846466
0.05952,0.091846466
0.059522,0.091846466
0.059524,0.091846466
0.059526,0.091846466
0.059528,0.091846466
0.05953,0.091846466
0.059532,0.091846466
0.059534,0.091846466
0.059536,0.091846466
0.059538,0.091846466
0.05954,0.091846466
0.059542,0.091846466
0.059544,0.091846466
0.059546,0.091846466
0.059547998,0.091846466
0.05955,0.091846466
0.059552,0.091846466
0.059554,0.091846466
0.059556,0.091846466
0.059558,0.091846466
0.05956,0.091846466
0.059562,0.091846466
0.059563998,0.091846466
0.059566,0.091846466
0.059568,0.091846466
0.05957,0.091846466
0.059572,0.091846466
0.059574,0.091846466
0.059576,0.091846466
0.059578,0.091846466
0.05958,0.091846466
0.059582,0.091846466
0.059584,0.091846466
0.059586,0.091846466
0.059588,0.091846466
0.05959,0.091846466
0.059592,0.091846466
0.059594,0.091846466
0.059596,0.091846466
0.059598,0.091846466
0.0596,0.091846466
0.059602,0.091846466
0.059604,0.091846466
0.059606,0.091846466
0.059608,0.091846466
0.059609998,0.091846466
0.059612,0.091846466
0.059614,0.091846466
0.059616,0.091846466
0.059618,0.091846466
0.05962,0.091846466
0.059622,0.091846466
0.059624,0.091846466
0.059626,0.091846466
0.059628,0.091846466
0.05963,0.091846466
0.059632,0.091846466
0.059634,0.091846466
0.059636,0.091846466
0.059638,0.091846466
0.05964,0.091846466
0.059642,0.64662313
0.059644,1.3400936
0.059646,1.3400936
0.059648,1.3400936
0.05965,1.3863249
0.059652,1.3863249
0.059654,1.3863249
0.059656,1.3863249
0.059658,1.3863249
0.05966,1.3863249
0.059662,1.3863249
0.059664,1.3863249
0.059666,1.3863249
0.059668,1.3863249
0.05967,1.3863249
0.059671998,1.3863249
0.059674,1.3863249
0.059676,1.3863249
0.059678,1.3863249
0.05968,1.3863249
0.059682,1.3863249
0.059684,1.3863249
0.059686,1.3863249
0.059688,1.3863249
0.05969,1.3863249
0.059692,1.3863249
0.059694,1.3863249
0.059696,1.3863249
0.059698,1.3863249
0.0597,1.3863249
0.059702,1.3863249
0.059704,1.3863249
0.059706,1.3863249
0.059708,1.3863249
0.05971,1.3863249
0.059712,1.3863249
0.059714,1.3863249
0.059716,1.3863249
0.059718,1.3863249
0.05972,1.3863249
0.059722,1.3863249
0.059724,1.3863249
0.059726,1.3863249
0.059728,1.3863249
0.05973,1.3863249
0.059732,1.3863249
0.059733998,1.3863249
0.059736,1.3863249
0.059738,1.3863249
0.05974,1.3863249
0.059742,1.3863249
0.059744,1.3863249
0.059746,1.3863249
0.059748,1.3863249
0.05975,1.3863249
0.059752,1.3863249
0.059754,1.3863249
0.059756,1.3863249
0.059758,1.3863249
0.05976,1.3863249
0.059762,1.3863249
0.059764,1.3863249
0.059766,1.3863249
0.059768,1.3863249
0.05977,1.3863249
0.059772,1.3863249
0.059774,1.3863249
0.059776,1.3863249
0.059778,1.3863249
0.05978,1.3863249
0.059782,1.3863249
0.059784,1.3863249
0.059786,1.3863249
0.059788,1.3863249
0.05979,1.3863249
0.059792,1.3863249
0.059794,1.3863249
0.059795998,1.3863249
0.059798,1.3863249
0.0598,1.3863249
0.059802,1.3863249
0.059804,1.3863249
0.059806,1.3863249
0.059808,1.3863249
0.05981,1.3863249
0.059812,1.3863249
0.059814,1.3863249
0.059816,1.3863249
0.059818,1.3863249
0.05982,1.3863249
0.059822,1.3863249
0.059824,1.3863249
0.059826,1.3863249
0.059828,1.3863249
0.05983,1.3863249
0.059832,1.3863249
0.059834,1.3863249
0.059836,1.3863249
0.059838,1.3863249
0.05984,1.3863249
0.059842,1.3863249
0.059844,1.3863249
0.059846,1.3863249
0.059848,1.3863249
0.05985,1.3863249
0.059852,1.3863249
0.059854,1.3863249
0.059856,1.3863249
0.059857998,1.3863249
0.05986,1.3863249
0.059862,1.3863249
0.059864,1.3863249
0.059866,1.3863249
0.059868,1.3863249
0.05987,1.3863249
0.059872,1.3863249
0.059874,1.3863249
0.059876,1.3863249
0.059878,1.3863249
0.05988,1.3863249
0.059882,1.3863249
0.059884,1.3863249
0.059886,1.3863249
0.059888,1.3863249
0.05989,1.3863249
0.059892,1.3863249
0.059894,1.3863249
0.059896,1.3863249
0.059898,1.3863249
0.0599,1.3863249
0.059902,1.3863249
0.059904,1.3863249
0.059906,1.3863249
0.059908,1.3863249
0.05991,1.3863249
0.059912,1.3863249
0.059914,1.3863249
0.059916,1.3863249
0.059918,1.3863249
0.059919998,1.3863249
0.059922,1.3863249
0.059924,1.3863249
0.059926,1.3863249
0.059928,1.3863249
0.05993,1.3863249
0.059932,1.3863249
0.059934,1.3863249
0.059936,1.3863249
0.059938,1.3863249
0.05994,1.3863249
0.059942,1.3863249
0.059944,1.3863249
0.059946,1.3863249
0.059948,1.3863249
0.05995,1.3863249
0.059952,1.3863249
0.059954,1.3863249
0.059956,1.3863249
0.059958,1.3863249
0.05996,1.3863249
0.059962,1.3863249
0.059964,1.3863249
0.059966,1.3863249
0.059968,1.3863249
0.05997,1.3863249
0.059972,1.3863249
0.059974,1.3863249
0.059976,1.3863249
0.059978,1.3863249
0.05998,1.3863249
0.059981998,1.3863249
0.059984,1.3863249
0.059986,1.3863249
0.059988,1.3863249
0.05999,1.3863249
0.059992,1.3863249
0.059994,1.3863249
0.059996,2.126027
0.059998,2.6345725
0.06,2.6345725
0.060002,2.6345725
0.060004,2.6345725
0.060006,2.6345725
0.060008,2.6345725
0.06001,2.6345725
0.060012,2.6808028
0.060014,2.6345725
0.060016,2.6808028
0.060018,2.6808028
0.06002,2.6808028
0.060022,2.6808028
0.060024,2.6808028
0.060026,2.6808028
0.060028,2.6808028
0.06003,2.6808028
0.060032,2.6808028
0.060034,2.6808028
0.060036,2.6808028
0.060038,2.6808028
0.06004,2.6808028
0.060042,2.6808028
0.060043998,2.6808028
0.060046,2.6808028
0.060048,2.6808028
0.06005,2.6808028
0.060052,2.6808028
0.060054,2.6808028
0.060056,2.6808028
0.060058,2.6808028
0.06006,2.6808028
0.060062,2.6808028
0.060064,2.6808028
0.060066,2.6808028
0.060068,2.6808028
0.06007,2.6808028
0.060072,2.6808028
0.060074,2.6808028
0.060076,2.6808028
0.060078,2.6808028
0.06008,2.6808028
0.060082,2.6808028
0.060084,2.6808028
0.060086,2.6808028
0.060088,2.6808028
0.06009,2.6808028
0.060092,2.6808028
0.060094,2.6808028
0.060096,2.6808028
0.060098,2.6808028
0.0601,2.6808028
0.060102,2.6808028
0.060104,2.6808028
0.060105998,2.6808028
0.060108,2.6808028
0.06011,2.6808028
0.060112,2.6808028
0.060114,2.6808028
0.060116,2.6808028
0.060118,2.6808028
0.06012,2.6808028
0.060122,2.6808028
0.060124,2.6808028
0.060126,2.6808028
0.060128,2.6808028
0.06013,2.6808028
0.060132,2.6808028
0.060134,2.6808028
0.060136,2.6808028
0.060138,2.6808028
0.06014,2.6808028
0.060142,2.6808028
0.060144,2.6808028
0.060146,2.6808028
0.060148,2.6808028
0.06015,2.6808028
0.060152,2.6808028
0.060154,2.6808028
0.060156,2.6808028
0.060158,2.6808028
0.06016,2.6808028
0.060162,2.6808028
0.060164,2.6808028
0.060166,2.6808028
0.060167998,2.6808028
0.06017,2.6808028
0.060172,2.6808028
0.060174,2.6808028
0.060176,2.6808028
0.060178,2.6808028
0.06018,2.6808028
0.060182,2.6808028
0.060184,2.6808028
0.060186,2.6808028
0.060188,2.6808028
0.06019,2.6808028
0.060192,2.6808028
0.060194,2.6808028
0.060196,2.6808028
0.060198,2.6808028
0.0602,2.6808028
0.060202,2.6808028
0.060204,2.6808028
0.060206,2.6808028
0.060208,2.6808028
0.06021,2.6808028
0.060212,2.6808028
0.060214,2.6808028
0.060216,2.6808028
0.060218,2.6808028
0.06022,2.6808028
0.060222,2.6808028
0.060224,2.6808028
0.060226,2.6808028
0.060228,2.6808028
0.060229998,2.6808028
0.060232,2.6808028
0.060234,2.6808028
0.060236,2.6808028
0.060238,2.6808028
0.06024,2.6808028
0.060242,2.6808028
0.060244,2.6808028
0.060246,2.6808028
0.060248,2.6808028
0.06025,2.6808028
0.060252,2.6808028
0.060254,2.6808028
0.060256,2.6808028
0.060258,2.6808028
0.06026,2.6808028
0.060262,2.6808028
0.060264,2.6808028
0.060266,2.6808028
0.060268,2.6808028
0.06027,2.6808028
0.060272,2.6808028
0.060274,2.6808028
0.060276,2.6808028
0.060278,2.6808028
0.06028,2.6808028
0.060282,2.6808028
0.060284,2.6808028
0.060286,2.6808028
0.060288,2.6808028
0.06029,2.6808028
0.060291998,2.6808028
0.060294,2.6808028
0.060296,2.6808028
0.060298,2.6808028
0.0603,2.6808028
0.060302,2.6808028
0.060304,2.6808028
0.060306,2.6808028
0.060308,2.6808028
0.06031,2.6808028
0.060312,2.6808028
0.060314,2.6808028
0.060316,2.6808028
0.060318,2.6808028
0.06032,2.6808028
0.060322,3.0044227
0.060324,3.92905
0.060326,3.92905
0.060328,3.92905
0.06033,3.92905
0.060332,3.9752812
0.060334,3.9752812
0.060336,3.9752812
0.060338,3.9752812
0.06034,3.9752812
0.060342,3.9752812
0.060344,3.9752812
0.060346,3.9752812
0.060348,3.9752812
0.06035,3.9752812
0.060352,3.9752812
0.060353998,3.9752812
0.060356,3.9752812
0.060358,3.9752812
0.06036,3.9752812
0.060362,3.9752812
0.060364,3.9752812
0.060366,3.9752812
0.060368,3.9752812
0.06037,3.9752812
0.060372,3.9752812
0.060374,3.9752812
0.060376,3.9752812
0.060378,3.9752812
0.06038,3.9752812
0.060382,3.9752812
0.060384,3.9752812
0.060386,3.9752812
0.060388,3.9752812
0.06039,3.9752812
0.060392,3.9752812
0.060394,3.9752812
0.060396,3.9752812
0.060398,3.9752812
0.0604,3.9752812
0.060402,3.9752812
0.060404,3.9752812
0.060406,3.9752812
0.060408,3.9752812
0.06041,3.9752812
0.060412,3.9752812
0.060414,3.9752812
0.060415998,3.9752812
0.060418,3.9752812
0.06042,3.9752812
0.060422,3.9752812
0.060424,3.9752812
0.060426,3.9752812
0.060428,3.9752812
0.06043,3.9752812
0.060432,3.9752812
0.060434,3.9752812
0.060436,3.9752812
0.060438,3.9752812
0.06044,3.9752812
0.060442,3.9752812
0.060444,3.9752812
0.060446,3.9752812
0.060448,3.9752812
0.06045,3.9752812
0.060452,3.9752812
0.060454,3.9752812
0.060456,3.9752812
0.060458,3.9752812
0.06046,3.9752812
0.060461998,3.9752812
0.060464,3.9752812
0.060466,3.9752812
0.060468,3.9752812
0.06047,3.9752812
0.060472,3.9752812
0.060474,3.9752812
0.060476,3.9752812
0.060477998,3.9752812
0.06048,3.9752812
0.060482,3.9752812
0.060484,3.9752812
0.060486,3.9752812
0.060488,3.9752812
0.06049,3.9752812
0.060492,3.9752812
0.060494,3.9752812
0.060496,3.9752812
0.060498,3.9752812
0.0605,3.9752812
0.060502,3.9752812
0.060504,3.9752812
0.060506,3.9752812
0.060508,3.9752812
0.06051,3.9752812
0.060512,3.9752812
0.060514,3.9752812
0.060516,3.9752812
0.060518,3.9752812
0.06052,3.9752812
0.060522,3.9752812
0.060523998,3.9752812
0.060526,3.9752812
0.060528,3.9752812
0.06053,3.9752812
0.060532,3.9752812
0.060534,3.9752812
0.060536,3.9752812
0.060538,3.9752812
0.060539998,3.9752812
0.060542,3.9752812
0.060544,3.9752812
0.060546,3.9752812
0.060548,3.9752812
0.06055,3.9752812
0.060552,3.9752812
0.060554,3.9752812
0.060556,3.9752812
0.060558,3.9752812
0.06056,3.9752812
0.060562,3.9752812
0.060564,3.9752812
0.060566,3.9752812
0.060568,3.9752812
0.06057,3.9752812
0.060572,3.9752812
0.060574,3.9752812
0.060576,3.9752812
0.060578,3.9752812
0.06058,3.9752812
0.060582,3.9752812
0.060584,3.9752812
0.060585998,3.9752812
0.060588,3.9752812
0.06059,3.9752812
0.060592,3.9752812
0.060594,3.9752812
0.060596,3.9752812
0.060598,3.9752812
0.0606,3.9752812
0.060601998,3.9752812
0.060604,3.9752812
0.060606,3.9752812
0.060608,3.9752812
0.06061,3.9752812
0.060612,3.9752812
0.060614,3.9752812
0.060616,3.9752812
0.060618,3.9752812
0.06062,3.9752812
0.060622,3.9752812
0.060624,3.9752812
0.060626,3.9752812
0.060628,3.9752812
0.06063,3.9752812
0.060632,3.9752812
0.060634,3.9752812
0.060636,3.9752812
0.060638,3.9752812
0.06064,3.9752812
0.060642,3.9752812
0.060644,3.9752812
0.060646,3.9752812
0.060647998,3.9752812
0.06065,3.9752812
0.060652,3.9752812
0.060654,3.9752812
0.060656,3.9752812
0.060658,3.9752812
0.06066,3.9752812
0.060662,3.9752812
0.060663998,3.9752812
0.060666,3.9752812
0.060668,3.9752812
0.06067,3.9752812
0.060672,3.9752812
0.060674,3.9752812
0.060676,3.9752812
0.060678,3.9752812
0.06068,3.9752812
0.060682,3.9752812
0.060684,3.9752812
0.060686,3.9752812
0.060688,3.9752812
0.06069,3.9752812
0.060692,3.9752812
0.060694,3.9752812
0.060696,3.9752812
0.060698,3.9752812
0.0607,3.9752812
0.060702,3.9752812
0.060704,3.9752812
0.060706,3.9752812
0.060708,3.9752812
0.060709998,3.9752812
0.060712,3.9752812
0.060714,3.9752812
0.060716,3.9752812
0.060718,3.9752812
0.06072,3.9752812
0.060722,3.9752812
0.060724,3.9752812
0.060725998,3.9752812
0.060728,3.9752812
0.06073,3.9752812
0.060732,3.9752812
0.060734,3.9752812
0.060736,3.9752812
0.060738,3.9752812
0.06074,3.9752812
0.060742,3.9752812
0.060744,3.9752812
0.060746,3.9752812
0.060748,3.9752812
0.06075,3.9752812
0.060752,3.9752812
0.060754,3.9752812
0.060756,3.9752812
0.060758,3.9752812
0.06076,3.9752812
0.060762,3.9752812
0.060764,3.9752812
0.060766,3.9752812
0.060768,3.9752812
0.06077,3.9752812
0.060771998,3.9752812
0.060774,3.9752812
0.060776,3.9752812
0.060778,3.9752812
0.06078,3.9752812
0.060782,3.9752812
0.060784,3.9752812
0.060786,3.9752812
0.060788,3.9752812
0.06079,3.9752812
0.060792,3.9752812
0.060794,3.9752812
0.060796,3.9752812
0.060798,3.9752812
0.0608,3.9752812
0.060802,3.9752812
0.060804,3.9752812
0.060806,3.9752812
0.060808,3.9752812
0.06081,3.9752812
0.060812,3.9752812
0.060814,3.9752812
0.060816,3.9752812
0.060818,3.9752812
0.06082,3.9752812
0.060822,3.9752812
0.060824,3.9752812
0.060826,3.9752812
0.060828,3.9752812
0.06083,3.9752812
0.060832,3.9752812
0.060833998,3.9752812
0.060836,3.9752812
0.060838,3.9752812
0.06084,3.9752812
0.060842,3.9752812
0.060844,3.9752812
0.060846,3.9752812
0.060848,3.9752812
0.06085,3.9752812
0.060852,3.9752812
0.060854,3.9752812
0.060856,3.9752812
0.060858,3.9752812
0.06086,3.9752812
0.060862,3.9752812
0.060864,3.9752812
0.060866,3.9752812
0.060868,3.9752812
0.06087,3.9752812
0.060872,3.9752812
0.060874,3.9752812
0.060876,3.9752812
0.060878,3.9752812
0.06088,3.9752812
0.060882,3.9752812
0.060884,3.9752812
0.060886,3.9752812
0.060888,3.9752812
0.06089,3.9752812
0.060892,3.9752812
0.060894,3.9752812
0.060895998,3.9752812
0.060898,3.9752812
0.0609,3.9752812
0.060902,3.9752812
0.060904,3.9752812
0.060906,3.9752812
0.060908,3.9752812
0.06091,3.9752812
0.060912,3.9752812
0.060914,3.9752812
0.060916,3.9752812
0.060918,3.9752812
0.06092,3.9752812
0.060922,3.9752812
0.060924,3.9752812
0.060926,3.9752812
0.060928,3.9752812
0.06093,3.9752812
0.060932,3.9752812
0.060934,3.9752812
0.060936,3.9752812
0.060938,3.9752812
0.06094,3.9752812
0.060942,3.9752812
0.060944,3.9752812
0.060946,3.9752812
0.060948,3.9752812
0.06095,3.9752812
0.060952,3.9752812
0.060954,3.9752812
0.060956,3.9752812
0.060957998,3.9752812
0.06096,3.9752812
0.060962,3.9752812
0.060964,3.9752812
0.060966,3.9752812
0.060968,3.9752812
0.06097,3.9752812
0.060972,3.9752812
0.060974,3.9752812
0.060976,3.9752812
0.060978,3.9752812
0.06098,3.9752812
0.060982,3.9752812
0.060984,3.9752812
0.060986,3.9752812
0.060988,3.9752812
0.06099,3.9752812
0.060992,3.9752812
0.060994,3.9752812
0.060996,3.9752812
0.060998,3.9752812
0.061,3.9752812
0.061002,3.9752812
0.061004,3.9752812
0.061006,3.9752812
0.061008,3.9752812
0.06101,3.9752812
0.061012,3.9752812
0.061014,3.9752812
0.061016,3.9752812
0.061018,3.9752812
0.061019998,3.9752812
0.061022,3.9752812
0.061024,3.9752812
0.061026,3.9752812
0.061028,3.9752812
0.06103,3.9752812
0.061032,3.9752812
0.061034,3.9752812
0.061036,3.9752812
0.061038,3.9752812
0.06104,3.9752812
0.061042,3.9752812
0.061044,3.9752812
0.061046,3.9752812
0.061048,3.9752812
0.06105,3.9752812
0.061052,3.9752812
0.061054,3.9752812
0.061056,3.9752812
0.061058,3.9752812
0.06106,3.9752812
0.061062,3.9752812
0.061064,3.9752812
0.061066,3.9752812
0.061068,3.9752812
0.06107,3.9752812
0.061072,3.9752812
0.061074,3.9752812
0.061076,3.9752812
0.061078,3.9752812
0.06108,3.9752812
0.061081998,3.9752812
0.061084,3.9752812
0.061086,3.9752812
0.061088,3.9752812
0.06109,3.9752812
0.061092,3.9752812
0.061094,3.9752812
0.061096,3.9752812
0.061098,3.9752812
0.0611,3.9752812
0.061102,3.9752812
0.061104,3.9752812
0.061106,3.9752812
0.061108,3.9752812
0.06111,3.9752812
0.061112,3.9752812
0.061114,3.9752812
0.061116,3.9752812
0.061118,3.9752812
0.06112,3.9752812
0.061122,3.9752812
0.061124,3.9752812
0.061126,3.9752812
0.061128,3.9752812
0.06113,3.9752812
0.061132,3.9752812
0.061134,3.9752812
0.061136,3.9752812
0.061138,3.9752812
0.06114,3.9752812
0.061142,3.9752812
0.061143998,3.9752812
0.061146,3.9752812
0.061148,3.9752812
0.06115,3.9752812
0.061152,3.9752812
0.061154,3.9752812
0.061156,3.9752812
0.061158,3.9752812
0.06116,3.9752812
0.061162,3.9752812
0.061164,3.9752812
0.061166,3.9752812
0.061168,3.9752812
0.06117,3.9752812
0.061172,3.9752812
0.061174,3.9752812
0.061176,3.9752812
0.061178,3.9752812
0.06118,3.9752812
0.061182,3.9752812
0.061184,3.9752812
0.061186,3.9752812
0.061188,3.9752812
0.06119,3.9752812
0.061192,3.9752812
0.061194,3.9752812
0.061196,3.9752812
0.061198,3.9752812
0.0612,3.9752812
0.061202,3.9752812
0.061204,3.9752812
0.061205998,3.9752812
0.061208,3.9752812
0.06121,3.9752812
0.061212,3.9752812
0.061214,3.9752812
0.061216,3.9752812
0.061218,3.9752812
0.06122,3.9752812
0.061222,3.9752812
0.061224,3.9752812
0.061226,3.9752812
0.061228,3.9752812
0.06123,3.9752812
0.061232,3.9752812
0.061234,3.9752812
0.061236,3.9752812
0.061238,3.9752812
0.06124,3.9752812
0.061242,3.9752812
0.061244,3.9752812
0.061246,3.9752812
0.061248,3.9752812
0.06125,3.9752812
0.061252,3.9752812
0.061254,3.9752812
0.061256,3.9752812
0.061258,3.9752812
0.06126,3.9752812
0.061262,3.9752812
0.061264,3.9752812
0.061266,3.9752812
0.061267998,3.9752812
0.06127,3.9752812
0.061272,3.9752812
0.061274,3.9752812
0.061276,3.9752812
0.061278,3.9752812
0.06128,3.9752812
0.061282,3.9752812
0.061284,3.9752812
0.061286,3.9752812
0.061288,3.9752812
0.06129,3.9752812
0.061292,3.9752812
0.061294,3.9752812
0.061296,3.9752812
0.061298,3.9752812
0.0613,3.9752812
0.061302,3.9752812
0.061304,3.9752812
0.061306,3.9752812
0.061308,3.9752812
0.06131,3.9752812
0.061312,3.9752812
0.061314,3.9752812
0.061316,3.9752812
0.061318,3.9752812
0.06132,3.9752812
0.061322,3.9752812
0.061324,3.9752812
0.061326,3.9752812
0.061328,3.9752812
0.061329998,3.9752812
0.061332,3.9752812
0.061334,3.9752812
0.061336,3.9752812
0.061338,3.9752812
0.06134,3.9752812
0.061342,3.9752812
0.061344,3.9752812
0.061346,3.9752812
0.061348,3.9752812
0.06135,3.9752812
0.061352,3.9752812
0.061354,3.9752812
0.061356,3.9752812
0.061358,3.9752812
0.06136,3.9752812
0.061362,3.9752812
0.061364,3.9752812
0.061366,3.9752812
0.061368,3.9752812
0.06137,3.9752812
0.061372,3.9752812
0.061374,3.9752812
0.061376,3.9752812
0.061378,3.9752812
0.06138,3.9752812
0.061382,3.9752812
0.061384,3.9752812
0.061386,3.9752812
0.061388,3.9752812
0.06139,3.9752812
0.061391998,3.9752812
0.061394,3.9752812
0.061396,3.9752812
0.061398,3.9752812
0.0614,3.9752812
0.061402,3.9752812
0.061404,3.9752812
0.061406,3.9752812
0.061408,3.9752812
0.06141,3.9752812
0.061412,3.9752812
0.061414,3.9752812
0.061416,3.9752812
0.061418,3.9752812
0.06142,3.9752812
0.061422,3.9752812
0.061424,3.9752812
0.061426,3.9752812
0.061428,3.9752812
0.06143,3.9752812
0.061432,3.9752812
0.061434,3.9752812
0.061436,3.9752812
0.061438,3.9752812
0.06144,3.9752812
0.061442,3.9752812
0.061444,3.9752812
0.061446,3.9752812
0.061448,3.9752812
0.06145,3.9752812
0.061452,3.9752812
0.061453998,3.9752812
0.061456,3.9752812
0.061458,3.9752812
0.06146,3.9752812
0.061462,3.9752812
0.061464,3.9752812
0.061466,2.9581914
0.061468,2.727035
0.06147,2.727035
0.061472,2.727035
0.061474,2.727035
0.061476,2.727035
0.061478,2.727035
0.06148,2.727035
0.061482,2.727035
0.061484,2.727035
0.061486,2.6808028
0.061488,2.6808028
0.06149,2.6808028
0.061492,2.6808028
0.061494,2.6808028
0.061496,2.6808028
0.061498,2.6808028
0.0615,2.6808028
0.061502,2.6808028
0.061504,2.6808028
0.061506,2.6808028
0.061508,2.6808028
0.06151,2.6808028
0.061512,2.6808028
0.061514,2.6808028
0.061515998,2.6808028
0.061518,2.6808028
0.06152,2.6808028
0.061522,2.6808028
0.061524,2.6808028
0.061526,2.6808028
0.061528,2.6808028
0.06153,2.6808028
0.061532,2.6808028
0.061534,2.6808028
0.061536,2.6808028
0.061538,2.6808028
0.06154,2.6808028
0.061542,2.6808028
0.061544,2.6808028
0.061546,2.6808028
0.061548,2.6808028
0.06155,2.6808028
0.061552,2.6808028
0.061554,2.6808028
0.061556,2.6808028
0.061558,2.6808028
0.06156,2.6808028
0.061562,2.6808028
0.061564,2.6808028
0.061566,2.6808028
0.061568,2.6808028
0.06157,2.6808028
0.061572,2.6808028
0.061574,2.6808028
0.061576,2.6808028
0.061577998,2.6808028
0.06158,2.6808028
0.061582,2.6808028
0.061584,2.6808028
0.061586,2.6808028
0.061588,2.6808028
0.06159,2.6808028
0.061592,2.6808028
0.061594,2.6808028
0.061596,2.6808028
0.061598,2.6808028
0.0616,2.6808028
0.061602,2.6808028
0.061604,2.6808028
0.061606,2.6808028
0.061608,2.6808028
0.06161,2.6808028
0.061612,2.6808028
0.061614,2.6808028
0.061616,2.6808028
0.061618,2.6808028
0.06162,2.6808028
0.061622,2.6808028
0.061623998,2.6808028
0.061626,2.6808028
0.061628,2.6808028
0.06163,2.6808028
0.061632,2.6808028
0.061634,2.6808028
0.061636,2.6808028
0.061638,2.6808028
0.061639998,2.6808028
0.061642,2.6808028
0.061644,2.6808028
0.061646,2.6808028
0.061648,2.6808028
0.06165,2.6808028
0.061652,2.6808028
0.061654,2.6808028
0.061656,2.6808028
0.061658,2.6808028
0.06166,2.6808028
0.061662,2.6808028
0.061664,2.6808028
0.061666,2.6808028
0.061668,2.6808028
0.06167,2.6808028
0.061672,2.6808028
0.061674,2.6808028
0.061676,2.6808028
0.061678,2.6808028
0.06168,2.6808028
0.061682,2.6808028
0.061684,2.6808028
0.061685998,2.6808028
0.061688,2.6808028
0.06169,2.6808028
0.061692,2.6808028
0.061694,2.6808028
0.061696,2.6808028
0.061698,2.6808028
0.0617,2.6808028
0.061701998,2.6808028
0.061704,2.6808028
0.061706,2.6808028
0.061708,2.6808028
0.06171,2.6808028
0.061712,2.6808028
0.061714,2.6808028
0.061716,2.6808028
0.061718,2.6808028
0.06172,2.6808028
0.061722,2.6808028
0.061724,2.6808028
0.061726,2.6808028
0.061728,2.6808028
0.06173,2.6808028
0.061732,2.6808028
0.061734,2.6808028
0.061736,2.6808028
0.061738,2.6808028
0.06174,2.6808028
0.061742,2.6808028
0.061744,2.6808028
0.061746,2.6808028
0.061747998,2.6808028
0.06175,2.6808028
0.061752,2.6808028
0.061754,2.6808028
0.061756,2.6808028
0.061758,2.6808028
0.06176,2.6808028
0.061762,2.6808028
0.061763998,2.6808028
0.061766,2.6808028
0.061768,2.6808028
0.06177,2.6808028
0.061772,2.6808028
0.061774,2.6808028
0.061776,2.6808028
0.061778,2.6808028
0.06178,2.6808028
0.061782,2.6808028
0.061784,2.6808028
0.061786,2.6808028
0.061788,2.6808028
0.06179,2.6808028
0.061792,2.0797954
0.061794,1.4325566
0.061796,1.4325566
0.061798,1.4325566
0.0618,1.4325566
0.061802,1.4325566
0.061804,1.4325566
0.061806,1.4325566
0.061808,1.4325566
0.061809998,1.4325566
0.061812,1.4325566
0.061814,1.4325566
0.061816,1.4325566
0.061818,1.4325566
0.06182,1.4325566
0.061822,1.4325566
0.061824,1.4325566
0.061825998,1.4325566
0.061828,1.4325566
0.06183,1.4325566
0.061832,1.3863249
0.061834,1.3863249
0.061836,1.3863249
0.061838,1.3863249
0.06184,1.3863249
0.061842,1.3863249
0.061844,1.3863249
0.061846,1.3863249
0.061848,1.3863249
0.06185,1.3863249
0.061852,1.3863249
0.061854,1.3863249
0.061856,1.3863249
0.061858,1.3863249
0.06186,1.3863249
0.061862,1.3863249
0.061864,1.3863249
0.061866,1.3863249
0.061868,1.3863249
0.06187,1.3863249
0.061871998,1.3863249
0.061874,1.3863249
0.061876,1.3863249
0.061878,1.3863249
0.06188,1.3863249
0.061882,1.3863249
0.061884,1.3863249
0.061886,1.3863249
0.061887998,1.3863249
0.06189,1.3863249
0.061892,1.3863249
0.061894,1.3863249
0.061896,1.3863249
0.061898,1.3863249
0.0619,1.3863249
0.061902,1.3863249
0.061904,1.3863249
0.061906,1.3863249
0.061908,1.3863249
0.06191,1.3863249
0.061912,1.3863249
0.061914,1.3863249
0.061916,1.3863249
0.061918,1.3863249
0.06192,1.3863249
0.061922,1.3863249
0.061924,1.3863249
0.061926,1.3863249
0.061928,1.3863249
0.06193,1.3863249
0.061932,1.3863249
0.061933998,1.3863249
0.061936,1.3863249
0.061938,1.3863249
0.06194,1.3863249
0.061942,1.3863249
0.061944,1.3863249
0.061946,1.3863249
0.061948,1.3863249
0.06195,1.3863249
0.061952,1.3863249
0.061954,1.3863249
0.061956,1.3863249
0.061958,1.3863249
0.06196,1.3863249
0.061962,1.3863249
0.061964,1.3863249
0.061966,1.3863249
0.061968,1.3863249
0.06197,1.3863249
0.061972,1.3863249
0.061974,1.3863249
0.061976,1.3863249
0.061978,1.3863249
0.06198,1.3863249
0.061982,1.3863249
0.061984,1.3863249
0.061986,1.3863249
0.061988,1.3863249
0.06199,1.3863249
0.061992,1.3863249
0.061994,1.3863249
0.061995998,1.3863249
0.061998,1.3863249
0.062,1.3863249
0.062002,1.3863249
0.062004,1.3863249
0.062006,1.3863249
0.062008,1.3863249
0.06201,1.3863249
0.062012,1.3863249
0.062014,1.3863249
0.062016,1.3863249
0.062018,1.3863249
0.06202,1.3863249
0.062022,1.3863249
0.062024,1.3863249
0.062026,1.3863249
0.062028,1.3863249
0.06203,1.3863249
0.062032,1.3863249
0.062034,1.3863249
0.062036,1.3863249
0.062038,1.3863249
0.06204,1.3863249
0.062042,1.3863249
0.062044,1.3863249
0.062046,1.3863249
0.062048,1.3863249
0.06205,1.3863249
0.062052,1.3863249
0.062054,1.3863249
0.062056,1.3863249
0.062057998,1.3863249
0.06206,1.3863249
0.062062,1.3863249
0.062064,1.3863249
0.062066,1.3863249
0.062068,1.3863249
0.06207,1.3863249
0.062072,1.3863249
0.062074,1.3863249
0.062076,1.3863249
0.062078,1.3863249
0.06208,1.3863249
0.062082,1.3863249
0.062084,1.3863249
0.062086,1.3863249
0.062088,1.3863249
0.06209,1.3863249
0.062092,1.3863249
0.062094,1.3863249
0.062096,1.3863249
0.062098,1.3863249
0.0621,1.3863249
0.062102,1.3863249
0.062104,1.3863249
0.062106,1.3863249
0.062108,1.3863249
0.06211,1.3863249
0.062112,1.3863249
0.062114,1.3863249
0.062116,1.3863249
0.062118,1.3863249
0.062119998,1.3863249
0.062122,1.3863249
0.062124,1.3863249
0.062126,1.3863249
0.062128,1.3863249
0.06213,1.3863249
0.062132,1.3863249
0.062134,1.3863249
0.062136,1.3863249
0.062138,1.3863249
0.06214,1.3863249
0.062142,1.3863249
0.062144,1.3863249
0.062146,0.4154663
0.062148,0.184309
0.06215,0.13807821
0.062152,0.13807821
0.062154,0.13807821
0.062156,0.13807821
0.062158,0.13807821
0.06216,0.13807821
0.062162,0.13807821
0.062164,0.13807821
0.062166,0.13807821
0.062168,0.13807821
0.06217,0.091846466
0.062172,0.091846466
0.062174,0.091846466
0.062176,0.091846466
0.062178,0.091846466
0.06218,0.091846466
0.062181998,0.091846466
0.062184,0.091846466
0.062186,0.091846466
0.062188,0.091846466
0.06219,0.091846466
0.062192,0.091846466
0.062194,0.091846466
0.062196,0.091846466
0.062198,0.091846466
0.0622,0.091846466
0.062202,0.091846466
0.062204,0.091846466
0.062206,0.091846466
0.062208,0.091846466
0.06221,0.091846466
0.062212,0.091846466
0.062214,0.091846466
0.062216,0.091846466
0.062218,0.091846466
0.06222,0.091846466
0.062222,0.091846466
0.062224,0.091846466
0.062226,0.091846466
0.062228,0.091846466
0.06223,0.091846466
0.062232,0.091846466
0.062234,0.091846466
0.062236,0.091846466
0.062238,0.091846466
0.06224,0.091846466
0.062242,0.091846466
0.062243998,0.091846466
0.062246,0.091846466
0.062248,0.091846466
0.06225,0.091846466
0.062252,0.091846466
0.062254,0.091846466
0.062256,0.091846466
0.062258,0.091846466
0.06226,0.091846466
0.062262,0.091846466
0.062264,0.091846466
0.062266,0.091846466
0.062268,0.091846466
0.06227,0.091846466
0.062272,0.091846466
0.062274,0.091846466
0.062276,0.091846466
0.062278,0.091846466
0.06228,0.091846466
0.062282,0.091846466
0.062284,0.091846466
0.062286,0.091846466
0.062288,0.091846466
0.06229,0.091846466
0.062292,0.091846466
0.062294,0.091846466
0.062296,0.091846466
0.062298,0.091846466
0.0623,0.091846466
0.062302,0.091846466
0.062304,0.091846466
0.062305998,0.091846466
0.062308,0.091846466
0.06231,0.091846466
0.062312,0.091846466
0.062314,0.091846466
0.062316,0.091846466
0.062318,0.091846466
0.06232,0.091846466
0.062322,0.091846466
0.062324,0.091846466
0.062326,0.091846466
0.062328,0.091846466
0.06233,0.091846466
0.062332,0.091846466
0.062334,0.091846466
0.062336,0.091846466
0.062338,0.091846466
0.06234,0.091846466
0.062342,0.091846466
0.062344,0.091846466
0.062346,0.091846466
0.062348,0.091846466
0.06235,0.091846466
0.062352,0.091846466
0.062354,0.091846466
0.062356,0.091846466
0.062358,0.091846466
0.06236,0.091846466
0.062362,0.091846466
0.062364,0.091846466
0.062366,0.091846466
0.062367998,0.091846466
0.06237,0.091846466
0.062372,0.091846466
0.062374,0.091846466
0.062376,0.091846466
0.062378,0.091846466
0.06238,0.091846466
0.062382,0.091846466
0.062384,0.091846466
0.062386,0.091846466
0.062388,0.091846466
0.06239,0.091846466
0.062392,0.091846466
0.062394,0.091846466
0.062396,0.091846466
0.062398,0.091846466
0.0624,0.091846466
0.062402,0.091846466
0.062404,0.091846466
0.062406,0.091846466
0.062408,0.091846466
0.06241,0.091846466
0.062412,0.091846466
0.062414,0.091846466
0.062416,0.091846466
0.062418,0.091846466
0.06242,0.091846466
0.062422,0.091846466
0.062424,0.091846466
0.062426,0.091846466
0.062428,0.091846466
0.062429998,0.091846466
0.062432,0.091846466
0.062434,0.091846466
0.062436,0.091846466
0.062438,0.091846466
0.06244,0.091846466
0.062442,0.091846466
0.062444,0.091846466
0.062446,0.091846466
0.062448,0.091846466
0.06245,0.091846466
0.062452,0.091846466
0.062454,0.091846466
0.062456,0.091846466
0.062458,0.091846466
0.06246,0.091846466
0.062462,0.091846466
0.062464,0.091846466
0.062466,0.091846466
0.062468,0.091846466
0.06247,0.091846466
0.062472,0.091846466
0.062474,0.091846466
0.062476,0.091846466
0.062478,0.091846466
0.06248,0.091846466
0.062482,0.091846466
0.062484,0.091846466
0.062486,0.091846466
0.062488,0.091846466
0.06249,0.091846466
0.062491998,0.091846466
0.062494,0.091846466
0.062496,0.091846466
0.062498,0.091846466
0.0625,0.091846466
0.062502,0.091846466
0.062504,0.091846466
0.062506,0.091846466
0.062508,0.091846466
0.06251,0.091846466
0.062512,0.091846466
0.062514,0.091846466
0.062516,0.091846466
0.062518,0.091846466
0.06252,0.091846466
0.062522,0.091846466
0.062524,0.091846466
0.062526,0.091846466
0.062528,0.091846466
0.06253,0.091846466
0.062532,0.091846466
0.062534,0.091846466
0.062536,0.091846466
0.062538,0.091846466
0.06254,0.091846466
0.062542,0.091846466
0.062544,0.091846466
0.062546,0.091846466
0.062548,0.091846466
0.06255,0.091846466
0.062552,0.091846466
0.062554,0.091846466
0.062556,0.091846466
0.062558,0.091846466
0.06256,0.091846466
0.062562,0.091846466
0.062564,0.091846466
0.062566,0.091846466
0.062568,0.091846466
0.06257,0.091846466
0.062572,0.091846466
0.062574,0.091846466
0.062576,0.091846466
0.062578,0.091846466
0.06258,0.091846466
0.062582,0.091846466
0.062584,0.091846466
0.062586,0.091846466
0.062588,0.091846466
0.06259,0.091846466
0.062592,0.091846466
0.062594,0.091846466
0.062596,0.091846466
0.062598,0.091846466
0.0626,0.091846466
0.062602,0.091846466
0.062604,0.091846466
0.062606,0.091846466
0.062607996,0.091846466
0.06261,0.091846466
0.062612,0.091846466
0.062614,0.091846466
0.062616,0.091846466
0.062618,0.091846466
0.06262,0.091846466
0.062622,0.091846466
0.062624,0.091846466
0.062626,0.091846466
0.062628,0.091846466
0.06263,0.091846466
0.062632,0.091846466
0.062634,0.091846466
0.062636,0.091846466
0.062638,0.091846466
0.06264,0.091846466
0.062642,0.091846466
0.062644,0.091846466
0.062646,0.091846466
0.062648,0.091846466
0.06265,0.091846466
0.062652,0.091846466
0.062654,0.091846466
0.062656,0.091846466
0.062658,0.091846466
0.06266,0.091846466
0.062662,0.091846466
0.062664,0.091846466
0.062666,0.091846466
0.062668,0.091846466
0.06267,0.091846466
0.062672,0.091846466
0.062674,0.091846466
0.062676,0.091846466
0.062678,0.091846466
0.06268,0.091846466
0.062682,0.091846466
0.062684,0.091846466
0.062686,0.091846466
0.062688,0.091846466
0.06269,0.091846466
0.062692,0.091846466
0.062694,0.091846466
0.062696,0.091846466
0.062698,0.091846466
0.0627,0.091846466
0.062702,0.091846466
0.062704,0.091846466
0.062706,0.091846466
0.062708,0.091846466
0.06271,0.091846466
0.062712,0.091846466
0.062714,0.091846466
0.062716,0.091846466
0.062718,0.091846466
0.06272,0.091846466
0.062722,0.091846466
0.062724,0.091846466
0.062726,0.091846466
0.062728,0.091846466
0.06273,0.091846466
0.062731996,0.091846466
0.062734,0.091846466
0.062736,0.091846466
0.062738,0.091846466
0.06274,0.091846466
0.062742,0.091846466
0.062744,0.091846466
0.062746,0.091846466
0.062748,0.091846466
0.06275,0.091846466
0.062752,0.091846466
0.062754,0.091846466
0.062756,0.091846466
0.062758,0.091846466
0.06276,0.091846466
0.062762,0.091846466
0.062764,0.091846466
0.062766,0.091846466
0.062768,0.091846466
0.06277,0.091846466
0.062772,0.091846466
0.062774,0.091846466
0.062776,0.091846466
0.062778,0.091846466
0.06278,0.091846466
0.062782,0.091846466
0.062784,0.091846466
0.062786,0.091846466
0.062788,0.091846466
0.06279,0.091846466
0.062792,0.091846466
0.062794,0.091846466
0.062796,0.091846466
0.062798,0.091846466
0.0628,0.091846466
0.062802,0.091846466
0.062804,0.091846466
0.062806,0.091846466
0.062808,0.091846466
0.06281,0.091846466
0.062812,0.091846466
0.062814,0.091846466
0.062816,0.091846466
0.062818,0.091846466
0.06282,0.091846466
0.062822,0.091846466
0.062824,0.091846466
0.062826,0.091846466
0.062828,0.091846466
0.06283,0.091846466
0.062832,0.091846466
0.062834,0.091846466
0.062836,0.091846466
0.062838,0.091846466
0.06284,0.091846466
0.062842,0.091846466
0.062844,0.091846466
0.062846,0.091846466
0.062848,0.091846466
0.06285,0.091846466
0.062852,0.091846466
0.062854,0.091846466
0.062855996,0.091846466
0.062858,0.091846466
0.06286,0.091846466
0.062862,0.091846466
0.062864,0.091846466
0.062866,0.091846466
0.062868,0.091846466
0.06287,0.091846466
0.062872,0.091846466
0.062874,0.091846466
0.062876,0.091846466
0.062878,0.091846466
0.06288,0.091846466
0.062882,0.091846466
0.062884,0.091846466
0.062886,0.091846466
0.062888,0.091846466
0.06289,0.091846466
0.062892,0.091846466
0.062894,0.091846466
0.062896,0.091846466
0.062898,0.091846466
0.0629,0.091846466
0.062902,0.091846466
0.062904,0.091846466
0.062906,0.091846466
0.062908,0.091846466
0.06291,0.091846466
0.062912,0.091846466
0.062914,0.091846466
0.062916,0.091846466
0.062918,0.091846466
0.06292,0.091846466
0.062922,0.091846466
0.062924,0.091846466
0.062926,0.091846466
0.062928,0.091846466
0.06293,0.091846466
0.062932,0.091846466
0.062934,0.091846466
0.062936,0.091846466
0.062938,0.091846466
0.06294,0.091846466
0.062942,0.091846466
0.062944,0.091846466
0.062946,0.091846466
0.062948,0.091846466
0.06295,0.091846466
0.062952,0.091846466
0.062954,0.091846466
0.062956,0.091846466
0.062958,0.091846466
0.06296,0.091846466
0.062962,0.6928544
0.062964,1.3400936
0.062966,1.3400936
0.062968,1.3400936
0.06297,1.3863249
0.062972,1.3863249
0.062974,1.3863249
0.062976,1.3863249
0.062978,1.3863249
0.062979996,1.3863249
0.062982,1.3863249
0.062984,1.3863249
0.062986,1.3863249
0.062988,1.3863249
0.06299,1.3863249
0.062992,1.3863249
0.062994,1.3863249
0.062996,1.3863249
0.062998,1.3863249
0.063,1.3863249
0.063002,1.3863249
0.063004,1.3863249
0.063006,1.3863249
0.063008,1.3863249
0.06301,1.3863249
0.063012,1.3863249
0.063014,1.3863249
0.063016,1.3863249
0.063018,1.3863249
0.06302,1.3863249
0.063022,1.3863249
0.063024,1.3863249
0.063026,1.3863249
0.063028,1.3863249
0.06303,1.3863249
0.063032,1.3863249
0.063034,1.3863249
0.063036,1.3863249
0.063038,1.3863249
0.06304,1.3863249
0.063042,1.3863249
0.063044,1.3863249
0.063046,1.3863249
0.063048,1.3863249
0.06305,1.3863249
0.063052,1.3863249
0.063054,1.3863249
0.063056,1.3863249
0.063058,1.3863249
0.06306,1.3863249
0.063062,1.3863249
0.063064,1.3863249
0.063066,1.3863249
0.063068,1.3863249
0.06307,1.3863249
0.063072,1.3863249
0.063074,1.3863249
0.063076,1.3863249
0.063078,1.3863249
0.06308,1.3863249
0.063082,1.3863249
0.063084,1.3863249
0.063086,1.3863249
0.063088,1.3863249
0.06309,1.3863249
0.063092,1.3863249
0.063094,1.3863249
0.063096,1.3863249
0.063098,1.3863249
0.0631,1.3863249
0.063102,1.3863249
0.063103996,1.3863249
0.063106,1.3863249
0.063108,1.3863249
0.06311,1.3863249
0.063112,1.3863249
0.063114,1.3863249
0.063116,1.3863249
0.063118,1.3863249
0.06312,1.3863249
0.063122,1.3863249
0.063124,1.3863249
0.063126,1.3863249
0.063128,1.3863249
0.06313,1.3863249
0.063132,1.3863249
0.063134,1.3863249
0.063136,1.3863249
0.063138,1.3863249
0.06314,1.3863249
0.063142,1.3863249
0.063144,1.3863249
0.063146,1.3863249
0.063148,1.3863249
0.06315,1.3863249
0.063152,1.3863249
0.063154,1.3863249
0.063156,1.3863249
0.063158,1.3863249
0.06316,1.3863249
0.063162,1.3863249
0.063164,1.3863249
0.063166,1.3863249
0.063168,1.3863249
0.06317,1.3863249
0.063172,1.3863249
0.063174,1.3863249
0.063176,1.3863249
0.063178,1.3863249
0.06318,1.3863249
0.063182,1.3863249
0.063184,1.3863249
0.063186,1.3863249
0.063188,1.3863249
0.06319,1.3863249
0.063192,1.3863249
0.063194,1.3863249
0.063196,1.3863249
0.063198,1.3863249
0.0632,1.3863249
0.063202,1.3863249
0.063204,1.3863249
0.063206,1.3863249
0.063208,1.3863249
0.06321,1.3863249
0.063212,1.3863249
0.063214,1.3863249
0.063216,1.3863249
0.063218,1.3863249
0.06322,1.3863249
0.063222,1.3863249
0.063224,1.3863249
0.063226,1.3863249
0.063227996,1.3863249
0.06323,1.3863249
0.063232,1.3863249
0.063234,1.3863249
0.063236,1.3863249
0.063238,1.3863249
0.06324,1.3863249
0.063242,1.3863249
0.063244,1.3863249
0.063246,1.3863249
0.063248,1.3863249
0.06325,1.3863249
0.063252,1.3863249
0.063254,1.3863249
0.063256,1.3863249
0.063258,1.3863249
0.06326,1.3863249
0.063262,1.3863249
0.063264,1.3863249
0.063266,1.3863249
0.063268,1.3863249
0.06327,1.3863249
0.063272,1.3863249
0.063274,1.3863249
0.063276,1.3863249
0.063278,1.3863249
0.06328,1.3863249
0.063282,1.3863249
0.063284,1.3863249
0.063286,1.3863249
0.063288,1.3863249
0.06329,1.3863249
0.063292,1.3863249
0.063294,1.3863249
0.063296,1.3863249
0.063298,1.3863249
0.0633,1.3863249
0.063302,1.3863249
0.063304,1.3863249
0.063306,1.3863249
0.063308,1.3863249
0.06331,1.3863249
0.063312,1.3863249
0.063314,1.3863249
0.063316,2.033564
0.063318,2.6345725
0.06332,2.6345725
0.063322,2.6345725
0.063324,2.6345725
0.063326,2.6345725
0.063328,2.6345725
0.06333,2.6345725
0.063332,2.6345725
0.063334,2.6808028
0.063336,2.6808028
0.063338,2.6808028
0.06334,2.6808028
0.063342,2.6808028
0.063344,2.6808028
0.063346,2.6808028
0.063348,2.6808028
0.06335,2.6808028
0.063351996,2.6808028
0.063354,2.6808028
0.063356,2.6808028
0.063358,2.6808028
0.06336,2.6808028
0.063362,2.6808028
0.063364,2.6808028
0.063366,2.6808028
0.063368,2.6808028
0.06337,2.6808028
0.063372,2.6808028
0.063374,2.6808028
0.063376,2.6808028
0.063378,2.6808028
0.06338,2.6808028
0.063382,2.6808028
0.063384,2.6808028
0.063386,2.6808028
0.063388,2.6808028
0.06339,2.6808028
0.063392,2.6808028
0.063394,2.6808028
0.063396,2.6808028
0.063397996,2.6808028
0.0634,2.6808028
0.063402,2.6808028
0.063404,2.6808028
0.063406,2.6808028
0.063408,2.6808028
0.06341,2.6808028
0.063412,2.6808028
0.063414,2.6808028
0.063416,2.6808028
0.063418,2.6808028
0.06342,2.6808028
0.063422,2.6808028
0.063424,2.6808028
0.063426,2.6808028
0.063428,2.6808028
0.06343,2.6808028
0.063432,2.6808028
0.063434,2.6808028
0.063436,2.6808028
0.063438,2.6808028
0.06344,2.6808028
0.063442,2.6808028
0.063444,2.6808028
0.063446,2.6808028
0.063448,2.6808028
0.06345,2.6808028
0.063452,2.6808028
0.063454,2.6808028
0.063456,2.6808028
0.063458,2.6808028
0.06346,2.6808028
0.063462,2.6808028
0.063464,2.6808028
0.063466,2.6808028
0.063468,2.6808028
0.06347,2.6808028
0.063472,2.6808028
0.063474,2.6808028
0.063475996,2.6808028
0.063478,2.6808028
0.06348,2.6808028
0.063482,2.6808028
0.063484,2.6808028
0.063486,2.6808028
0.063488,2.6808028
0.06349,2.6808028
0.063492,2.6808028
0.063494,2.6808028
0.063496,2.6808028
0.063498,2.6808028
0.0635,2.6808028
0.063502,2.6808028
0.063504,2.6808028
0.063506,2.6808028
0.063508,2.6808028
0.06351,2.6808028
0.063512,2.6808028
0.063514,2.6808028
0.063516,2.6808028
0.063518,2.6808028
0.06352,2.6808028
0.063521996,2.6808028
0.063524,2.6808028
0.063526,2.6808028
0.063528,2.6808028
0.06353,2.6808028
0.063532,2.6808028
0.063534,2.6808028
0.063536,2.6808028
0.063538,2.6808028
0.06354,2.6808028
0.063542,2.6808028
0.063544,2.6808028
0.063546,2.6808028
0.063548,2.6808028
0.06355,2.6808028
0.063552,2.6808028
0.063554,2.6808028
0.063556,2.6808028
0.063558,2.6808028
0.06356,2.6808028
0.063562,2.6808028
0.063564,2.6808028
0.063566,2.6808028
0.063568,2.6808028
0.06357,2.6808028
0.063572,2.6808028
0.063574,2.6808028
0.063576,2.6808028
0.063578,2.6808028
0.06358,2.6808028
0.063582,2.6808028
0.063584,2.6808028
0.063586,2.6808028
0.063588,2.6808028
0.06359,2.6808028
0.063592,2.6808028
0.063594,2.6808028
0.063596,2.6808028
0.063598,2.6808028
0.063599996,2.6808028
0.063602,2.6808028
0.063604,2.6808028
0.063606,2.6808028
0.063608,2.6808028
0.06361,2.6808028
0.063612,2.6808028
0.063614,2.6808028
0.063616,2.6808028
0.063618,2.6808028
0.06362,2.6808028
0.063622,2.6808028
0.063624,2.6808028
0.063626,2.6808028
0.063628,2.6808028
0.06363,2.6808028
0.063632,2.6808028
0.063634,2.6808028
0.063636,2.6808028
0.063638,2.6808028
0.06364,2.6808028
0.063642,2.8657289
0.063644,3.92905
0.063645996,3.92905
0.063648,3.92905
0.06365,3.92905
0.063652,3.9752812
0.063654,3.9752812
0.063656,3.9752812
0.063658,3.9752812
0.06366,3.9752812
0.063662,3.9752812
0.063664,3.9752812
0.063666,3.9752812
0.063668,3.9752812
0.06367,3.9752812
0.063672,3.9752812
0.063674,3.9752812
0.063676,3.9752812
0.063678,3.9752812
0.06368,3.9752812
0.063682,3.9752812
0.063684,3.9752812
0.063686,3.9752812
0.063688,3.9752812
0.06369,3.9752812
0.063692,3.9752812
0.063694,3.9752812
0.063696,3.9752812
0.063698,3.9752812
0.0637,3.9752812
0.063702,3.9752812
0.063704,3.9752812
0.063706,3.9752812
0.063708,3.9752812
0.06371,3.9752812
0.063712,3.9752812
0.063714,3.9752812
0.063716,3.9752812
0.063718,3.9752812
0.06372,3.9752812
0.063722,3.9752812
0.063724,3.9752812
0.063726,3.9752812
0.063728,3.9752812
0.06373,3.9752812
0.063732,3.9752812
0.063734,3.9752812
0.063736,3.9752812
0.063738,3.9752812
0.06374,3.9752812
0.063742,3.9752812
0.063744,3.9752812
0.063746,3.9752812
0.063748,3.9752812
0.06375,3.9752812
0.063752,3.9752812
0.063754,3.9752812
0.063756,3.9752812
0.063758,3.9752812
0.06376,3.9752812
0.063762,3.9752812
0.063764,3.9752812
0.063766,3.9752812
0.063768,3.9752812
0.063769996,3.9752812
0.063772,3.9752812
0.063774,3.9752812
0.063776,3.9752812
0.063778,3.9752812
0.06378,3.9752812
0.063782,3.9752812
0.063784,3.9752812
0.063786,3.9752812
0.063788,3.9752812
0.06379,3.9752812
0.063792,3.9752812
0.063794,3.9752812
0.063796,3.9752812
0.063798,3.9752812
0.0638,3.9752812
0.063802,3.9752812
0.063804,3.9752812
0.063806,3.9752812
0.063808,3.9752812
0.06381,3.9752812
0.063812,3.9752812
0.063814,3.9752812
0.063816,3.9752812
0.063818,3.9752812
0.06382,3.9752812
0.063822,3.9752812
0.063824,3.9752812
0.063826,3.9752812
0.063828,3.9752812
0.06383,3.9752812
0.063832,3.9752812
0.063834,3.9752812
0.063836,3.9752812
0.063838,3.9752812
0.06384,3.9752812
0.063842,3.9752812
0.063844,3.9752812
0.063846,3.9752812
0.063848,3.9752812
0.06385,3.9752812
0.063852,3.9752812
0.063854,3.9752812
0.063856,3.9752812
0.063858,3.9752812
0.06386,3.9752812
0.063862,3.9752812
0.063864,3.9752812
0.063866,3.9752812
0.063868,3.9752812
0.06387,3.9752812
0.063872,3.9752812
0.063874,3.9752812
0.063876,3.9752812
0.063878,3.9752812
0.06388,3.9752812
0.063882,3.9752812
0.063884,3.9752812
0.063886,3.9752812
0.063888,3.9752812
0.06389,3.9752812
0.063892,3.9752812
0.063893996,3.9752812
0.063896,3.9752812
0.063898,3.9752812
0.0639,3.9752812
0.063902,3.9752812
0.063904,3.9752812
0.063906,3.9752812
0.063908,3.9752812
0.06391,3.9752812
0.063912,3.9752812
0.063914,3.9752812
0.063916,3.9752812
0.063918,3.9752812
0.06392,3.9752812
0.063922,3.9752812
0.063924,3.9752812
0.063926,3.9752812
0.063928,3.9752812
0.06393,3.9752812
0.063932,3.9752812
0.063934,3.9752812
0.063936,3.9752812
0.063938,3.9752812
0.06394,3.9752812
0.063942,3.9752812
0.063944,3.9752812
0.063946,3.9752812
0.063948,3.9752812
0.06395,3.9752812
0.063952,3.9752812
0.063954,3.9752812
0.063956,3.9752812
0.063958,3.9752812
0.06396,3.9752812
0.063962,3.9752812
0.063964,3.9752812
0.063966,3.9752812
0.063968,3.9752812
0.06397,3.9752812
0.063972,3.9752812
0.063974,3.9752812
0.063976,3.9752812
0.063978,3.9752812
0.06398,3.9752812
0.063982,3.9752812
0.063984,3.9752812
0.063986,3.9752812
0.063988,3.9752812
0.06399,3.9752812
0.063992,3.9752812
0.063994,3.9752812
0.063996,3.9752812
0.063998,3.9752812
0.064,3.9752812
0.064002,3.9752812
0.064004,3.9752812
0.064006,3.9752812
0.064008,3.9752812
0.06401,3.9752812
0.064012,3.9752812
0.064014,3.9752812
0.064016,3.9752812
0.064017996,3.9752812
0.06402,3.9752812
0.064022,3.9752812
0.064024,3.9752812
0.064026,3.9752812
0.064028,3.9752812
0.06403,3.9752812
0.064032,3.9752812
0.064034,3.9752812
0.064036,3.9752812
0.064038,3.9752812
0.06404,3.9752812
0.064042,3.9752812
0.064044,3.9752812
0.064046,3.9752812
0.064048,3.9752812
0.06405,3.9752812
0.064052,3.9752812
0.064054,3.9752812
0.064056,3.9752812
0.064058,3.9752812
0.06406,3.9752812
0.064062,3.9752812
0.064064,3.9752812
0.064066,3.9752812
0.064068,3.9752812
0.06407,3.9752812
0.064072,3.9752812
0.064074,3.9752812
0.064076,3.9752812
0.064078,3.9752812
0.06408,3.9752812
0.064082,3.9752812
0.064084,3.9752812
0.064086,3.9752812
0.064088,3.9752812
0.06409,3.9752812
0.064092,3.9752812
0.064094,3.9752812
0.064096,3.9752812
0.064098,3.9752812
0.0641,3.9752812
0.064102,3.9752812
0.064104,3.9752812
0.064106,3.9752812
0.064108,3.9752812
0.06411,3.9752812
0.064112,3.9752812
0.064114,3.9752812
0.064116,3.9752812
0.064118,3.9752812
0.06412,3.9752812
0.064122,3.9752812
0.064124,3.9752812
0.064126,3.9752812
0.064128,3.9752812
0.06413,3.9752812
0.064132,3.9752812
0.064134,3.9752812
0.064136,3.9752812
0.064138,3.9752812
0.06414,3.9752812
0.064141996,3.9752812
0.064144,3.9752812
0.064146,3.9752812
0.064148,3.9752812
0.06415,3.9752812
0.064152,3.9752812
0.064154,3.9752812
0.064156,3.9752812
0.064158,3.9752812
0.06416,3.9752812
0.064162,3.9752812
0.064164,3.9752812
0.064166,3.9752812
0.064168,3.9752812
0.06417,3.9752812
0.064172,3.9752812
0.064174,3.9752812
0.064176,3.9752812
0.064178,3.9752812
0.06418,3.9752812
0.064182,3.9752812
0.064184,3.9752812
0.064186,3.9752812
0.064188,3.9752812
0.06419,3.9752812
0.064192,3.9752812
0.064194,3.9752812
0.064196,3.9752812
0.064198,3.9752812
0.0642,3.9752812
0.064202,3.9752812
0.064204,3.9752812
0.064206,3.9752812
0.064208,3.9752812
0.06421,3.9752812
0.064212,3.9752812
0.064214,3.9752812
0.064216,3.9752812
0.064218,3.9752812
0.06422,3.9752812
0.064222,3.9752812
0.064224,3.9752812
0.064226,3.9752812
0.064228,3.9752812
0.06423,3.9752812
0.064232,3.9752812
0.064234,3.9752812
0.064236,3.9752812
0.064238,3.9752812
0.06424,3.9752812
0.064242,3.9752812
0.064244,3.9752812
0.064246,3.9752812
0.064248,3.9752812
0.06425,3.9752812
0.064252,3.9752812
0.064254,3.9752812
0.064256,3.9752812
0.064258,3.9752812
0.06426,3.9752812
0.064262,3.9752812
0.064264,3.9752812
0.064265996,3.9752812
0.064268,3.9752812
0.06427,3.9752812
0.064272,3.9752812
0.064274,3.9752812
0.064276,3.9752812
0.064278,3.9752812
0.06428,3.9752812
0.064282,3.9752812
0.064284,3.9752812
0.064286,3.9752812
0.064288,3.9752812
0.06429,3.9752812
0.064292,3.9752812
0.064294,3.9752812
0.064296,3.9752812
0.064298,3.9752812
0.0643,3.9752812
0.064302,3.9752812
0.064304,3.9752812
0.064306,3.9752812
0.064308,3.9752812
0.06431,3.9752812
0.064312,3.9752812
0.064314,3.9752812
0.064316,3.9752812
0.064318,3.9752812
0.06432,3.9752812
0.064322,3.9752812
0.064324,3.9752812
0.064326,3.9752812
0.064328,3.9752812
0.06433,3.9752812
0.064332,3.9752812
0.064334,3.9752812
0.064336,3.9752812
0.064338,3.9752812
0.06434,3.9752812
0.064342,3.9752812
0.064344,3.9752812
0.064346,3.9752812
0.064348,3.9752812
0.06435,3.9752812
0.064352,3.9752812
0.064354,3.9752812
0.064356,3.9752812
0.064358,3.9752812
0.06436,3.9752812
0.064362,3.9752812
0.064364,3.9752812
0.064366,3.9752812
0.064368,3.9752812
0.06437,3.9752812
0.064372,3.9752812
0.064374,3.9752812
0.064376,3.9752812
0.064378,3.9752812
0.06438,3.9752812
0.064382,3.9752812
0.064384,3.9752812
0.064386,3.9752812
0.064388,3.9752812
0.064389996,3.9752812
0.064392,3.9752812
0.064394,3.9752812
0.064396,3.9752812
0.064398,3.9752812
0.0644,3.9752812
0.064402,3.9752812
0.064404,3.9752812
0.064406,3.9752812
0.064408,3.9752812
0.06441,3.9752812
0.064412,3.9752812
0.064414,3.9752812
0.064416,3.9752812
0.064418,3.9752812
0.06442,3.9752812
0.064422,3.9752812
0.064424,3.9752812
0.064426,3.9752812
0.064428,3.9752812
0.06443,3.9752812
0.064432,3.9752812
0.064434,3.9752812
0.064435996,3.9752812
0.064438,3.9752812
0.06444,3.9752812
0.064442,3.9752812
0.064444,3.9752812
0.064446,3.9752812
0.064448,3.9752812
0.06445,3.9752812
0.064452,3.9752812
0.064454,3.9752812
0.064456,3.9752812
0.064458,3.9752812
0.06446,3.9752812
0.064462,3.9752812
0.064464,3.9752812
0.064466,3.9752812
0.064468,3.9752812
0.06447,3.9752812
0.064472,3.9752812
0.064474,3.9752812
0.064476,3.9752812
0.064478,3.9752812
0.06448,3.9752812
0.064482,3.9752812
0.064484,3.9752812
0.064486,3.9752812
0.064488,3.9752812
0.06449,3.9752812
0.064492,3.9752812
0.064494,3.9752812
0.064496,3.9752812
0.064498,3.9752812
0.0645,3.9752812
0.064502,3.9752812
0.064504,3.9752812
0.064506,3.9752812
0.064508,3.9752812
0.06451,3.9752812
0.064512,3.9752812
0.064513996,3.9752812
0.064516,3.9752812
0.064518,3.9752812
0.06452,3.9752812
0.064522,3.9752812
0.064524,3.9752812
0.064526,3.9752812
0.064528,3.9752812
0.06453,3.9752812
0.064532,3.9752812
0.064534,3.9752812
0.064536,3.9752812
0.064538,3.9752812
0.06454,3.9752812
0.064542,3.9752812
0.064544,3.9752812
0.064546,3.9752812
0.064548,3.9752812
0.06455,3.9752812
0.064552,3.9752812
0.064554,3.9752812
0.064556,3.9752812
0.064558,3.9752812
0.064559996,3.9752812
0.064562,3.9752812
0.064564,3.9752812
0.064566,3.9752812
0.064568,3.9752812
0.06457,3.9752812
0.064572,3.9752812
0.064574,3.9752812
0.064576,3.9752812
0.064578,3.9752812
0.06458,3.9752812
0.064582,3.9752812
0.064584,3.9752812
0.064586,3.9752812
0.064588,3.9752812
0.06459,3.9752812
0.064592,3.9752812
0.064594,3.9752812
0.064596,3.9752812
0.064598,3.9752812
0.0646,3.9752812
0.064602,3.9752812
0.064604,3.9752812
0.064606,3.9752812
0.064608,3.9752812
0.06461,3.9752812
0.064612,3.9752812
0.064614,3.9752812
0.064616,3.9752812
0.064618,3.9752812
0.06462,3.9752812
0.064622,3.9752812
0.064624,3.9752812
0.064626,3.9752812
0.064628,3.9752812
0.06463,3.9752812
0.064632,3.9752812
0.064634,3.9752812
0.064636,3.9752812
0.064637996,3.9752812
0.06464,3.9752812
0.064642,3.9752812
0.064644,3.9752812
0.064646,3.9752812
0.064648,3.9752812
0.06465,3.9752812
0.064652,3.9752812
0.064654,3.9752812
0.064656,3.9752812
0.064658,3.9752812
0.06466,3.9752812
0.064662,3.9752812
0.064664,3.9752812
0.064666,3.9752812
0.064668,3.9752812
0.06467,3.9752812
0.064672,3.9752812
0.064674,3.9752812
0.064676,3.9752812
0.064678,3.9752812
0.06468,3.9752812
0.064682,3.9752812
0.064683996,3.9752812
0.064686,3.9752812
0.064688,3.9752812
0.06469,3.9752812
0.064692,3.9752812
0.064694,3.9752812
0.064696,3.9752812
0.064698,3.9752812
0.0647,3.9752812
0.064702,3.9752812
0.064704,3.9752812
0.064706,3.9752812
0.064708,3.9752812
0.06471,3.9752812
0.064712,3.9752812
0.064714,3.9752812
0.064716,3.9752812
0.064718,3.9752812
0.06472,3.9752812
0.064722,3.9752812
0.064724,3.9752812
0.064726,3.9752812
0.064728,3.9752812
0.06473,3.9752812
0.064732,3.9752812
0.064734,3.9752812
0.064736,3.9752812
0.064738,3.9752812
0.06474,3.9752812
0.064742,3.9752812
0.064744,3.9752812
0.064746,3.9752812
0.064748,3.9752812
0.06475,3.9752812
0.064752,3.9752812
0.064754,3.9752812
0.064756,3.9752812
0.064758,3.9752812
0.06476,3.9752812
0.064761996,3.9752812
0.064764,3.9752812
0.064766,3.9752812
0.064768,3.9752812
0.06477,3.9752812
0.064772,3.9752812
0.064774,3.9752812
0.064776,3.9752812
0.064778,3.9752812
0.06478,3.9752812
0.064782,3.9752812
0.064784,3.9752812
0.064786,3.0044227
0.064788,2.727035
0.06479,2.727035
0.064792,2.727035
0.064794,2.727035
0.064796,2.727035
0.064798,2.727035
0.0648,2.727035
0.064802,2.6808028
0.064804,2.6808028
0.064806,2.6808028
0.064807996,2.6808028
0.06481,2.6808028
0.064812,2.6808028
0.064814,2.6808028
0.064816,2.6808028
0.064818,2.6808028
0.06482,2.6808028
0.064822,2.6808028
0.064824,2.6808028
0.064826,2.6808028
0.064828,2.6808028
0.06483,2.6808028
0.064832,2.6808028
0.064834,2.6808028
0.064836,2.6808028
0.064838,2.6808028
0.06484,2.6808028
0.064842,2.6808028
0.064844,2.6808028
0.064846,2.6808028
0.064848,2.6808028
0.06485,2.6808028
0.064852,2.6808028
0.064854,2.6808028
0.064856,2.6808028
0.064858,2.6808028
0.06486,2.6808028
0.064862,2.6808028
0.064864,2.6808028
0.064866,2.6808028
0.064868,2.6808028
0.06487,2.6808028
0.064872,2.6808028
0.064874,2.6808028
0.064876,2.6808028
0.064878,2.6808028
0.06488,2.6808028
0.064882,2.6808028
0.064884,2.6808028
0.064886,2.6808028
0.064888,2.6808028
0.06489,2.6808028
0.064892,2.6808028
0.064894,2.6808028
0.064896,2.6808028
0.064898,2.6808028
0.0649,2.6808028
0.064902,2.6808028
0.064904,2.6808028
0.064906,2.6808028
0.064908,2.6808028
0.06491,2.6808028
0.064912,2.6808028
0.064914,2.6808028
0.064916,2.6808028
0.064918,2.6808028
0.06492,2.6808028
0.064922,2.6808028
0.064924,2.6808028
0.064926,2.6808028
0.064928,2.6808028
0.06493,2.6808028
0.064931996,2.6808028
0.064934,2.6808028
0.064936,2.6808028
0.064938,2.6808028
0.06494,2.6808028
0.064942,2.6808028
0.064944,2.6808028
0.064946,2.6808028
0.064948,2.6808028
0.06495,2.6808028
0.064952,2.6808028
0.064954,2.6808028
0.064956,2.6808028
0.064958,2.6808028
0.06496,2.6808028
0.064962,2.6808028
0.064964,2.6808028
0.064966,2.6808028
0.064968,2.6808028
0.06497,2.6808028
0.064972,2.6808028
0.064974,2.6808028
0.064976,2.6808028
0.064978,2.6808028
0.06498,2.6808028
0.064982,2.6808028
0.064984,2.6808028
0.064986,2.6808028
0.064988,2.6808028
0.06499,2.6808028
0.064992,2.6808028
0.064994,2.6808028
0.064996,2.6808028
0.064998,2.6808028
0.065,2.6808028
0.065002,2.6808028
0.065004,2.6808028
0.065006,2.6808028
0.065008,2.6808028
0.06501,2.6808028
0.065012,2.6808028
0.065014,2.6808028
0.065016,2.6808028
0.065018,2.6808028
0.06502,2.6808028
0.065022,2.6808028
0.065024,2.6808028
0.065026,2.6808028
0.065028,2.6808028
0.06503,2.6808028
0.065032,2.6808028
0.065034,2.6808028
0.065036,2.6808028
0.065038,2.6808028
0.06504,2.6808028
0.065042,2.6808028
0.065044,2.6808028
0.065046,2.6808028
0.065048,2.6808028
0.06505,2.6808028
0.065052,2.6808028
0.065054,2.6808028
0.065055996,2.6808028
0.065058,2.6808028
0.06506,2.6808028
0.065062,2.6808028
0.065064,2.6808028
0.065066,2.6808028
0.065068,2.6808028
0.06507,2.6808028
0.065072,2.6808028
0.065074,2.6808028
0.065076,2.6808028
0.065078,2.6808028
0.06508,2.6808028
0.065082,2.6808028
0.065084,2.6808028
0.065086,2.6808028
0.065088,2.6808028
0.06509,2.6808028
0.065092,2.6808028
0.065094,2.6808028
0.065096,2.6808028
0.065098,2.6808028
0.0651,2.6808028
0.065102,2.6808028
0.065104,2.6808028
0.065106,2.6808028
0.065108,2.6808028
0.06511,2.6808028
0.065112,2.126027
0.065114,1.4325566
0.065116,1.4325566
0.065118,1.4325566
0.06512,1.4325566
0.065122,1.4325566
0.065124,1.4325566
0.065126,1.4325566
0.065128,1.4325566
0.06513,1.4325566
0.065132,1.4325566
0.065134,1.4325566
0.065136,1.4325566
0.065138,1.4325566
0.06514,1.4325566
0.065142,1.4325566
0.065144,1.4325566
0.065146,1.4325566
0.065148,1.4325566
0.06515,1.4325566
0.065152,1.3863249
0.065154,1.3863249
0.065156,1.3863249
0.065158,1.3863249
0.06516,1.3863249
0.065162,1.3863249
0.065164,1.3863249
0.065166,1.3863249
0.065168,1.3863249
0.06517,1.3863249
0.065172,1.3863249
0.065174,1.3863249
0.065176,1.3863249
0.065178,1.3863249
0.065179996,1.3863249
0.065182,1.3863249
0.065184,1.3863249
0.065186,1.3863249
0.065188,1.3863249
0.06519,1.3863249
0.065192,1.3863249
0.065194,1.3863249
0.065196,1.3863249
0.065198,1.3863249
0.0652,1.3863249
0.065202,1.3863249
0.065204,1.3863249
0.065206,1.3863249
0.065208,1.3863249
0.06521,1.3863249
0.065212,1.3863249
0.065214,1.3863249
0.065216,1.3863249
0.065218,1.3863249
0.06522,1.3863249
0.065222,1.3863249
0.065224,1.3863249
0.065226,1.3863249
0.065228,1.3863249
0.06523,1.3863249
0.065232,1.3863249
0.065234,1.3863249
0.065236,1.3863249
0.065238,1.3863249
0.06524,1.3863249
0.065242,1.3863249
0.065244,1.3863249
0.065246,1.3863249
0.065248,1.3863249
0.06525,1.3863249
0.065252,1.3863249
0.065254,1.3863249
0.065256,1.3863249
0.065258,1.3863249
0.06526,1.3863249
0.065262,1.3863249
0.065264,1.3863249
0.065266,1.3863249
0.065268,1.3863249
0.06527,1.3863249
0.065272,1.3863249
0.065274,1.3863249
0.065276,1.3863249
0.065278,1.3863249
0.06528,1.3863249
0.065282,1.3863249
0.065284,1.3863249
0.065286,1.3863249
0.065288,1.3863249
0.06529,1.3863249
0.065292,1.3863249
0.065294,1.3863249
0.065296,1.3863249
0.065298,1.3863249
0.0653,1.3863249
0.065302,1.3863249
0.065303996,1.3863249
0.065306,1.3863249
0.065308,1.3863249
0.06531,1.3863249
0.065312,1.3863249
0.065314,1.3863249
0.065316,1.3863249
0.065318,1.3863249
0.06532,1.3863249
0.065322,1.3863249
0.065324,1.3863249
0.065326,1.3863249
0.065328,1.3863249
0.06533,1.3863249
0.065332,1.3863249
0.065334,1.3863249
0.065336,1.3863249
0.065338,1.3863249
0.06534,1.3863249
0.065342,1.3863249
0.065344,1.3863249
0.065346,1.3863249
0.065348,1.3863249
0.06535,1.3863249
0.065352,1.3863249
0.065354,1.3863249
0.065356,1.3863249
0.065358,1.3863249
0.06536,1.3863249
0.065362,1.3863249
0.065364,1.3863249
0.065366,1.3863249
0.065368,1.3863249
0.06537,1.3863249
0.065372,1.3863249
0.065374,1.3863249
0.065376,1.3863249
0.065378,1.3863249
0.06538,1.3863249
0.065382,1.3863249
0.065384,1.3863249
0.065386,1.3863249
0.065388,1.3863249
0.06539,1.3863249
0.065392,1.3863249
0.065394,1.3863249
0.065396,1.3863249
0.065398,1.3863249
0.0654,1.3863249
0.065402,1.3863249
0.065404,1.3863249
0.065406,1.3863249
0.065408,1.3863249
0.06541,1.3863249
0.065412,1.3863249
0.065414,1.3863249
0.065416,1.3863249
0.065418,1.3863249
0.06542,1.3863249
0.065422,1.3863249
0.065424,1.3863249
0.065426,1.3863249
0.065427996,1.3863249
0.06543,1.3863249
0.065432,1.3863249
0.065434,1.3863249
0.065436,1.3863249
0.065438,1.3863249
0.06544,1.3863249
0.065442,1.3863249
0.065444,1.3863249
0.065446,1.3863249
0.065448,1.3863249
0.06545,1.3863249
0.065452,1.3863249
0.065454,1.3863249
0.065456,1.3863249
0.065458,1.3863249
0.06546,1.3863249
0.065462,1.3863249
0.065464,1.3863249
0.065466,0.50792885
0.065468,0.13807821
0.06547,0.13807821
0.065472,0.13807821
0.065474,0.13807821
0.065476,0.13807821
0.065478,0.13807821
0.06548,0.13807821
0.065482,0.13807821
0.065484,0.13807821
0.065486,0.13807821
0.065488,0.13807821
0.06549,0.13807821
0.065492,0.091846466
0.065494,0.091846466
0.065496,0.091846466
0.065498,0.091846466
0.0655,0.091846466
0.065502,0.091846466
0.065504,0.091846466
0.065506,0.091846466
0.065508,0.091846466
0.06551,0.091846466
0.065512,0.091846466
0.065514,0.091846466
0.065516,0.091846466
0.065518,0.091846466
0.06552,0.091846466
0.065522,0.091846466
0.065524,0.091846466
0.065526,0.091846466
0.065528,0.091846466
0.06553,0.091846466
0.065532,0.091846466
0.065534,0.091846466
0.065536,0.091846466
0.065538,0.091846466
0.06554,0.091846466
0.065542,0.091846466
0.065544,0.091846466
0.065546,0.091846466
0.065548,0.091846466
0.06555,0.091846466
0.065551996,0.091846466
0.065554,0.091846466
0.065556,0.091846466
0.065558,0.091846466
0.06556,0.091846466
0.065562,0.091846466
0.065564,0.091846466
0.065566,0.091846466
0.065568,0.091846466
0.06557,0.091846466
0.065572,0.091846466
0.065574,0.091846466
0.065576,0.091846466
0.065578,0.091846466
0.06558,0.091846466
0.065582,0.091846466
0.065584,0.091846466
0.065586,0.091846466
0.065588,0.091846466
0.06559,0.091846466
0.065592,0.091846466
0.065594,0.091846466
0.065596,0.091846466
0.065597996,0.091846466
0.0656,0.091846466
0.065602,0.091846466
0.065604,0.091846466
0.065606,0.091846466
0.065608,0.091846466
0.06561,0.091846466
0.065612,0.091846466
0.065614,0.091846466
0.065616,0.091846466
0.065618,0.091846466
0.06562,0.091846466
0.065622,0.091846466
0.065624,0.091846466
0.065626,0.091846466
0.065628,0.091846466
0.06563,0.091846466
0.065632,0.091846466
0.065634,0.091846466
0.065636,0.091846466
0.065638,0.091846466
0.06564,0.091846466
0.065642,0.091846466
0.065644,0.091846466
0.065646,0.091846466
0.065648,0.091846466
0.06565,0.091846466
0.065652,0.091846466
0.065654,0.091846466
0.065656,0.091846466
0.065658,0.091846466
0.06566,0.091846466
0.065662,0.091846466
0.065664,0.091846466
0.065666,0.091846466
0.065668,0.091846466
0.06567,0.091846466
0.065672,0.091846466
0.065674,0.091846466
0.065675996,0.091846466
0.065678,0.091846466
0.06568,0.091846466
0.065682,0.091846466
0.065684,0.091846466
0.065686,0.091846466
0.065688,0.091846466
0.06569,0.091846466
0.065692,0.091846466
0.065694,0.091846466
0.065696,0.091846466
0.065698,0.091846466
0.0657,0.091846466
0.065702,0.091846466
0.065704,0.091846466
0.065706,0.091846466
0.065708,0.091846466
0.06571,0.091846466
0.065712,0.091846466
0.065714,0.091846466
0.065716,0.091846466
0.065718,0.091846466
0.06572,0.091846466
0.065721996,0.091846466
0.065724,0.091846466
0.065726,0.091846466
0.065728,0.091846466
0.06573,0.091846466
0.065732,0.091846466
0.065734,0.091846466
0.065736,0.091846466
0.065738,0.091846466
0.06574,0.091846466
0.065742,0.091846466
0.065744,0.091846466
0.065746,0.091846466
0.065748,0.091846466
0.06575,0.091846466
0.065752,0.091846466
0.065754,0.091846466
0.065756,0.091846466
0.065758,0.091846466
0.06576,0.091846466
0.065762,0.091846466
0.065764,0.091846466
0.065766,0.091846466
0.065768,0.091846466
0.06577,0.091846466
0.065772,0.091846466
0.065774,0.091846466
0.065776,0.091846466
0.065778,0.091846466
0.06578,0.091846466
0.065782,0.091846466
0.065784,0.091846466
0.065786,0.091846466
0.065788,0.091846466
0.06579,0.091846466
0.065792,0.091846466
0.065794,0.091846466
0.065796,0.091846466
0.065798,0.091846466
0.065799996,0.091846466
0.065802,0.091846466
0.065804,0.091846466
0.065806,0.091846466
0.065808,0.091846466
0.06581,0.091846466
0.065812,0.091846466
0.065814,0.091846466
0.065816,0.091846466
0.065818,0.091846466
0.06582,0.091846466
0.065822,0.091846466
0.065824,0.091846466
0.065826,0.091846466
0.065828,0.091846466
0.06583,0.091846466
0.065832,0.091846466
0.065834,0.091846466
0.065836,0.091846466
0.065838,0.091846466
0.06584,0.091846466
0.065842,0.091846466
0.065844,0.091846466
0.065845996,0.091846466
0.065848,0.091846466
0.06585,0.091846466
0.065852,0.091846466
0.065854,0.091846466
0.065856,0.091846466
0.065858,0.091846466
0.06586,0.091846466
0.065862,0.091846466
0.065864,0.091846466
0.065866,0.091846466
0.065868,0.091846466
0.06587,0.091846466
0.065872,0.091846466
0.065874,0.091846466
0.065876,0.091846466
0.065878,0.091846466
0.06588,0.091846466
0.065882,0.091846466
0.065884,0.091846466
0.065886,0.091846466
0.065888,0.091846466
0.06589,0.091846466
0.065892,0.091846466
0.065894,0.091846466
0.065896,0.091846466
0.065898,0.091846466
0.0659,0.091846466
0.065902,0.091846466
0.065904,0.091846466
0.065906,0.091846466
0.065908,0.091846466
0.06591,0.091846466
0.065912,0.091846466
0.065914,0.091846466
0.065916,0.091846466
0.065918,0.091846466
0.06592,0.091846466
0.065922,0.091846466
0.065923996,0.091846466
0.065926,0.091846466
0.065928,0.091846466
0.06593,0.091846466
0.065932,0.091846466
0.065934,0.091846466
0.065936,0.091846466
0.065938,0.091846466
0.06594,0.091846466
0.065942,0.091846466
0.065944,0.091846466
0.065946,0.091846466
0.065948,0.091846466
0.06595,0.091846466
0.065952,0.091846466
0.065954,0.091846466
0.065956,0.091846466
0.065958,0.091846466
0.06596,0.091846466
0.065962,0.091846466
0.065964,0.091846466
0.065966,0.091846466
0.065968,0.091846466
0.065969996,0.091846466
0.065972,0.091846466
0.065974,0.091846466
0.065976,0.091846466
0.065978,0.091846466
0.06598,0.091846466
0.065982,0.091846466
0.065984,0.091846466
0.065986,0.091846466
0.065988,0.091846466
0.06599,0.091846466
0.065992,0.091846466
0.065994,0.091846466
0.065996,0.091846466
0.065998,0.091846466
0.066,0.091846466
0.066002,0.091846466
0.066004,0.091846466
0.066006,0.091846466
0.066008,0.091846466
0.06601,0.091846466
0.066012,0.091846466
0.066014,0.091846466
0.066016,0.091846466
0.066018,0.091846466
0.06602,0.091846466
0.066022,0.091846466
0.066024,0.091846466
0.066026,0.091846466
0.066028,0.091846466
0.06603,0.091846466
0.066032,0.091846466
0.066034,0.091846466
0.066036,0.091846466
0.066038,0.091846466
0.06604,0.091846466
0.066042,0.091846466
0.066044,0.091846466
0.066046,0.091846466
0.066048,0.091846466
0.06605,0.091846466
0.066052,0.091846466
0.066054,0.091846466
0.066056,0.091846466
0.066058,0.091846466
0.06606,0.091846466
0.066062,0.091846466
0.066064,0.091846466
0.066066,0.091846466
0.066068,0.091846466
0.06607,0.091846466
0.066072,0.091846466
0.066074,0.091846466
0.066076,0.091846466
0.066078,0.091846466
0.06608,0.091846466
0.066082,0.091846466
0.066084,0.091846466
0.066086,0.091846466
0.066088,0.091846466
0.06609,0.091846466
0.066092,0.091846466
0.066093996,0.091846466
0.066096,0.091846466
0.066098,0.091846466
0.0661,0.091846466
0.066102,0.091846466
0.066104,0.091846466
0.066106,0.091846466
0.066108,0.091846466
0.06611,0.091846466
0.066112,0.091846466
0.066114,0.091846466
0.066116,0.091846466
0.066118,0.091846466
0.06612,0.091846466
0.066122,0.091846466
0.066124,0.091846466
0.066126,0.091846466
0.066128,0.091846466
0.06613,0.091846466
0.066132,0.091846466
0.066134,0.091846466
0.066136,0.091846466
0.066138,0.091846466
0.06614,0.091846466
0.066142,0.091846466
0.066144,0.091846466
0.066146,0.091846466
0.066148,0.091846466
0.06615,0.091846466
0.066152,0.091846466
0.066154,0.091846466
0.066156,0.091846466
0.066158,0.091846466
0.06616,0.091846466
0.066162,0.091846466
0.066164,0.091846466
0.066166,0.091846466
0.066168,0.091846466
0.06617,0.091846466
0.066172,0.091846466
0.066174,0.091846466
0.066176,0.091846466
0.066178,0.091846466
0.06618,0.091846466
0.066182,0.091846466
0.066184,0.091846466
0.066186,0.091846466
0.066188,0.091846466
0.06619,0.091846466
0.066192,0.091846466
0.066194,0.091846466
0.066196,0.091846466
0.066198,0.091846466
0.0662,0.091846466
0.066202,0.091846466
0.066204,0.091846466
0.066206,0.091846466
0.066208,0.091846466
0.06621,0.091846466
0.066212,0.091846466
0.066214,0.091846466
0.066216,0.091846466
0.066217996,0.091846466
0.06622,0.091846466
0.066222,0.091846466
0.066224,0.091846466
0.066226,0.091846466
0.066228,0.091846466
0.06623,0.091846466
0.066232,0.091846466
0.066234,0.091846466
0.066236,0.091846466
0.066238,0.091846466
0.06624,0.091846466
0.066242,0.091846466
0.066244,0.091846466
0.066246,0.091846466
0.066248,0.091846466
0.06625,0.091846466
0.066252,0.091846466
0.066254,0.091846466
0.066256,0.091846466
0.066258,0.091846466
0.06626,0.091846466
0.066262,0.091846466
0.066264,0.091846466
0.066266,0.091846466
0.066268,0.091846466
0.06627,0.091846466
0.066272,0.091846466
0.066274,0.091846466
0.066276,0.091846466
0.066278,0.091846466
0.06628,0.091846466
0.066282,0.091846466
0.066284,0.091846466
0.066286,0.091846466
0.066288,0.091846466
0.06629,0.091846466
0.066292,0.091846466
0.066294,0.091846466
0.066296,0.091846466
0.066298,0.091846466
0.0663,0.091846466
0.066302,0.091846466
0.066304,0.091846466
0.066306,0.091846466
0.066308,0.091846466
0.06631,1.0627055
0.066312,1.3863249
0.066314,1.3400936
0.066316,1.3863249
0.066318,1.3863249
0.06632,1.3863249
0.066322,1.3863249
0.066324,1.3863249
0.066326,1.3863249
0.066328,1.3863249
0.06633,1.3863249
0.066332,1.3863249
0.066334,1.3863249
0.066336,1.3863249
0.066338,1.3863249
0.06634,1.3863249
0.066341996,1.3863249
0.066344,1.3863249
0.066346,1.3863249
0.066348,1.3863249
0.06635,1.3863249
0.066352,1.3863249
0.066354,1.3863249
0.066356,1.3863249
0.066358,1.3863249
0.06636,1.3863249
0.066362,1.3863249
0.066364,1.3863249
0.066366,1.3863249
0.066368,1.3863249
0.06637,1.3863249
0.066372,1.3863249
0.066374,1.3863249
0.066376,1.3863249
0.066378,1.3863249
0.06638,1.3863249
0.066382,1.3863249
0.066384,1.3863249
0.066386,1.3863249
0.066388,1.3863249
0.06639,1.3863249
0.066392,1.3863249
0.066394,1.3863249
0.066396,1.3863249
0.066398,1.3863249
0.0664,1.3863249
0.066402,1.3863249
0.066404,1.3863249
0.066406,1.3863249
0.066408,1.3863249
0.06641,1.3863249
0.066412,1.3863249
0.066414,1.3863249
0.066416,1.3863249
0.066418,1.3863249
0.06642,1.3863249
0.066422,1.3863249
0.066424,1.3863249
0.066426,1.3863249
0.066428,1.3863249
0.06643,1.3863249
0.066432,1.3863249
0.066434,1.3863249
0.066436,1.3863249
0.066438,1.3863249
0.06644,1.3863249
0.066442,1.3863249
0.066444,1.3863249
0.066446,1.3863249
0.066448,1.3863249
0.06645,1.3863249
0.066452,1.3863249
0.066454,1.3863249
0.066456,1.3863249
0.066458,1.3863249
0.06646,1.3863249
0.066462,1.3863249
0.066464,1.3863249
0.066465996,1.3863249
0.066468,1.3863249
0.06647,1.3863249
0.066472,1.3863249
0.066474,1.3863249
0.066476,1.3863249
0.066478,1.3863249
0.06648,1.3863249
0.066482,1.3863249
0.066484,1.3863249
0.066486,1.3863249
0.066488,1.3863249
0.06649,1.3863249
0.066492,1.3863249
0.066494,1.3863249
0.066496,1.3863249
0.066498,1.3863249
0.0665,1.3863249
0.066502,1.3863249
0.066504,1.3863249
0.066506,1.3863249
0.066508,1.3863249
0.06651,1.3863249
0.066512,1.3863249
0.066514,1.3863249
0.066516,1.3863249
0.066518,1.3863249
0.06652,1.3863249
0.066522,1.3863249
0.066524,1.3863249
0.066526,1.3863249
0.066528,1.3863249
0.06653,1.3863249
0.066532,1.3863249
0.066534,1.3863249
0.066536,1.3863249
0.066538,1.3863249
0.06654,1.3863249
0.066542,1.3863249
0.066544,1.3863249
0.066546,1.3863249
0.066548,1.3863249
0.06655,1.3863249
0.066552,1.3863249
0.066554,1.3863249
0.066556,1.3863249
0.066558,1.3863249
0.06656,1.3863249
0.066562,1.3863249
0.066564,1.3863249
0.066566,1.3863249
0.066568,1.3863249
0.06657,1.3863249
0.066572,1.3863249
0.066574,1.3863249
0.066576,1.3863249
0.066578,1.3863249
0.06658,1.3863249
0.066582,1.3863249
0.066584,1.3863249
0.066586,1.3863249
0.066588,1.3863249
0.066589996,1.3863249
0.066592,1.3863249
0.066594,1.3863249
0.066596,1.3863249
0.066598,1.3863249
0.0666,1.3863249
0.066602,1.3863249
0.066604,1.3863249
0.066606,1.3863249
0.066608,1.3863249
0.06661,1.3863249
0.066612,1.3863249
0.066614,1.3863249
0.066616,1.3863249
0.066618,1.3863249
0.06662,1.3863249
0.066622,1.3863249
0.066624,1.3863249
0.066626,1.3863249
0.066628,1.3863249
0.06663,1.3863249
0.066632,1.3863249
0.066634,1.3863249
0.066636,1.3863249
0.066638,1.3863249
0.06664,1.3863249
0.066642,1.3863249
0.066644,1.3863249
0.066646,1.3863249
0.066648,1.3863249
0.06665,1.3863249
0.066652,1.3863249
0.066654,1.3863249
0.066656,1.3863249
0.066658,1.3863249
0.06666,1.3863249
0.066662,1.3863249
0.066664,2.5883412
0.066666,2.6345725
0.066668,2.6345725
0.06667,2.6345725
0.066672,2.6345725
0.066674,2.6345725
0.066676,2.6345725
0.066678,2.6345725
0.06668,2.6345725
0.066682,2.6808028
0.066684,2.6808028
0.066686,2.6808028
0.066688,2.6808028
0.06669,2.6808028
0.066692,2.6808028
0.066694,2.6808028
0.066696,2.6808028
0.066698,2.6808028
0.0667,2.6808028
0.066702,2.6808028
0.066704,2.6808028
0.066706,2.6808028
0.066708,2.6808028
0.06671,2.6808028
0.066712,2.6808028
0.066713996,2.6808028
0.066716,2.6808028
0.066718,2.6808028
0.06672,2.6808028
0.066722,2.6808028
0.066724,2.6808028
0.066726,2.6808028
0.066728,2.6808028
0.06673,2.6808028
0.066732,2.6808028
0.066734,2.6808028
0.066736,2.6808028
0.066738,2.6808028
0.06674,2.6808028
0.066742,2.6808028
0.066744,2.6808028
0.066746,2.6808028
0.066748,2.6808028
0.06675,2.6808028
0.066752,2.6808028
0.066754,2.6808028
0.066756,2.6808028
0.066758,2.6808028
0.066759996,2.6808028
0.066762,2.6808028
0.066764,2.6808028
0.066766,2.6808028
0.066768,2.6808028
0.06677,2.6808028
0.066772,2.6808028
0.066774,2.6808028
0.066776,2.6808028
0.066778,2.6808028
0.06678,2.6808028
0.066782,2.6808028
0.066784,2.6808028
0.066786,2.6808028
0.066788,2.6808028
0.06679,2.6808028
0.066792,2.6808028
0.066794,2.6808028
0.066796,2.6808028
0.066798,2.6808028
0.0668,2.6808028
0.066802,2.6808028
0.066804,2.6808028
0.066806,2.6808028
0.066808,2.6808028
0.06681,2.6808028
0.066812,2.6808028
0.066814,2.6808028
0.066816,2.6808028
0.066818,2.6808028
0.06682,2.6808028
0.066822,2.6808028
0.066824,2.6808028
0.066826,2.6808028
0.066828,2.6808028
0.06683,2.6808028
0.066832,2.6808028
0.066834,2.6808028
0.066836,2.6808028
0.066837996,2.6808028
0.06684,2.6808028
0.066842,2.6808028
0.066844,2.6808028
0.066846,2.6808028
0.066848,2.6808028
0.06685,2.6808028
0.066852,2.6808028
0.066854,2.6808028
0.066856,2.6808028
0.066858,2.6808028
0.06686,2.6808028
0.066862,2.6808028
0.066864,2.6808028
0.066866,2.6808028
0.066868,2.6808028
0.06687,2.6808028
0.066872,2.6808028
0.066874,2.6808028
0.066876,2.6808028
0.066878,2.6808028
0.06688,2.6808028
0.066882,2.6808028
0.066883996,2.6808028
0.066886,2.6808028
0.066888,2.6808028
0.06689,2.6808028
0.066892,2.6808028
0.066894,2.6808028
0.066896,2.6808028
0.066898,2.6808028
0.0669,2.6808028
0.066902,2.6808028
0.066904,2.6808028
0.066906,2.6808028
0.066908,2.6808028
0.06691,2.6808028
0.066912,2.6808028
0.066914,2.6808028
0.066916,2.6808028
0.066918,2.6808028
0.06692,2.6808028
0.066922,2.6808028
0.066924,2.6808028
0.066926,2.6808028
0.066928,2.6808028
0.06693,2.6808028
0.066932,2.6808028
0.066934,2.6808028
0.066936,2.6808028
0.066938,2.6808028
0.06694,2.6808028
0.066942,2.6808028
0.066944,2.6808028
0.066946,2.6808028
0.066948,2.6808028
0.06695,2.6808028
0.066952,2.6808028
0.066954,2.6808028
0.066956,2.6808028
0.066958,2.6808028
0.06696,2.6808028
0.066961996,2.6808028
0.066964,2.6808028
0.066966,2.6808028
0.066968,2.6808028
0.06697,2.6808028
0.066972,2.6808028
0.066974,2.6808028
0.066976,2.6808028
0.066978,2.6808028
0.06698,2.6808028
0.066982,2.6808028
0.066984,2.6808028
0.066986,2.6808028
0.066988,2.6808028
0.06699,3.6978936
0.066992,3.92905
0.066994,3.92905
0.066996,3.92905
0.066998,3.92905
0.067,3.9752812
0.067002,3.9752812
0.067004,3.9752812
0.067006,3.9752812
0.067007996,3.9752812
0.06701,3.9752812
0.067012,3.9752812
0.067014,3.9752812
0.067016,3.9752812
0.067018,3.9752812
0.06702,3.9752812
0.067022,3.9752812
0.067024,3.9752812
0.067026,3.9752812
0.067028,3.9752812
0.06703,3.9752812
0.067032,3.9752812
0.067034,3.9752812
0.067036,3.9752812
0.067038,3.9752812
0.06704,3.9752812
0.067042,3.9752812
0.067044,3.9752812
0.067046,3.9752812
0.067048,3.9752812
0.06705,3.9752812
0.067052,3.9752812
0.067054,3.9752812
0.067056,3.9752812
0.067058,3.9752812
0.06706,3.9752812
0.067062,3.9752812
0.067064,3.9752812
0.067066,3.9752812
0.067068,3.9752812
0.06707,3.9752812
0.067072,3.9752812
0.067074,3.9752812
0.067076,3.9752812
0.067078,3.9752812
0.06708,3.9752812
0.067082,3.9752812
0.067084,3.9752812
0.067085996,3.9752812
0.067088,3.9752812
0.06709,3.9752812
0.067092,3.9752812
0.067094,3.9752812
0.067096,3.9752812
0.067098,3.9752812
0.0671,3.9752812
0.067102,3.9752812
0.067104,3.9752812
0.067106,3.9752812
0.067108,3.9752812
0.06711,3.9752812
0.067112,3.9752812
0.067114,3.9752812
0.067116,3.9752812
0.067118,3.9752812
0.06712,3.9752812
0.067122,3.9752812
0.067124,3.9752812
0.067126,3.9752812
0.067128,3.9752812
0.06713,3.9752812
0.067131996,3.9752812
0.067134,3.9752812
0.067136,3.9752812
0.067138,3.9752812
0.06714,3.9752812
0.067142,3.9752812
0.067144,3.9752812
0.067146,3.9752812
0.067148,3.9752812
0.06715,3.9752812
0.067152,3.9752812
0.067154,3.9752812
0.067156,3.9752812
0.067158,3.9752812
0.06716,3.9752812
0.067162,3.9752812
0.067164,3.9752812
0.067166,3.9752812
0.067168,3.9752812
0.06717,3.9752812
0.067172,3.9752812
0.067174,3.9752812
0.067176,3.9752812
0.067178,3.9752812
0.06718,3.9752812
0.067182,3.9752812
0.067184,3.9752812
0.067186,3.9752812
0.067188,3.9752812
0.06719,3.9752812
0.067192,3.9752812
0.067194,3.9752812
0.067196,3.9752812
0.067198,3.9752812
0.0672,3.9752812
0.067202,3.9752812
0.067204,3.9752812
0.067206,3.9752812
0.067208,3.9752812
0.06721,3.9752812
0.067212,3.9752812
0.067214,3.9752812
0.067216,3.9752812
0.067218,3.9752812
0.06722,3.9752812
0.067222,3.9752812
0.067224,3.9752812
0.067226,3.9752812
0.067228,3.9752812
0.06723,3.9752812
0.067232,3.9752812
0.067234,3.9752812
0.067236,3.9752812
0.067238,3.9752812
0.06724,3.9752812
0.067242,3.9752812
0.067244,3.9752812
0.067246,3.9752812
0.067248,3.9752812
0.06725,3.9752812
0.067252,3.9752812
0.067254,3.9752812
0.067255996,3.9752812
0.067258,3.9752812
0.06726,3.9752812
0.067262,3.9752812
0.067264,3.9752812
0.067266,3.9752812
0.067268,3.9752812
0.06727,3.9752812
0.067272,3.9752812
0.067274,3.9752812
0.067276,3.9752812
0.067278,3.9752812
0.06728,3.9752812
0.067282,3.9752812
0.067284,3.9752812
0.067286,3.9752812
0.067288,3.9752812
0.06729,3.9752812
0.067292,3.9752812
0.067294,3.9752812
0.067296,3.9752812
0.067298,3.9752812
0.0673,3.9752812
0.067302,3.9752812
0.067304,3.9752812
0.067306,3.9752812
0.067308,3.9752812
0.06731,3.9752812
0.067312,3.9752812
0.067314,3.9752812
0.067316,3.9752812
0.067318,3.9752812
0.06732,3.9752812
0.067322,3.9752812
0.067324,3.9752812
0.067326,3.9752812
0.067328,3.9752812
0.06733,3.9752812
0.067332,3.9752812
0.067334,3.9752812
0.067336,3.9752812
0.067338,3.9752812
0.06734,3.9752812
0.067342,3.9752812
0.067344,3.9752812
0.067346,3.9752812
0.067348,3.9752812
0.06735,3.9752812
0.067352,3.9752812
0.067354,3.9752812
0.067356,3.9752812
0.067358,3.9752812
0.06736,3.9752812
0.067362,3.9752812
0.067364,3.9752812
0.067366,3.9752812
0.067368,3.9752812
0.06737,3.9752812
0.067372,3.9752812
0.067374,3.9752812
0.067376,3.9752812
0.067378,3.9752812
0.067379996,3.9752812
0.067382,3.9752812
0.067384,3.9752812
0.067386,3.9752812
0.067388,3.9752812
0.06739,3.9752812
0.067392,3.9752812
0.067394,3.9752812
0.067396,3.9752812
0.067398,3.9752812
0.0674,3.9752812
0.067402,3.9752812
0.067404,3.9752812
0.067406,3.9752812
0.067408,3.9752812
0.06741,3.9752812
0.067412,3.9752812
0.067414,3.9752812
0.067416,3.9752812
0.067418,3.9752812
0.06742,3.9752812
0.067422,3.9752812
0.067424,3.9752812
0.067426,3.9752812
0.067428,3.9752812
0.06743,3.9752812
0.067432,3.9752812
0.067434,3.9752812
0.067436,3.9752812
0.067438,3.9752812
0.06744,3.9752812
0.067442,3.9752812
0.067444,3.9752812
0.067446,3.9752812
0.067448,3.9752812
0.06745,3.9752812
0.067452,3.9752812
0.067454,3.9752812
0.067456,3.9752812
0.067458,3.9752812
0.06746,3.9752812
0.067462,3.9752812
0.067464,3.9752812
0.067466,3.9752812
0.067468,3.9752812
0.06747,3.9752812
0.067472,3.9752812
0.067474,3.9752812
0.067476,3.9752812
0.067478,3.9752812
0.06748,3.9752812
0.067482,3.9752812
0.067484,3.9752812
0.067486,3.9752812
0.067488,3.9752812
0.06749,3.9752812
0.067492,3.9752812
0.067494,3.9752812
0.067496,3.9752812
0.067498,3.9752812
0.0675,3.9752812
0.067502,3.9752812
0.067503996,3.9752812
0.067506,3.9752812
0.067508,3.9752812
0.06751,3.9752812
0.067512,3.9752812
0.067514,3.9752812
0.067516,3.9752812
0.067518,3.9752812
0.06752,3.9752812
0.067522,3.9752812
0.067524,3.9752812
0.067526,3.9752812
0.067528,3.9752812
0.06753,3.9752812
0.067532,3.9752812
0.067534,3.9752812
0.067536,3.9752812
0.067538,3.9752812
0.06754,3.9752812
0.067542,3.9752812
0.067544,3.9752812
0.067546,3.9752812
0.067548,3.9752812
0.06755,3.9752812
0.067552,3.9752812
0.067554,3.9752812
0.067556,3.9752812
0.067558,3.9752812
0.06756,3.9752812
0.067562,3.9752812
0.067564,3.9752812
0.067566,3.9752812
0.067568,3.9752812
0.06757,3.9752812
0.067572,3.9752812
0.067574,3.9752812
0.067576,3.9752812
0.067578,3.9752812
0.06758,3.9752812
0.067582,3.9752812
0.067584,3.9752812
0.067586,3.9752812
0.067588,3.9752812
0.06759,3.9752812
0.067592,3.9752812
0.067594,3.9752812
0.067596,3.9752812
0.067598,3.9752812
0.0676,3.9752812
0.067602,3.9752812
0.067604,3.9752812
0.067606,3.9752812
0.067608,3.9752812
0.06761,3.9752812
0.067612,3.9752812
0.067614,3.9752812
0.067616,3.9752812
0.067618,3.9752812
0.06762,3.9752812
0.067622,3.9752812
0.067624,3.9752812
0.067626,3.9752812
0.067627996,3.9752812
0.06763,3.9752812
0.067632,3.9752812
0.067634,3.9752812
0.067636,3.9752812
0.067638,3.9752812
0.06764,3.9752812
0.067642,3.9752812
0.067644,3.9752812
0.067646,3.9752812
0.067648,3.9752812
0.06765,3.9752812
0.067652,3.9752812
0.067654,3.9752812
0.067656,3.9752812
0.067658,3.9752812
0.06766,3.9752812
0.067662,3.9752812
0.067664,3.9752812
0.067666,3.9752812
0.067668,3.9752812
0.06767,3.9752812
0.067672,3.9752812
0.067674,3.9752812
0.067676,3.9752812
0.067678,3.9752812
0.06768,3.9752812
0.067682,3.9752812
0.067684,3.9752812
0.067686,3.9752812
0.067688,3.9752812
0.06769,3.9752812
0.067692,3.9752812
0.067694,3.9752812
0.067696,3.9752812
0.067698,3.9752812
0.0677,3.9752812
0.067702,3.9752812
0.067704,3.9752812
0.067706,3.9752812
0.067708,3.9752812
0.06771,3.9752812
0.067712,3.9752812
0.067714,3.9752812
0.067716,3.9752812
0.067718,3.9752812
0.06772,3.9752812
0.067722,3.9752812
0.067724,3.9752812
0.067726,3.9752812
0.067728,3.9752812
0.06773,3.9752812
0.067732,3.9752812
0.067734,3.9752812
0.067736,3.9752812
0.067738,3.9752812
0.06774,3.9752812
0.067742,3.9752812
0.067744,3.9752812
0.067746,3.9752812
0.067748,3.9752812
0.06775,3.9752812
0.067751996,3.9752812
0.067754,3.9752812
0.067756,3.9752812
0.067758,3.9752812
0.06776,3.9752812
0.067762,3.9752812
0.067764,3.9752812
0.067766,3.9752812
0.067768,3.9752812
0.06777,3.9752812
0.067772,3.9752812
0.067774,3.9752812
0.067776,3.9752812
0.067778,3.9752812
0.06778,3.9752812
0.067782,3.9752812
0.067784,3.9752812
0.067786,3.9752812
0.067788,3.9752812
0.06779,3.9752812
0.067792,3.9752812
0.067794,3.9752812
0.067796,3.9752812
0.067797996,3.9752812
0.0678,3.9752812
0.067802,3.9752812
0.067804,3.9752812
0.067806,3.9752812
0.067808,3.9752812
0.06781,3.9752812
0.067812,3.9752812
0.067814,3.9752812
0.067816,3.9752812
0.067818,3.9752812
0.06782,3.9752812
0.067822,3.9752812
0.067824,3.9752812
0.067826,3.9752812
0.067828,3.9752812
0.06783,3.9752812
0.067832,3.9752812
0.067834,3.9752812
0.067836,3.9752812
0.067838,3.9752812
0.06784,3.9752812
0.067842,3.9752812
0.067844,3.9752812
0.067846,3.9752812
0.067848,3.9752812
0.06785,3.9752812
0.067852,3.9752812
0.067854,3.9752812
0.067856,3.9752812
0.067858,3.9752812
0.06786,3.9752812
0.067862,3.9752812
0.067864,3.9752812
0.067866,3.9752812
0.067868,3.9752812
0.06787,3.9752812
0.067872,3.9752812
0.067874,3.9752812
0.067875996,3.9752812
0.067878,3.9752812
0.06788,3.9752812
0.067882,3.9752812
0.067884,3.9752812
0.067886,3.9752812
0.067888,3.9752812
0.06789,3.9752812
0.067892,3.9752812
0.067894,3.9752812
0.067896,3.9752812
0.067898,3.9752812
0.0679,3.9752812
0.067902,3.9752812
0.067904,3.9752812
0.067906,3.9752812
0.067908,3.9752812
0.06791,3.9752812
0.067912,3.9752812
0.067914,3.9752812
0.067916,3.9752812
0.067918,3.9752812
0.06792,3.9752812
0.067921996,3.9752812
0.067924,3.9752812
0.067926,3.9752812
0.067928,3.9752812
0.06793,3.9752812
0.067932,3.9752812
0.067934,3.9752812
0.067936,3.9752812
0.067938,3.9752812
0.06794,3.9752812
0.067942,3.9752812
0.067944,3.9752812
0.067946,3.9752812
0.067948,3.9752812
0.06795,3.9752812
0.067952,3.9752812
0.067954,3.9752812
0.067956,3.9752812
0.067958,3.9752812
0.06796,3.9752812
0.067962,3.9752812
0.067964,3.9752812
0.067966,3.9752812
0.067968,3.9752812
0.06797,3.9752812
0.067972,3.9752812
0.067974,3.9752812
0.067976,3.9752812
0.067978,3.9752812
0.06798,3.9752812
0.067982,3.9752812
0.067984,3.9752812
0.067986,3.9752812
0.067988,3.9752812
0.06799,3.9752812
0.067992,3.9752812
0.067994,3.9752812
0.067996,3.9752812
0.067998,3.9752812
0.067999996,3.9752812
0.068002,3.9752812
0.068004,3.9752812
0.068006,3.9752812
0.068008,3.9752812
0.06801,3.9752812
0.068012,3.9752812
0.068014,3.9752812
0.068016,3.9752812
0.068018,3.9752812
0.06802,3.9752812
0.068022,3.9752812
0.068024,3.9752812
0.068026,3.9752812
0.068028,3.9752812
0.06803,3.9752812
0.068032,3.9752812
0.068034,3.9752812
0.068036,3.9752812
0.068038,3.9752812
0.06804,3.9752812
0.068042,3.9752812
0.068044,3.9752812
0.068045996,3.9752812
0.068048,3.9752812
0.06805,3.9752812
0.068052,3.9752812
0.068054,3.9752812
0.068056,3.9752812
0.068058,3.9752812
0.06806,3.9752812
0.068062,3.9752812
0.068064,3.9752812
0.068066,3.9752812
0.068068,3.9752812
0.06807,3.9752812
0.068072,3.9752812
0.068074,3.9752812
0.068076,3.9752812
0.068078,3.9752812
0.06808,3.9752812
0.068082,3.9752812
0.068084,3.9752812
0.068086,3.9752812
0.068088,3.9752812
0.06809,3.9752812
0.068092,3.9752812
0.068094,3.9752812
0.068096,3.9752812
0.068098,3.9752812
0.0681,3.9752812
0.068102,3.9752812
0.068104,3.9752812
0.068106,3.9752812
0.068108,3.9752812
0.06811,3.9752812
0.068112,3.9752812
0.068114,3.9752812
0.068116,3.9752812
0.068118,3.9752812
0.06812,3.9752812
0.068122,3.9752812
0.068123996,3.9752812
0.068126,3.9752812
0.068128,3.9752812
0.06813,3.9752812
0.068132,4.0215135
0.068134,2.727035
0.068136,2.727035
0.068138,2.727035
0.06814,2.727035
0.068142,2.727035
0.068144,2.727035
0.068146,2.727035
0.068148,2.727035
0.06815,2.727035
0.068152,2.6808028
0.068154,2.6808028
0.068156,2.6808028
0.068158,2.6808028
0.06816,2.6808028
0.068162,2.6808028
0.068164,2.6808028
0.068166,2.6808028
0.068168,2.6808028
0.068169996,2.6808028
0.068172,2.6808028
0.068174,2.6808028
0.068176,2.6808028
0.068178,2.6808028
0.06818,2.6808028
0.068182,2.6808028
0.068184,2.6808028
0.068186,2.6808028
0.068188,2.6808028
0.06819,2.6808028
0.068192,2.6808028
0.068194,2.6808028
0.068196,2.6808028
0.068198,2.6808028
0.0682,2.6808028
0.068202,2.6808028
0.068204,2.6808028
0.068206,2.6808028
0.068208,2.6808028
0.06821,2.6808028
0.068212,2.6808028
0.068214,2.6808028
0.068216,2.6808028
0.068218,2.6808028
0.06822,2.6808028
0.068222,2.6808028
0.068224,2.6808028
0.068226,2.6808028
0.068228,2.6808028
0.06823,2.6808028
0.068232,2.6808028
0.068234,2.6808028
0.068236,2.6808028
0.068238,2.6808028
0.06824,2.6808028
0.068242,2.6808028
0.068244,2.6808028
0.068246,2.6808028
0.068247996,2.6808028
0.06825,2.6808028
0.068252,2.6808028
0.068254,2.6808028
0.068256,2.6808028
0.068258,2.6808028
0.06826,2.6808028
0.068262,2.6808028
0.068264,2.6808028
0.068266,2.6808028
0.068268,2.6808028
0.06827,2.6808028
0.068272,2.6808028
0.068274,2.6808028
0.068276,2.6808028
0.068278,2.6808028
0.06828,2.6808028
0.068282,2.6808028
0.068284,2.6808028
0.068286,2.6808028
0.068288,2.6808028
0.06829,2.6808028
0.068292,2.6808028
0.068293996,2.6808028
0.068296,2.6808028
0.068298,2.6808028
0.0683,2.6808028
0.068302,2.6808028
0.068304,2.6808028
0.068306,2.6808028
0.068308,2.6808028
0.06831,2.6808028
0.068312,2.6808028
0.068314,2.6808028
0.068316,2.6808028
0.068318,2.6808028
0.06832,2.6808028
0.068322,2.6808028
0.068324,2.6808028
0.068326,2.6808028
0.068328,2.6808028
0.06833,2.6808028
0.068332,2.6808028
0.068334,2.6808028
0.068336,2.6808028
0.068338,2.6808028
0.06834,2.6808028
0.068342,2.6808028
0.068344,2.6808028
0.068346,2.6808028
0.068348,2.6808028
0.06835,2.6808028
0.068352,2.6808028
0.068354,2.6808028
0.068356,2.6808028
0.068358,2.6808028
0.06836,2.6808028
0.068362,2.6808028
0.068364,2.6808028
0.068366,2.6808028
0.068368,2.6808028
0.06837,2.6808028
0.068372,2.6808028
0.068374,2.6808028
0.068376,2.6808028
0.068378,2.6808028
0.06838,2.6808028
0.068382,2.6808028
0.068384,2.6808028
0.068386,2.6808028
0.068388,2.6808028
0.06839,2.6808028
0.068392,2.6808028
0.068394,2.6808028
0.068396,2.6808028
0.068398,2.6808028
0.0684,2.6808028
0.068402,2.6808028
0.068404,2.6808028
0.068406,2.6808028
0.068408,2.6808028
0.06841,2.6808028
0.068412,2.6808028
0.068414,2.6808028
0.068416,2.6808028
0.068417996,2.6808028
0.06842,2.6808028
0.068422,2.6808028
0.068424,2.6808028
0.068426,2.6808028
0.068428,2.6808028
0.06843,2.6808028
0.068432,2.6808028
0.068434,2.6808028
0.068436,2.6808028
0.068438,2.6808028
0.06844,2.6808028
0.068442,2.6808028
0.068444,2.6808028
0.068446,2.6808028
0.068448,2.6808028
0.06845,2.6808028
0.068452,2.6808028
0.068454,2.6808028
0.068456,2.6808028
0.068458,2.6808028
0.06846,1.5250192
0.068462,1.4325566
0.068464,1.4325566
0.068466,1.4325566
0.068468,1.4325566
0.06847,1.4325566
0.068472,1.4325566
0.068474,1.4325566
0.068476,1.4325566
0.068478,1.4325566
0.06848,1.4325566
0.068482,1.4325566
0.068484,1.4325566
0.068486,1.4325566
0.068488,1.4325566
0.06849,1.4325566
0.068492,1.4325566
0.068494,1.4325566
0.068496,1.4325566
0.068498,1.3863249
0.0685,1.3863249
0.068502,1.3863249
0.068504,1.3863249
0.068506,1.3863249
0.068508,1.3863249
0.06851,1.3863249
0.068512,1.3863249
0.068514,1.3863249
0.068516,1.3863249
0.068518,1.3863249
0.06852,1.3863249
0.068522,1.3863249
0.068524,1.3863249
0.068526,1.3863249
0.068528,1.3863249
0.06853,1.3863249
0.068532,1.3863249
0.068534,1.3863249
0.068536,1.3863249
0.068538,1.3863249
0.06854,1.3863249
0.068541996,1.3863249
0.068544,1.3863249
0.068546,1.3863249
0.068548,1.3863249
0.06855,1.3863249
0.068552,1.3863249
0.068554,1.3863249
0.068556,1.3863249
0.068558,1.3863249
0.06856,1.3863249
0.068562,1.3863249
0.068564,1.3863249
0.068566,1.3863249
0.068568,1.3863249
0.06857,1.3863249
0.068572,1.3863249
0.068574,1.3863249
0.068576,1.3863249
0.068578,1.3863249
0.06858,1.3863249
0.068582,1.3863249
0.068584,1.3863249
0.068586,1.3863249
0.068588,1.3863249
0.06859,1.3863249
0.068592,1.3863249
0.068594,1.3863249
0.068596,1.3863249
0.068598,1.3863249
0.0686,1.3863249
0.068602,1.3863249
0.068604,1.3863249
0.068606,1.3863249
0.068608,1.3863249
0.06861,1.3863249
0.068612,1.3863249
0.068614,1.3863249
0.068616,1.3863249
0.068618,1.3863249
0.06862,1.3863249
0.068622,1.3863249
0.068624,1.3863249
0.068626,1.3863249
0.068628,1.3863249
0.06863,1.3863249
0.068632,1.3863249
0.068634,1.3863249
0.068636,1.3863249
0.068638,1.3863249
0.06864,1.3863249
0.068642,1.3863249
0.068644,1.3863249
0.068646,1.3863249
0.068648,1.3863249
0.06865,1.3863249
0.068652,1.3863249
0.068654,1.3863249
0.068656,1.3863249
0.068658,1.3863249
0.06866,1.3863249
0.068662,1.3863249
0.068664,1.3863249
0.068665996,1.3863249
0.068668,1.3863249
0.06867,1.3863249
0.068672,1.3863249
0.068674,1.3863249
0.068676,1.3863249
0.068678,1.3863249
0.06868,1.3863249
0.068682,1.3863249
0.068684,1.3863249
0.068686,1.3863249
0.068688,1.3863249
0.06869,1.3863249
0.068692,1.3863249
0.068694,1.3863249
0.068696,1.3863249
0.068698,1.3863249
0.0687,1.3863249
0.068702,1.3863249
0.068704,1.3863249
0.068706,1.3863249
0.068708,1.3863249
0.06871,1.3863249
0.068712,1.3863249
0.068714,1.3863249
0.068716,1.3863249
0.068718,1.3863249
0.06872,1.3863249
0.068722,1.3863249
0.068724,1.3863249
0.068726,1.3863249
0.068728,1.3863249
0.06873,1.3863249
0.068732,1.3863249
0.068734,1.3863249
0.068736,1.3863249
0.068738,1.3863249
0.06874,1.3863249
0.068742,1.3863249
0.068744,1.3863249
0.068746,1.3863249
0.068748,1.3863249
0.06875,1.3863249
0.068752,1.3863249
0.068754,1.3863249
0.068756,1.3863249
0.068758,1.3863249
0.06876,1.3863249
0.068762,1.3863249
0.068764,1.3863249
0.068766,1.3863249
0.068768,1.3863249
0.06877,1.3863249
0.068772,1.3863249
0.068774,1.3863249
0.068776,1.3863249
0.068778,1.3863249
0.06878,1.3863249
0.068782,1.3863249
0.068784,1.3863249
0.068786,1.3863249
0.068788,1.3863249
0.068789996,1.3863249
0.068792,1.3863249
0.068794,1.3863249
0.068796,1.3863249
0.068798,1.3863249
0.0688,1.3863249
0.068802,1.3863249
0.068804,1.3863249
0.068806,1.3863249
0.068808,1.3863249
0.06881,1.3863249
0.068812,1.3863249
0.068814,0.184309
0.068816,0.13807821
0.068818,0.13807821
0.06882,0.13807821
0.068822,0.13807821
0.068824,0.13807821
0.068826,0.13807821
0.068828,0.13807821
0.06883,0.13807821
0.068832,0.13807821
0.068834,0.13807821
0.068836,0.13807821
0.068838,0.091846466
0.06884,0.091846466
0.068842,0.091846466
0.068844,0.091846466
0.068846,0.091846466
0.068848,0.091846466
0.06885,0.091846466
0.068852,0.091846466
0.068854,0.091846466
0.068856,0.091846466
0.068858,0.091846466
0.06886,0.091846466
0.068862,0.091846466
0.068864,0.091846466
0.068866,0.091846466
0.068868,0.091846466
0.06887,0.091846466
0.068872,0.091846466
0.068874,0.091846466
0.068876,0.091846466
0.068878,0.091846466
0.06888,0.091846466
0.068882,0.091846466
0.068884,0.091846466
0.068886,0.091846466
0.068888,0.091846466
0.06889,0.091846466
0.068892,0.091846466
0.068894,0.091846466
0.068896,0.091846466
0.068898,0.091846466
0.0689,0.091846466
0.068902,0.091846466
0.068904,0.091846466
0.068906,0.091846466
0.068908,0.091846466
0.06891,0.091846466
0.068912,0.091846466
0.068913996,0.091846466
0.068916,0.091846466
0.068918,0.091846466
0.06892,0.091846466
0.068922,0.091846466
0.068924,0.091846466
0.068926,0.091846466
0.068928,0.091846466
0.06893,0.091846466
0.068932,0.091846466
0.068934,0.091846466
0.068936,0.091846466
0.068938,0.091846466
0.06894,0.091846466
0.068942,0.091846466
0.068944,0.091846466
0.068946,0.091846466
0.068948,0.091846466
0.06895,0.091846466
0.068952,0.091846466
0.068954,0.091846466
0.068956,0.091846466
0.068958,0.091846466
0.068959996,0.091846466
0.068962,0.091846466
0.068964,0.091846466
0.068966,0.091846466
0.068968,0.091846466
0.06897,0.091846466
0.068972,0.091846466
0.068974,0.091846466
0.068976,0.091846466
0.068978,0.091846466
0.06898,0.091846466
0.068982,0.091846466
0.068984,0.091846466
0.068986,0.091846466
0.068988,0.091846466
0.06899,0.091846466
0.068992,0.091846466
0.068994,0.091846466
0.068996,0.091846466
0.068998,0.091846466
0.069,0.091846466
0.069002,0.091846466
0.069004,0.091846466
0.069006,0.091846466
0.069008,0.091846466
0.06901,0.091846466
0.069012,0.091846466
0.069014,0.091846466
0.069016,0.091846466
0.069018,0.091846466
0.06902,0.091846466
0.069022,0.091846466
0.069024,0.091846466
0.069026,0.091846466
0.069028,0.091846466
0.06903,0.091846466
0.069032,0.091846466
0.069034,0.091846466
0.069036,0.091846466
0.069037996,0.091846466
0.06904,0.091846466
0.069042,0.091846466
0.069044,0.091846466
0.069046,0.091846466
0.069048,0.091846466
0.06905,0.091846466
0.069052,0.091846466
0.069054,0.091846466
0.069056,0.091846466
0.069058,0.091846466
0.06906,0.091846466
0.069062,0.091846466
0.069064,0.091846466
0.069066,0.091846466
0.069068,0.091846466
0.06907,0.091846466
0.069072,0.091846466
0.069074,0.091846466
0.069076,0.091846466
0.069078,0.091846466
0.06908,0.091846466
0.069082,0.091846466
0.069083996,0.091846466
0.069086,0.091846466
0.069088,0.091846466
0.06909,0.091846466
0.069092,0.091846466
0.069094,0.091846466
0.069096,0.091846466
0.069098,0.091846466
0.0691,0.091846466
0.069102,0.091846466
0.069104,0.091846466
0.069106,0.091846466
0.069108,0.091846466
0.06911,0.091846466
0.069112,0.091846466
0.069114,0.091846466
0.069116,0.091846466
0.069118,0.091846466
0.06912,0.091846466
0.069122,0.091846466
0.069124,0.091846466
0.069126,0.091846466
0.069128,0.091846466
0.06913,0.091846466
0.069132,0.091846466
0.069134,0.091846466
0.069136,0.091846466
0.069138,0.091846466
0.06914,0.091846466
0.069142,0.091846466
0.069144,0.091846466
0.069146,0.091846466
0.069148,0.091846466
0.06915,0.091846466
0.069152,0.091846466
0.069154,0.091846466
0.069156,0.091846466
0.069158,0.091846466
0.06916,0.091846466
0.069161996,0.091846466
0.069164,0.091846466
0.069166,0.091846466
0.069168,0.091846466
0.06917,0.091846466
0.069172,0.091846466
0.069174,0.091846466
0.069176,0.091846466
0.069178,0.091846466
0.06918,0.091846466
0.069182,0.091846466
0.069184,0.091846466
0.069186,0.091846466
0.069188,0.091846466
0.06919,0.091846466
0.069192,0.091846466
0.069194,0.091846466
0.069196,0.091846466
0.069198,0.091846466
0.0692,0.091846466
0.069202,0.091846466
0.069204,0.091846466
0.069206,0.091846466
0.069207996,0.091846466
0.06921,0.091846466
0.069212,0.091846466
0.069214,0.091846466
0.069216,0.091846466
0.069218,0.091846466
0.06922,0.091846466
0.069222,0.091846466
0.069224,0.091846466
0.069226,0.091846466
0.069228,0.091846466
0.06923,0.091846466
0.069232,0.091846466
0.069234,0.091846466
0.069236,0.091846466
0.069238,0.091846466
0.06924,0.091846466
0.069242,0.091846466
0.069244,0.091846466
0.069246,0.091846466
0.069248,0.091846466
0.06925,0.091846466
0.069252,0.091846466
0.069254,0.091846466
0.069256,0.091846466
0.069258,0.091846466
0.06926,0.091846466
0.069262,0.091846466
0.069264,0.091846466
0.069266,0.091846466
0.069268,0.091846466
0.06927,0.091846466
0.069272,0.091846466
0.069274,0.091846466
0.069276,0.091846466
0.069278,0.091846466
0.06928,0.091846466
0.069282,0.091846466
0.069284,0.091846466
0.069285996,0.091846466
0.069288,0.091846466
0.06929,0.091846466
0.069292,0.091846466
0.069294,0.091846466
0.069296,0.091846466
0.069298,0.091846466
0.0693,0.091846466
0.069302,0.091846466
0.069304,0.091846466
0.069306,0.091846466
0.069308,0.091846466
0.06931,0.091846466
0.069312,0.091846466
0.069314,0.091846466
0.069316,0.091846466
0.069318,0.091846466
0.06932,0.091846466
0.069322,0.091846466
0.069324,0.091846466
0.069326,0.091846466
0.069328,0.091846466
0.06933,0.091846466
0.069331996,0.091846466
0.069334,0.091846466
0.069336,0.091846466
0.069338,0.091846466
0.06934,0.091846466
0.069342,0.091846466
0.069344,0.091846466
0.069346,0.091846466
0.069348,0.091846466
0.06935,0.091846466
0.069352,0.091846466
0.069354,0.091846466
0.069356,0.091846466
0.069358,0.091846466
0.06936,0.091846466
0.069362,0.091846466
0.069364,0.091846466
0.069366,0.091846466
0.069368,0.091846466
0.06937,0.091846466
0.069372,0.091846466
0.069374,0.091846466
0.069376,0.091846466
0.069378,0.091846466
0.06938,0.091846466
0.069382,0.091846466
0.069384,0.091846466
0.069386,0.091846466
0.069388,0.091846466
0.06939,0.091846466
0.069392,0.091846466
0.069394,0.091846466
0.069396,0.091846466
0.069398,0.091846466
0.0694,0.091846466
0.069402,0.091846466
0.069404,0.091846466
0.069406,0.091846466
0.069408,0.091846466
0.069409996,0.091846466
0.069412,0.091846466
0.069414,0.091846466
0.069416,0.091846466
0.069418,0.091846466
0.06942,0.091846466
0.069422,0.091846466
0.069424,0.091846466
0.069426,0.091846466
0.069428,0.091846466
0.06943,0.091846466
0.069432,0.091846466
0.069434,0.091846466
0.069436,0.091846466
0.069438,0.091846466
0.06944,0.091846466
0.069442,0.091846466
0.069444,0.091846466
0.069446,0.091846466
0.069448,0.091846466
0.06945,0.091846466
0.069452,0.091846466
0.069454,0.091846466
0.069455996,0.091846466
0.069458,0.091846466
0.06946,0.091846466
0.069462,0.091846466
0.069464,0.091846466
0.069466,0.091846466
0.069468,0.091846466
0.06947,0.091846466
0.069472,0.091846466
0.069474,0.091846466
0.069476,0.091846466
0.069478,0.091846466
0.06948,0.091846466
0.069482,0.091846466
0.069484,0.091846466
0.069486,0.091846466
0.069488,0.091846466
0.06949,0.091846466
0.069492,0.091846466
0.069494,0.091846466
0.069496,0.091846466
0.069498,0.091846466
0.0695,0.091846466
0.069502,0.091846466
0.069504,0.091846466
0.069506,0.091846466
0.069508,0.091846466
0.06951,0.091846466
0.069512,0.091846466
0.069514,0.091846466
0.069516,0.091846466
0.069518,0.091846466
0.06952,0.091846466
0.069522,0.091846466
0.069524,0.091846466
0.069526,0.091846466
0.069528,0.091846466
0.06953,0.091846466
0.069532,0.091846466
0.069534,0.091846466
0.069536,0.091846466
0.069538,0.091846466
0.06954,0.091846466
0.069542,0.091846466
0.069544,0.091846466
0.069546,0.091846466
0.069548,0.091846466
0.06955,0.091846466
0.069552,0.091846466
0.069554,0.091846466
0.069556,0.091846466
0.069558,0.091846466
0.06956,0.091846466
0.069562,0.091846466
0.069564,0.091846466
0.069566,0.091846466
0.069568,0.091846466
0.06957,0.091846466
0.069572,0.091846466
0.069574,0.091846466
0.069576,0.091846466
0.069578,0.091846466
0.069579996,0.091846466
0.069582,0.091846466
0.069584,0.091846466
0.069586,0.091846466
0.069588,0.091846466
0.06959,0.091846466
0.069592,0.091846466
0.069594,0.091846466
0.069596,0.091846466
0.069598,0.091846466
0.0696,0.091846466
0.069602,0.091846466
0.069604,0.091846466
0.069606,0.091846466
0.069608,0.091846466
0.06961,0.091846466
0.069612,0.091846466
0.069614,0.091846466
0.069616,0.091846466
0.069618,0.091846466
0.06962,0.091846466
0.069622,0.091846466
0.069624,0.091846466
0.069626,0.091846466
0.069628,0.091846466
0.06963,1.0627055
0.069632,1.3863249
0.069634,1.3400936
0.069636,1.3863249
0.069638,1.3863249
0.06964,1.3863249
0.069642,1.3863249
0.069644,1.3863249
0.069646,1.3863249
0.069648,1.3863249
0.06965,1.3863249
0.069652,1.3863249
0.069654,1.3863249
0.069656,1.3863249
0.069658,1.3863249
0.06966,1.3863249
0.069662,1.3863249
0.069664,1.3863249
0.069666,1.3863249
0.069668,1.3863249
0.06967,1.3863249
0.069672,1.3863249
0.069674,1.3863249
0.069676,1.3863249
0.069678,1.3863249
0.06968,1.3863249
0.069682,1.3863249
0.069684,1.3863249
0.069686,1.3863249
0.069688,1.3863249
0.06969,1.3863249
0.069692,1.3863249
0.069694,1.3863249
0.069696,1.3863249
0.069698,1.3863249
0.0697,1.3863249
0.069702,1.3863249
0.069703996,1.3863249
0.069706,1.3863249
0.069708,1.3863249
0.06971,1.3863249
0.069712,1.3863249
0.069714,1.3863249
0.069716,1.3863249
0.069718,1.3863249
0.06972,1.3863249
0.069722,1.3863249
0.069724,1.3863249
0.069726,1.3863249
0.069728,1.3863249
0.06973,1.3863249
0.069732,1.3863249
0.069734,1.3863249
0.069736,1.3863249
0.069738,1.3863249
0.06974,1.3863249
0.069742,1.3863249
0.069744,1.3863249
0.069746,1.3863249
0.069748,1.3863249
0.06975,1.3863249
0.069752,1.3863249
0.069754,1.3863249
0.069756,1.3863249
0.069758,1.3863249
0.06976,1.3863249
0.069762,1.3863249
0.069764,1.3863249
0.069766,1.3863249
0.069768,1.3863249
0.06977,1.3863249
0.069772,1.3863249
0.069774,1.3863249
0.069776,1.3863249
0.069778,1.3863249
0.06978,1.3863249
0.069782,1.3863249
0.069784,1.3863249
0.069786,1.3863249
0.069788,1.3863249
0.06979,1.3863249
0.069792,1.3863249
0.069794,1.3863249
0.069796,1.3863249
0.069798,1.3863249
0.0698,1.3863249
0.069802,1.3863249
0.069804,1.3863249
0.069806,1.3863249
0.069808,1.3863249
0.06981,1.3863249
0.069812,1.3863249
0.069814,1.3863249
0.069816,1.3863249
0.069818,1.3863249
0.06982,1.3863249
0.069822,1.3863249
0.069824,1.3863249
0.069826,1.3863249
0.069827996,1.3863249
0.06983,1.3863249
0.069832,1.3863249
0.069834,1.3863249
0.069836,1.3863249
0.069838,1.3863249
0.06984,1.3863249
0.069842,1.3863249
0.069844,1.3863249
0.069846,1.3863249
0.069848,1.3863249
0.06985,1.3863249
0.069852,1.3863249
0.069854,1.3863249
0.069856,1.3863249
0.069858,1.3863249
0.06986,1.3863249
0.069862,1.3863249
0.069864,1.3863249
0.069866,1.3863249
0.069868,1.3863249
0.06987,1.3863249
0.069872,1.3863249
0.069874,1.3863249
0.069876,1.3863249
0.069878,1.3863249
0.06988,1.3863249
0.069882,1.3863249
0.069884,1.3863249
0.069886,1.3863249
0.069888,1.3863249
0.06989,1.3863249
0.069892,1.3863249
0.069894,1.3863249
0.069896,1.3863249
0.069898,1.3863249
0.0699,1.3863249
0.069902,1.3863249
0.069904,1.3863249
0.069906,1.3863249
0.069908,1.3863249
0.06991,1.3863249
0.069912,1.3863249
0.069914,1.3863249
0.069916,1.3863249
0.069918,1.3863249
0.06992,1.3863249
0.069922,1.3863249
0.069924,1.3863249
0.069926,1.3863249
0.069928,1.3863249
0.06993,1.3863249
0.069932,1.3863249
0.069934,1.3863249
0.069936,1.3863249
0.069938,1.3863249
0.06994,1.3863249
0.069942,1.3863249
0.069944,1.3863249
0.069946,1.3863249
0.069948,1.3863249
0.06995,1.3863249
0.069951996,1.3863249
0.069954,1.3863249
0.069956,1.3863249
0.069958,1.3863249
0.06996,1.3863249
0.069962,1.3863249
0.069964,1.3863249
0.069966,1.3863249
0.069968,1.3863249
0.06997,1.3863249
0.069972,1.3863249
0.069974,1.3863249
0.069976,1.3863249
0.069978,1.3863249
0.06998,1.3863249
0.069982,1.3863249
0.069984,2.5883412
0.069986,2.6345725
0.069988,2.6345725
0.06999,2.6345725
0.069992,2.6345725
0.069994,2.6345725
0.069996,2.6345725
0.069998,2.6345725
0.07,2.6808028
0.070002,2.6808028
0.070004,2.6808028
0.070006,2.6808028
0.070008,2.6808028
0.07001,2.6808028
0.070012,2.6808028
0.070014,2.6808028
0.070016,2.6808028
0.070018,2.6808028
0.07002,2.6808028
0.070022,2.6808028
0.070024,2.6808028
0.070026,2.6808028
0.070028,2.6808028
0.07003,2.6808028
0.070032,2.6808028
0.070034,2.6808028
0.070036,2.6808028
0.070038,2.6808028
0.07004,2.6808028
0.070042,2.6808028
0.070044,2.6808028
0.070046,2.6808028
0.070048,2.6808028
0.07005,2.6808028
0.070052,2.6808028
0.070054,2.6808028
0.070056,2.6808028
0.070058,2.6808028
0.07006,2.6808028
0.070062,2.6808028
0.070064,2.6808028
0.070066,2.6808028
0.070068,2.6808028
0.07007,2.6808028
0.070072,2.6808028
0.070074,2.6808028
0.070075996,2.6808028
0.070078,2.6808028
0.07008,2.6808028
0.070082,2.6808028
0.070084,2.6808028
0.070086,2.6808028
0.070088,2.6808028
0.07009,2.6808028
0.070092,2.6808028
0.070094,2.6808028
0.070096,2.6808028
0.070098,2.6808028
0.0701,2.6808028
0.070102,2.6808028
0.070104,2.6808028
0.070106,2.6808028
0.070108,2.6808028
0.07011,2.6808028
0.070112,2.6808028
0.070114,2.6808028
0.070116,2.6808028
0.070118,2.6808028
0.07012,2.6808028
0.070121996,2.6808028
0.070124,2.6808028
0.070126,2.6808028
0.070128,2.6808028
0.07013,2.6808028
0.070132,2.6808028
0.070134,2.6808028
0.070136,2.6808028
0.070138,2.6808028
0.07014,2.6808028
0.070142,2.6808028
0.070144,2.6808028
0.070146,2.6808028
0.070148,2.6808028
0.07015,2.6808028
0.070152,2.6808028
0.070154,2.6808028
0.070156,2.6808028
0.070158,2.6808028
0.07016,2.6808028
0.070162,2.6808028
0.070164,2.6808028
0.070166,2.6808028
0.070168,2.6808028
0.07017,2.6808028
0.070172,2.6808028
0.070174,2.6808028
0.070176,2.6808028
0.070178,2.6808028
0.07018,2.6808028
0.070182,2.6808028
0.070184,2.6808028
0.070186,2.6808028
0.070188,2.6808028
0.07019,2.6808028
0.070192,2.6808028
0.070194,2.6808028
0.070196,2.6808028
0.070198,2.6808028
0.070199996,2.6808028
0.070202,2.6808028
0.070204,2.6808028
0.070206,2.6808028
0.070208,2.6808028
0.07021,2.6808028
0.070212,2.6808028
0.070214,2.6808028
0.070216,2.6808028
0.070218,2.6808028
0.07022,2.6808028
0.070222,2.6808028
0.070224,2.6808028
0.070226,2.6808028
0.070228,2.6808028
0.07023,2.6808028
0.070232,2.6808028
0.070234,2.6808028
0.070236,2.6808028
0.070238,2.6808028
0.07024,2.6808028
0.070242,2.6808028
0.070244,2.6808028
0.070245996,2.6808028
0.070248,2.6808028
0.07025,2.6808028
0.070252,2.6808028
0.070254,2.6808028
0.070256,2.6808028
0.070258,2.6808028
0.07026,2.6808028
0.070262,2.6808028
0.070264,2.6808028
0.070266,2.6808028
0.070268,2.6808028
0.07027,2.6808028
0.070272,2.6808028
0.070274,2.6808028
0.070276,2.6808028
0.070278,2.6808028
0.07028,2.6808028
0.070282,2.6808028
0.070284,2.6808028
0.070286,2.6808028
0.070288,2.6808028
0.07029,2.6808028
0.070292,2.6808028
0.070294,2.6808028
0.070296,2.6808028
0.070298,2.6808028
0.0703,2.6808028
0.070302,2.6808028
0.070304,2.6808028
0.070306,2.6808028
0.070308,2.6808028
0.07031,3.6978936
0.070312,3.92905
0.070314,3.92905
0.070316,3.92905
0.070318,3.92905
0.07032,3.9752812
0.070322,3.9752812
0.070323996,3.9752812
0.070326,3.9752812
0.070328,3.9752812
0.07033,3.9752812
0.070332,3.9752812
0.070334,3.9752812
0.070336,3.9752812
0.070338,3.9752812
0.07034,3.9752812
0.070342,3.9752812
0.070344,3.9752812
0.070346,3.9752812
0.070348,3.9752812
0.07035,3.9752812
0.070352,3.9752812
0.070354,3.9752812
0.070356,3.9752812
0.070358,3.9752812
0.07036,3.9752812
0.070362,3.9752812
0.070364,3.9752812
0.070366,3.9752812
0.070368,3.9752812
0.070369996,3.9752812
0.070372,3.9752812
0.070374,3.9752812
0.070376,3.9752812
0.070378,3.9752812
0.07038,3.9752812
0.070382,3.9752812
0.070384,3.9752812
0.070386,3.9752812
0.070388,3.9752812
0.07039,3.9752812
0.070392,3.9752812
0.070394,3.9752812
0.070396,3.9752812
0.070398,3.9752812
0.0704,3.9752812
0.070402,3.9752812
0.070404,3.9752812
0.070406,3.9752812
0.070408,3.9752812
0.07041,3.9752812
0.070412,3.9752812
0.070414,3.9752812
0.070416,3.9752812
0.070418,3.9752812
0.07042,3.9752812
0.070422,3.9752812
0.070424,3.9752812
0.070426,3.9752812
0.070428,3.9752812
0.07043,3.9752812
0.070432,3.9752812
0.070434,3.9752812
0.070436,3.9752812
0.070438,3.9752812
0.07044,3.9752812
0.070442,3.9752812
0.070444,3.9752812
0.070446,3.9752812
0.070447996,3.9752812
0.07045,3.9752812
0.070452,3.9752812
0.070454,3.9752812
0.070456,3.9752812
0.070458,3.9752812
0.07046,3.9752812
0.070462,3.9752812
0.070464,3.9752812
0.070466,3.9752812
0.070468,3.9752812
0.07047,3.9752812
0.070472,3.9752812
0.070474,3.9752812
0.070476,3.9752812
0.070478,3.9752812
0.07048,3.9752812
0.070482,3.9752812
0.070484,3.9752812
0.070486,3.9752812
0.070488,3.9752812
0.07049,3.9752812
0.070492,3.9752812
0.070493996,3.9752812
0.070496,3.9752812
0.070498,3.9752812
0.0705,3.9752812
0.070502,3.9752812
0.070504,3.9752812
0.070506,3.9752812
0.070508,3.9752812
0.07051,3.9752812
0.070512,3.9752812
0.070514,3.9752812
0.070516,3.9752812
0.070518,3.9752812
0.07052,3.9752812
0.070522,3.9752812
0.070524,3.9752812
0.070526,3.9752812
0.070528,3.9752812
0.07053,3.9752812
0.070532,3.9752812
0.070534,3.9752812
0.070536,3.9752812
0.070538,3.9752812
0.07054,3.9752812
0.070542,3.9752812
0.070544,3.9752812
0.070546,3.9752812
0.070548,3.9752812
0.07055,3.9752812
0.070552,3.9752812
0.070554,3.9752812
0.070556,3.9752812
0.070558,3.9752812
0.07056,3.9752812
0.070562,3.9752812
0.070564,3.9752812
0.070566,3.9752812
0.070568,3.9752812
0.07057,3.9752812
0.070571996,3.9752812
0.070574,3.9752812
0.070576,3.9752812
0.070578,3.9752812
0.07058,3.9752812
0.070582,3.9752812
0.070584,3.9752812
0.070586,3.9752812
0.070588,3.9752812
0.07059,3.9752812
0.070592,3.9752812
0.070594,3.9752812
0.070596,3.9752812
0.070598,3.9752812
0.0706,3.9752812
0.070602,3.9752812
0.070604,3.9752812
0.070606,3.9752812
0.070608,3.9752812
0.07061,3.9752812
0.070612,3.9752812
0.070614,3.9752812
0.070616,3.9752812
0.070617996,3.9752812
0.07062,3.9752812
0.070622,3.9752812
0.070624,3.9752812
0.070626,3.9752812
0.070628,3.9752812
0.07063,3.9752812
0.070632,3.9752812
0.070634,3.9752812
0.070636,3.9752812
0.070638,3.9752812
0.07064,3.9752812
0.070642,3.9752812
0.070644,3.9752812
0.070646,3.9752812
0.070648,3.9752812
0.07065,3.9752812
0.070652,3.9752812
0.070654,3.9752812
0.070656,3.9752812
0.070658,3.9752812
0.07066,3.9752812
0.070662,3.9752812
0.070664,3.9752812
0.070666,3.9752812
0.070668,3.9752812
0.07067,3.9752812
0.070672,3.9752812
0.070674,3.9752812
0.070676,3.9752812
0.070678,3.9752812
0.07068,3.9752812
0.070682,3.9752812
0.070684,3.9752812
0.070686,3.9752812
0.070688,3.9752812
0.07069,3.9752812
0.070692,3.9752812
0.070694,3.9752812
0.070696,3.9752812
0.070698,3.9752812
0.0707,3.9752812
0.070702,3.9752812
0.070704,3.9752812
0.070706,3.9752812
0.070708,3.9752812
0.07071,3.9752812
0.070712,3.9752812
0.070714,3.9752812
0.070716,3.9752812
0.070718,3.9752812
0.07072,3.9752812
0.070722,3.9752812
0.070724,3.9752812
0.070726,3.9752812
0.070728,3.9752812
0.07073,3.9752812
0.070732,3.9752812
0.070734,3.9752812
0.070736,3.9752812
0.070738,3.9752812
0.07074,3.9752812
0.070741996,3.9752812
0.070744,3.9752812
0.070746,3.9752812
0.070748,3.9752812
0.07075,3.9752812
0.070752,3.9752812
0.070754,3.9752812
0.070756,3.9752812
0.070758,3.9752812
0.07076,3.9752812
0.070762,3.9752812
0.070764,3.9752812
0.070766,3.9752812
0.070768,3.9752812
0.07077,3.9752812
0.070772,3.9752812
0.070774,3.9752812
0.070776,3.9752812
0.070778,3.9752812
0.07078,3.9752812
0.070782,3.9752812
0.070784,3.9752812
0.070786,3.9752812
0.070788,3.9752812
0.07079,3.9752812
0.070792,3.9752812
0.070794,3.9752812
0.070796,3.9752812
0.070798,3.9752812
0.0708,3.9752812
0.070802,3.9752812
0.070804,3.9752812
0.070806,3.9752812
0.070808,3.9752812
0.07081,3.9752812
0.070812,3.9752812
0.070814,3.9752812
0.070816,3.9752812
0.070818,3.9752812
0.07082,3.9752812
0.070822,3.9752812
0.070824,3.9752812
0.070826,3.9752812
0.070828,3.9752812
0.07083,3.9752812
0.070832,3.9752812
0.070834,3.9752812
0.070836,3.9752812
0.070838,3.9752812
0.07084,3.9752812
0.070842,3.9752812
0.070844,3.9752812
0.070846,3.9752812
0.070848,3.9752812
0.07085,3.9752812
0.070852,3.9752812
0.070854,3.9752812
0.070856,3.9752812
0.070858,3.9752812
0.07086,3.9752812
0.070862,3.9752812
0.070864,3.9752812
0.070865996,3.9752812
0.070868,3.9752812
0.07087,3.9752812
0.070872,3.9752812
0.070874,3.9752812
0.070876,3.9752812
0.070878,3.9752812
0.07088,3.9752812
0.070882,3.9752812
0.070884,3.9752812
0.070886,3.9752812
0.070888,3.9752812
0.07089,3.9752812
0.070892,3.9752812
0.070894,3.9752812
0.070896,3.9752812
0.070898,3.9752812
0.0709,3.9752812
0.070902,3.9752812
0.070904,3.9752812
0.070906,3.9752812
0.070908,3.9752812
0.07091,3.9752812
0.070912,3.9752812
0.070914,3.9752812
0.070916,3.9752812
0.070918,3.9752812
0.07092,3.9752812
0.070922,3.9752812
0.070924,3.9752812
0.070926,3.9752812
0.070928,3.9752812
0.07093,3.9752812
0.070932,3.9752812
0.070934,3.9752812
0.070936,3.9752812
0.070938,3.9752812
0.07094,3.9752812
0.070942,3.9752812
0.070944,3.9752812
0.070946,3.9752812
0.070948,3.9752812
0.07095,3.9752812
0.070952,3.9752812
0.070954,3.9752812
0.070956,3.9752812
0.070958,3.9752812
0.07096,3.9752812
0.070962,3.9752812
0.070964,3.9752812
0.070966,3.9752812
0.070968,3.9752812
0.07097,3.9752812
0.070972,3.9752812
0.070974,3.9752812
0.070976,3.9752812
0.070978,3.9752812
0.07098,3.9752812
0.070982,3.9752812
0.070984,3.9752812
0.070986,3.9752812
0.070988,3.9752812
0.070989996,3.9752812
0.070992,3.9752812
0.070994,3.9752812
0.070996,3.9752812
0.070998,3.9752812
0.071,3.9752812
0.071002,3.9752812
0.071004,3.9752812
0.071006,3.9752812
0.071008,3.9752812
0.07101,3.9752812
0.071012,3.9752812
0.071014,3.9752812
0.071016,3.9752812
0.071018,3.9752812
0.07102,3.9752812
0.071022,3.9752812
0.071024,3.9752812
0.071026,3.9752812
0.071028,3.9752812
0.07103,3.9752812
0.071032,3.9752812
0.071034,3.9752812
0.071036,3.9752812
0.071038,3.9752812
0.07104,3.9752812
0.071042,3.9752812
0.071044,3.9752812
0.071046,3.9752812
0.071048,3.9752812
0.07105,3.9752812
0.071052,3.9752812
0.071054,3.9752812
0.071056,3.9752812
0.071058,3.9752812
0.07106,3.9752812
0.071062,3.9752812
0.071064,3.9752812
0.071066,3.9752812
0.071068,3.9752812
0.07107,3.9752812
0.071072,3.9752812
0.071074,3.9752812
0.071076,3.9752812
0.071078,3.9752812
0.07108,3.9752812
0.071082,3.9752812
0.071084,3.9752812
0.071086,3.9752812
0.071088,3.9752812
0.07109,3.9752812
0.071092,3.9752812
0.071094,3.9752812
0.071096,3.9752812
0.071098,3.9752812
0.0711,3.9752812
0.071102,3.9752812
0.071104,3.9752812
0.071106,3.9752812
0.071108,3.9752812
0.07111,3.9752812
0.071112,3.9752812
0.071113996,3.9752812
0.071116,3.9752812
0.071118,3.9752812
0.07112,3.9752812
0.071122,3.9752812
0.071124,3.9752812
0.071126,3.9752812
0.071128,3.9752812
0.07113,3.9752812
0.071132,3.9752812
0.071134,3.9752812
0.071136,3.9752812
0.071138,3.9752812
0.07114,3.9752812
0.071142,3.9752812
0.071144,3.9752812
0.071146,3.9752812
0.071148,3.9752812
0.07115,3.9752812
0.071152,3.9752812
0.071154,3.9752812
0.071156,3.9752812
0.071158,3.9752812
0.07116,3.9752812
0.071162,3.9752812
0.071164,3.9752812
0.071166,3.9752812
0.071168,3.9752812
0.07117,3.9752812
0.071172,3.9752812
0.071174,3.9752812
0.071176,3.9752812
0.071178,3.9752812
0.07118,3.9752812
0.071182,3.9752812
0.071184,3.9752812
0.071186,3.9752812
0.071188,3.9752812
0.07119,3.9752812
0.071192,3.9752812
0.071194,3.9752812
0.071196,3.9752812
0.071198,3.9752812
0.0712,3.9752812
0.071202,3.9752812
0.071204,3.9752812
0.071206,3.9752812
0.071208,3.9752812
0.07121,3.9752812
0.071212,3.9752812
0.071214,3.9752812
0.071216,3.9752812
0.071218,3.9752812
0.07122,3.9752812
0.071222,3.9752812
0.071224,3.9752812
0.071226,3.9752812
0.071228,3.9752812
0.07123,3.9752812
0.071232,3.9752812
0.071234,3.9752812
0.071236,3.9752812
0.071237996,3.9752812
0.07124,3.9752812
0.071242,3.9752812
0.071244,3.9752812
0.071246,3.9752812
0.071248,3.9752812
0.07125,3.9752812
0.071252,3.9752812
0.071254,3.9752812
0.071256,3.9752812
0.071258,3.9752812
0.07126,3.9752812
0.071262,3.9752812
0.071264,3.9752812
0.071266,3.9752812
0.071268,3.9752812
0.07127,3.9752812
0.071272,3.9752812
0.071274,3.9752812
0.071276,3.9752812
0.071278,3.9752812
0.07128,3.9752812
0.071282,3.9752812
0.071283996,3.9752812
0.071286,3.9752812
0.071288,3.9752812
0.07129,3.9752812
0.071292,3.9752812
0.071294,3.9752812
0.071296,3.9752812
0.071298,3.9752812
0.0713,3.9752812
0.071302,3.9752812
0.071304,3.9752812
0.071306,3.9752812
0.071308,3.9752812
0.07131,3.9752812
0.071312,3.9752812
0.071314,3.9752812
0.071316,3.9752812
0.071318,3.9752812
0.07132,3.9752812
0.071322,3.9752812
0.071324,3.9752812
0.071326,3.9752812
0.071328,3.9752812
0.07133,3.9752812
0.071332,3.9752812
0.071334,3.9752812
0.071336,3.9752812
0.071338,3.9752812
0.07134,3.9752812
0.071342,3.9752812
0.071344,3.9752812
0.071346,3.9752812
0.071348,3.9752812
0.07135,3.9752812
0.071352,3.9752812
0.071354,3.9752812
0.071356,3.9752812
0.071358,3.9752812
0.07136,3.9752812
0.071361996,3.9752812
0.071364,3.9752812
0.071366,3.9752812
0.071368,3.9752812
0.07137,3.9752812
0.071372,3.9752812
0.071374,3.9752812
0.071376,3.9752812
0.071378,3.9752812
0.07138,3.9752812
0.071382,3.9752812
0.071384,3.9752812
0.071386,3.9752812
0.071388,3.9752812
0.07139,3.9752812
0.071392,3.9752812
0.071394,3.9752812
0.071396,3.9752812
0.071398,3.9752812
0.0714,3.9752812
0.071402,3.9752812
0.071404,3.9752812
0.071406,3.9752812
0.071407996,3.9752812
0.07141,3.9752812
0.071412,3.9752812
0.071414,3.9752812
0.071416,3.9752812
0.071418,3.9752812
0.07142,3.9752812
0.071422,3.9752812
0.071424,3.9752812
0.071426,3.9752812
0.071428,3.9752812
0.07143,3.9752812
0.071432,3.9752812
0.071434,3.9752812
0.071436,3.9752812
0.071438,3.9752812
0.07144,3.9752812
0.071442,3.9752812
0.071444,3.9752812
0.071446,3.9752812
0.071448,3.9752812
0.07145,3.9752812
0.071452,3.9752812
0.071454,2.7732663
0.071456,2.727035
0.071458,2.727035
0.07146,2.727035
0.071462,2.727035
0.071464,2.727035
0.071466,2.727035
0.071468,2.727035
0.07147,2.727035
0.071472,2.6808028
0.071474,2.6808028
0.071476,2.6808028
0.071478,2.6808028
0.07148,2.6808028
0.071482,2.6808028
0.071484,2.6808028
0.071485996,2.6808028
0.071488,2.6808028
0.07149,2.6808028
0.071492,2.6808028
0.071494,2.6808028
0.071496,2.6808028
0.071498,2.6808028
0.0715,2.6808028
0.071502,2.6808028
0.071504,2.6808028
0.071506,2.6808028
0.071508,2.6808028
0.07151,2.6808028
0.071512,2.6808028
0.071514,2.6808028
0.071516,2.6808028
0.071518,2.6808028
0.07152,2.6808028
0.071522,2.6808028
0.071524,2.6808028
0.071526,2.6808028
0.071528,2.6808028
0.07153,2.6808028
0.071531996,2.6808028
0.071534,2.6808028
0.071536,2.6808028
0.071538,2.6808028
0.07154,2.6808028
0.071542,2.6808028
0.071544,2.6808028
0.071546,2.6808028
0.071548,2.6808028
0.07155,2.6808028
0.071552,2.6808028
0.071554,2.6808028
0.071556,2.6808028
0.071558,2.6808028
0.07156,2.6808028
0.071562,2.6808028
0.071564,2.6808028
0.071566,2.6808028
0.071568,2.6808028
0.07157,2.6808028
0.071572,2.6808028
0.071574,2.6808028
0.071576,2.6808028
0.071578,2.6808028
0.07158,2.6808028
0.071582,2.6808028
0.071584,2.6808028
0.071586,2.6808028
0.071588,2.6808028
0.07159,2.6808028
0.071592,2.6808028
0.071594,2.6808028
0.071596,2.6808028
0.071598,2.6808028
0.0716,2.6808028
0.071602,2.6808028
0.071604,2.6808028
0.071606,2.6808028
0.071608,2.6808028
0.071609996,2.6808028
0.071612,2.6808028
0.071614,2.6808028
0.071616,2.6808028
0.071618,2.6808028
0.07162,2.6808028
0.071622,2.6808028
0.071624,2.6808028
0.071626,2.6808028
0.071628,2.6808028
0.07163,2.6808028
0.071632,2.6808028
0.071634,2.6808028
0.071636,2.6808028
0.071638,2.6808028
0.07164,2.6808028
0.071642,2.6808028
0.071644,2.6808028
0.071646,2.6808028
0.071648,2.6808028
0.07165,2.6808028
0.071652,2.6808028
0.071654,2.6808028
0.071655996,2.6808028
0.071658,2.6808028
0.07166,2.6808028
0.071662,2.6808028
0.071664,2.6808028
0.071666,2.6808028
0.071668,2.6808028
0.07167,2.6808028
0.071672,2.6808028
0.071674,2.6808028
0.071676,2.6808028
0.071678,2.6808028
0.07168,2.6808028
0.071682,2.6808028
0.071684,2.6808028
0.071686,2.6808028
0.071688,2.6808028
0.07169,2.6808028
0.071692,2.6808028
0.071694,2.6808028
0.071696,2.6808028
0.071698,2.6808028
0.0717,2.6808028
0.071702,2.6808028
0.071704,2.6808028
0.071706,2.6808028
0.071708,2.6808028
0.07171,2.6808028
0.071712,2.6808028
0.071714,2.6808028
0.071716,2.6808028
0.071718,2.6808028
0.07172,2.6808028
0.071722,2.6808028
0.071724,2.6808028
0.071726,2.6808028
0.071728,2.6808028
0.07173,2.6808028
0.071732,2.6808028
0.071733996,2.6808028
0.071736,2.6808028
0.071738,2.6808028
0.07174,2.6808028
0.071742,2.6808028
0.071744,2.6808028
0.071746,2.6808028
0.071748,2.6808028
0.07175,2.6808028
0.071752,2.6808028
0.071754,2.6808028
0.071756,2.6808028
0.071758,2.6808028
0.07176,2.6808028
0.071762,2.6808028
0.071764,2.6808028
0.071766,2.6808028
0.071768,2.6808028
0.07177,2.6808028
0.071772,2.6808028
0.071774,2.6808028
0.071776,2.6808028
0.071778,2.6808028
0.071779996,1.6174817
0.071782,1.4325566
0.071784,1.4325566
0.071786,1.4325566
0.071788,1.4325566
0.07179,1.4325566
0.071792,1.4325566
0.071794,1.4325566
0.071796,1.4325566
0.071798,1.4325566
0.0718,1.4325566
0.071802,1.4325566
0.071804,1.4325566
0.071806,1.4325566
0.071808,1.4325566
0.07181,1.3863249
0.071812,1.4325566
0.071814,1.4325566
0.071816,1.4325566
0.071818,1.4325566
0.07182,1.3863249
0.071822,1.4325566
0.071824,1.3863249
0.071826,1.3863249
0.071828,1.3863249
0.07183,1.3863249
0.071832,1.3863249
0.071834,1.3863249
0.071836,1.3863249
0.071838,1.3863249
0.07184,1.3863249
0.071842,1.3863249
0.071844,1.3863249
0.071846,1.3863249
0.071848,1.3863249
0.07185,1.3863249
0.071852,1.3863249
0.071854,1.3863249
0.071856,1.3863249
0.071858,1.3863249
0.07186,1.3863249
0.071862,1.3863249
0.071864,1.3863249
0.071866,1.3863249
0.071868,1.3863249
0.07187,1.3863249
0.071872,1.3863249
0.071874,1.3863249
0.071876,1.3863249
0.071878,1.3863249
0.07188,1.3863249
0.071882,1.3863249
0.071884,1.3863249
0.071886,1.3863249
0.071888,1.3863249
0.07189,1.3863249
0.071892,1.3863249
0.071894,1.3863249
0.071896,1.3863249
0.071898,1.3863249
0.0719,1.3863249
0.071902,1.3863249
0.071903996,1.3863249
0.071906,1.3863249
0.071908,1.3863249
0.07191,1.3863249
0.071912,1.3863249
0.071914,1.3863249
0.071916,1.3863249
0.071918,1.3863249
0.07192,1.3863249
0.071922,1.3863249
0.071924,1.3863249
0.071926,1.3863249
0.071928,1.3863249
0.07193,1.3863249
0.071932,1.3863249
0.071934,1.3863249
0.071936,1.3863249
0.071938,1.3863249
0.07194,1.3863249
0.071942,1.3863249
0.071944,1.3863249
0.071946,1.3863249
0.071948,1.3863249
0.07195,1.3863249
0.071952,1.3863249
0.071954,1.3863249
0.071956,1.3863249
0.071958,1.3863249
0.07196,1.3863249
0.071962,1.3863249
0.071964,1.3863249
0.071966,1.3863249
0.071968,1.3863249
0.07197,1.3863249
0.071972,1.3863249
0.071974,1.3863249
0.071976,1.3863249
0.071978,1.3863249
0.07198,1.3863249
0.071982,1.3863249
0.071984,1.3863249
0.071986,1.3863249
0.071988,1.3863249
0.07199,1.3863249
0.071992,1.3863249
0.071994,1.3863249
0.071996,1.3863249
0.071998,1.3863249
0.072,1.3863249
0.072002,1.3863249
0.072004,1.3863249
0.072006,1.3863249
0.072008,1.3863249
0.07201,1.3863249
0.072012,1.3863249
0.072014,1.3863249
0.072016,1.3863249
0.072018,1.3863249
0.07202,1.3863249
0.072022,1.3863249
0.072024,1.3863249
0.072026,1.3863249
0.072027996,1.3863249
0.07203,1.3863249
0.072032,1.3863249
0.072034,1.3863249
0.072036,1.3863249
0.072038,1.3863249
0.07204,1.3863249
0.072042,1.3863249
0.072044,1.3863249
0.072046,1.3863249
0.072048,1.3863249
0.07205,1.3863249
0.072052,1.3863249
0.072054,1.3863249
0.072056,1.3863249
0.072058,1.3863249
0.07206,1.3863249
0.072062,1.3863249
0.072064,1.3863249
0.072066,1.3863249
0.072068,1.3863249
0.07207,1.3863249
0.072072,1.3863249
0.072074,1.3863249
0.072076,1.3863249
0.072078,1.3863249
0.07208,1.3863249
0.072082,1.3863249
0.072084,1.3863249
0.072086,1.3863249
0.072088,1.3863249
0.07209,1.3863249
0.072092,1.3863249
0.072094,1.3863249
0.072096,1.3863249
0.072098,1.3863249
0.0721,1.3863249
0.072102,1.3863249
0.072104,1.3863249
0.072106,1.3863249
0.072108,1.3863249
0.07211,1.3863249
0.072112,1.3863249
0.072114,1.3863249
0.072116,1.3863249
0.072118,1.3863249
0.07212,1.3863249
0.072122,1.3863249
0.072124,1.3863249
0.072126,1.3863249
0.072128,1.3863249
0.07213,1.3863249
0.072132,1.3863249
0.072134,0.184309
0.072136,0.13807821
0.072138,0.13807821
0.07214,0.13807821
0.072142,0.13807821
0.072144,0.13807821
0.072146,0.13807821
0.072148,0.13807821
0.07215,0.13807821
0.072151996,0.13807821
0.072154,0.13807821
0.072156,0.091846466
0.072158,0.091846466
0.07216,0.091846466
0.072162,0.091846466
0.072164,0.091846466
0.072166,0.091846466
0.072168,0.091846466
0.07217,0.091846466
0.072172,0.091846466
0.072174,0.091846466
0.072176,0.091846466
0.072178,0.091846466
0.07218,0.091846466
0.072182,0.091846466
0.072184,0.091846466
0.072186,0.091846466
0.072188,0.091846466
0.07219,0.091846466
0.072192,0.091846466
0.072194,0.091846466
0.072196,0.091846466
0.072198,0.091846466
0.0722,0.091846466
0.072202,0.091846466
0.072204,0.091846466
0.072206,0.091846466
0.072208,0.091846466
0.07221,0.091846466
0.072212,0.091846466
0.072214,0.091846466
0.072216,0.091846466
0.072218,0.091846466
0.07222,0.091846466
0.072222,0.091846466
0.072224,0.091846466
0.072226,0.091846466
0.072228,0.091846466
0.07223,0.091846466
0.072232,0.091846466
0.072234,0.091846466
0.072236,0.091846466
0.072238,0.091846466
0.07224,0.091846466
0.072242,0.091846466
0.072244,0.091846466
0.072246,0.091846466
0.072248,0.091846466
0.07225,0.091846466
0.072252,0.091846466
0.072254,0.091846466
0.072256,0.091846466
0.072258,0.091846466
0.07226,0.091846466
0.072262,0.091846466
0.072264,0.091846466
0.072266,0.091846466
0.072268,0.091846466
0.07227,0.091846466
0.072272,0.091846466
0.072274,0.091846466
0.072275996,0.091846466
0.072278,0.091846466
0.07228,0.091846466
0.072282,0.091846466
0.072284,0.091846466
0.072286,0.091846466
0.072288,0.091846466
0.07229,0.091846466
0.072292,0.091846466
0.072294,0.091846466
0.072296,0.091846466
0.072298,0.091846466
0.0723,0.091846466
0.072302,0.091846466
0.072304,0.091846466
0.072306,0.091846466
0.072308,0.091846466
0.07231,0.091846466
0.072312,0.091846466
0.072314,0.091846466
0.072316,0.091846466
0.072318,0.091846466
0.07232,0.091846466
0.072321996,0.091846466
0.072324,0.091846466
0.072326,0.091846466
0.072328,0.091846466
0.07233,0.091846466
0.072332,0.091846466
0.072334,0.091846466
0.072336,0.091846466
0.072338,0.091846466
0.07234,0.091846466
0.072342,0.091846466
0.072344,0.091846466
0.072346,0.091846466
0.072348,0.091846466
0.07235,0.091846466
0.072352,0.091846466
0.072354,0.091846466
0.072356,0.091846466
0.072358,0.091846466
0.07236,0.091846466
0.072362,0.091846466
0.072364,0.091846466
0.072366,0.091846466
0.072368,0.091846466
0.07237,0.091846466
0.072372,0.091846466
0.072374,0.091846466
0.072376,0.091846466
0.072378,0.091846466
0.07238,0.091846466
0.072382,0.091846466
0.072384,0.091846466
0.072386,0.091846466
0.072388,0.091846466
0.07239,0.091846466
0.072392,0.091846466
0.072394,0.091846466
0.072396,0.091846466
0.072398,0.091846466
0.072399996,0.091846466
0.072402,0.091846466
0.072404,0.091846466
0.072406,0.091846466
0.072408,0.091846466
0.07241,0.091846466
0.072412,0.091846466
0.072414,0.091846466
0.072416,0.091846466
0.072418,0.091846466
0.07242,0.091846466
0.072422,0.091846466
0.072424,0.091846466
0.072426,0.091846466
0.072428,0.091846466
0.07243,0.091846466
0.072432,0.091846466
0.072434,0.091846466
0.072436,0.091846466
0.072438,0.091846466
0.07244,0.091846466
0.072442,0.091846466
0.072444,0.091846466
0.072445996,0.091846466
0.072448,0.091846466
0.07245,0.091846466
0.072452,0.091846466
0.072454,0.091846466
0.072456,0.091846466
0.072458,0.091846466
0.07246,0.091846466
0.072462,0.091846466
0.072464,0.091846466
0.072466,0.091846466
0.072468,0.091846466
0.07247,0.091846466
0.072472,0.091846466
0.072474,0.091846466
0.072476,0.091846466
0.072478,0.091846466
0.07248,0.091846466
0.072482,0.091846466
0.072484,0.091846466
0.072486,0.091846466
0.072488,0.091846466
0.07249,0.091846466
0.072492,0.091846466
0.072494,0.091846466
0.072496,0.091846466
0.072498,0.091846466
0.0725,0.091846466
0.072502,0.091846466
0.072504,0.091846466
0.072506,0.091846466
0.072508,0.091846466
0.07251,0.091846466
0.072512,0.091846466
0.072514,0.091846466
0.072516,0.091846466
0.072518,0.091846466
0.07252,0.091846466
0.072522,0.091846466
0.072523996,0.091846466
0.072526,0.091846466
0.072528,0.091846466
0.07253,0.091846466
0.072532,0.091846466
0.072534,0.091846466
0.072536,0.091846466
0.072538,0.091846466
0.07254,0.091846466
0.072542,0.091846466
0.072544,0.091846466
0.072546,0.091846466
0.072548,0.091846466
0.07255,0.091846466
0.072552,0.091846466
0.072554,0.091846466
0.072556,0.091846466
0.072558,0.091846466
0.07256,0.091846466
0.072562,0.091846466
0.072564,0.091846466
0.072566,0.091846466
0.072568,0.091846466
0.072569996,0.091846466
0.072572,0.091846466
0.072574,0.091846466
0.072576,0.091846466
0.072578,0.091846466
0.07258,0.091846466
0.072582,0.091846466
0.072584,0.091846466
0.072586,0.091846466
0.072588,0.091846466
0.07259,0.091846466
0.072592,0.091846466
0.072594,0.091846466
0.072596,0.091846466
0.072598,0.091846466
0.0726,0.091846466
0.072602,0.091846466
0.072604,0.091846466
0.072606,0.091846466
0.072608,0.091846466
0.07261,0.091846466
0.072612,0.091846466
0.072614,0.091846466
0.072616,0.091846466
0.072618,0.091846466
0.07262,0.091846466
0.072622,0.091846466
0.072624,0.091846466
0.072626,0.091846466
0.072628,0.091846466
0.07263,0.091846466
0.072632,0.091846466
0.072634,0.091846466
0.072636,0.091846466
0.072638,0.091846466
0.07264,0.091846466
0.072642,0.091846466
0.072644,0.091846466
0.072646,0.091846466
0.072647996,0.091846466
0.07265,0.091846466
0.072652,0.091846466
0.072654,0.091846466
0.072656,0.091846466
0.072658,0.091846466
0.07266,0.091846466
0.072662,0.091846466
0.072664,0.091846466
0.072666,0.091846466
0.072668,0.091846466
0.07267,0.091846466
0.072672,0.091846466
0.072674,0.091846466
0.072676,0.091846466
0.072678,0.091846466
0.07268,0.091846466
0.072682,0.091846466
0.072684,0.091846466
0.072686,0.091846466
0.072688,0.091846466
0.07269,0.091846466
0.072692,0.091846466
0.072693996,0.091846466
0.072696,0.091846466
0.072698,0.091846466
0.0727,0.091846466
0.072702,0.091846466
0.072704,0.091846466
0.072706,0.091846466
0.072708,0.091846466
0.07271,0.091846466
0.072712,0.091846466
0.072714,0.091846466
0.072716,0.091846466
0.072718,0.091846466
0.07272,0.091846466
0.072722,0.091846466
0.072724,0.091846466
0.072726,0.091846466
0.072728,0.091846466
0.07273,0.091846466
0.072732,0.091846466
0.072734,0.091846466
0.072736,0.091846466
0.072738,0.091846466
0.07274,0.091846466
0.072742,0.091846466
0.072744,0.091846466
0.072746,0.091846466
0.072748,0.091846466
0.07275,0.091846466
0.072752,0.091846466
0.072754,0.091846466
0.072756,0.091846466
0.072758,0.091846466
0.07276,0.091846466
0.072762,0.091846466
0.072764,0.091846466
0.072766,0.091846466
0.072768,0.091846466
0.07277,0.091846466
0.072771996,0.091846466
0.072774,0.091846466
0.072776,0.091846466
0.072778,0.091846466
0.07278,0.091846466
0.072782,0.091846466
0.072784,0.091846466
0.072786,0.091846466
0.072788,0.091846466
0.07279,0.091846466
0.072792,0.091846466
0.072794,0.091846466
0.072796,0.091846466
0.072798,0.091846466
0.0728,0.091846466
0.072802,0.091846466
0.072804,0.091846466
0.072806,0.091846466
0.072808,0.091846466
0.07281,0.091846466
0.072812,0.091846466
0.072814,0.091846466
0.072816,0.091846466
0.072817996,0.091846466
0.07282,0.091846466
0.072822,0.091846466
0.072824,0.091846466
0.072826,0.091846466
0.072828,0.091846466
0.07283,0.091846466
0.072832,0.091846466
0.072834,0.091846466
0.072836,0.091846466
0.072838,0.091846466
0.07284,0.091846466
0.072842,0.091846466
0.072844,0.091846466
0.072846,0.091846466
0.072848,0.091846466
0.07285,0.091846466
0.072852,0.091846466
0.072854,0.091846466
0.072856,0.091846466
0.072858,0.091846466
0.07286,0.091846466
0.072862,0.091846466
0.072864,0.091846466
0.072866,0.091846466
0.072868,0.091846466
0.07287,0.091846466
0.072872,0.091846466
0.072874,0.091846466
0.072876,0.091846466
0.072878,0.091846466
0.07288,0.091846466
0.072882,0.091846466
0.072884,0.091846466
0.072886,0.091846466
0.072888,0.091846466
0.07289,0.091846466
0.072892,0.091846466
0.072894,0.091846466
0.072895996,0.091846466
0.072898,0.091846466
0.0729,0.091846466
0.072902,0.091846466
0.072904,0.091846466
0.072906,0.091846466
0.072908,0.091846466
0.07291,0.091846466
0.072912,0.091846466
0.072914,0.091846466
0.072916,0.091846466
0.072918,0.091846466
0.07292,0.091846466
0.072922,0.091846466
0.072924,0.091846466
0.072926,0.091846466
0.072928,0.091846466
0.07293,0.091846466
0.072932,0.091846466
0.072934,0.091846466
0.072936,0.091846466
0.072938,0.091846466
0.07294,0.091846466
0.072941996,0.091846466
0.072944,0.091846466
0.072946,0.091846466
0.072948,0.091846466
0.07295,0.091846466
0.072952,0.091846466
0.072954,0.091846466
0.072956,0.091846466
0.072958,0.091846466
0.07296,0.091846466
0.072962,0.091846466
0.072964,0.091846466
0.072966,0.091846466
0.072968,0.091846466
0.07297,0.091846466
0.072972,0.091846466
0.072974,0.091846466
0.072976,0.091846466
0.072978,1.2938623
0.07298,1.3400936
0.072982,1.3400936
0.072984,1.3863249
0.072986,1.3863249
0.072988,1.3863249
0.07299,1.3863249
0.072992,1.3863249
0.072994,1.3863249
0.072996,1.3863249
0.072998,1.3863249
0.073,1.3863249
0.073002,1.3863249
0.073004,1.3863249
0.073006,1.3863249
0.073008,1.3863249
0.07301,1.3863249
0.073012,1.3863249
0.073014,1.3863249
0.073016,1.3863249
0.073018,1.3863249
0.07302,1.3863249
0.073022,1.3863249
0.073024,1.3863249
0.073026,1.3863249
0.073028,1.3863249
0.07303,1.3863249
0.073032,1.3863249
0.073034,1.3863249
0.073036,1.3863249
0.073038,1.3863249
0.07304,1.3863249
0.073042,1.3863249
0.073044,1.3863249
0.073046,1.3863249
0.073048,1.3863249
0.07305,1.3863249
0.073052,1.3863249
0.073054,1.3863249
0.073056,1.3863249
0.073058,1.3863249
0.07306,1.3863249
0.073062,1.3863249
0.073064,1.3863249
0.073065996,1.3863249
0.073068,1.3863249
0.07307,1.3863249
0.073072,1.3863249
0.073074,1.3863249
0.073076,1.3863249
0.073078,1.3863249
0.07308,1.3863249
0.073082,1.3863249
0.073084,1.3863249
0.073086,1.3863249
0.073088,1.3863249
0.07309,1.3863249
0.073092,1.3863249
0.073094,1.3863249
0.073096,1.3863249
0.073098,1.3863249
0.0731,1.3863249
0.073102,1.3863249
0.073104,1.3863249
0.073106,1.3863249
0.073108,1.3863249
0.07311,1.3863249
0.073112,1.3863249
0.073114,1.3863249
0.073116,1.3863249
0.073118,1.3863249
0.07312,1.3863249
0.073122,1.3863249
0.073124,1.3863249
0.073126,1.3863249
0.073128,1.3863249
0.07313,1.3863249
0.073132,1.3863249
0.073134,1.3863249
0.073136,1.3863249
0.073138,1.3863249
0.07314,1.3863249
0.073142,1.3863249
0.073144,1.3863249
0.073146,1.3863249
0.073148,1.3863249
0.07315,1.3863249
0.073152,1.3863249
0.073154,1.3863249
0.073156,1.3863249
0.073158,1.3863249
0.07316,1.3863249
0.073162,1.3863249
0.073164,1.3863249
0.073166,1.3863249
0.073168,1.3863249
0.07317,1.3863249
0.073172,1.3863249
0.073174,1.3863249
0.073176,1.3863249
0.073178,1.3863249
0.07318,1.3863249
0.073182,1.3863249
0.073184,1.3863249
0.073186,1.3863249
0.073188,1.3863249
0.073189996,1.3863249
0.073192,1.3863249
0.073194,1.3863249
0.073196,1.3863249
0.073198,1.3863249
0.0732,1.3863249
0.073202,1.3863249
0.073204,1.3863249
0.073206,1.3863249
0.073208,1.3863249
0.07321,1.3863249
0.073212,1.3863249
0.073214,1.3863249
0.073216,1.3863249
0.073218,1.3863249
0.07322,1.3863249
0.073222,1.3863249
0.073224,1.3863249
0.073226,1.3863249
0.073228,1.3863249
0.07323,1.3863249
0.073232,1.3863249
0.073234,1.3863249
0.073236,1.3863249
0.073238,1.3863249
0.07324,1.3863249
0.073242,1.3863249
0.073244,1.3863249
0.073246,1.3863249
0.073248,1.3863249
0.07325,1.3863249
0.073252,1.3863249
0.073254,1.3863249
0.073256,1.3863249
0.073258,1.3863249
0.07326,1.3863249
0.073262,1.3863249
0.073264,1.3863249
0.073266,1.3863249
0.073268,1.3863249
0.07327,1.3863249
0.073272,1.3863249
0.073274,1.3863249
0.073276,1.3863249
0.073278,1.3863249
0.07328,1.3863249
0.073282,1.3863249
0.073284,1.3863249
0.073286,1.3863249
0.073288,1.3863249
0.07329,1.3863249
0.073292,1.3863249
0.073294,1.3863249
0.073296,1.3863249
0.073298,1.3863249
0.0733,1.3863249
0.073302,1.3863249
0.073304,1.3863249
0.073306,1.3863249
0.073308,1.3863249
0.07331,1.3863249
0.073312,1.3863249
0.073313996,1.3863249
0.073316,1.3863249
0.073318,1.3863249
0.07332,1.3863249
0.073322,1.3863249
0.073324,1.3863249
0.073326,1.3863249
0.073328,1.3863249
0.07333,1.5250192
0.073332,2.6345725
0.073334,2.6345725
0.073336,2.6345725
0.073338,2.6345725
0.07334,2.6345725
0.073342,2.6345725
0.073344,2.6345725
0.073346,2.6345725
0.073348,2.6808028
0.07335,2.6808028
0.073352,2.6808028
0.073354,2.6808028
0.073356,2.6808028
0.073358,2.6808028
0.07336,2.6808028
0.073362,2.6808028
0.073364,2.6808028
0.073366,2.6808028
0.073368,2.6808028
0.07337,2.6808028
0.073372,2.6808028
0.073374,2.6808028
0.073376,2.6808028
0.073378,2.6808028
0.07338,2.6808028
0.073382,2.6808028
0.073384,2.6808028
0.073386,2.6808028
0.073388,2.6808028
0.07339,2.6808028
0.073392,2.6808028
0.073394,2.6808028
0.073396,2.6808028
0.073398,2.6808028
0.0734,2.6808028
0.073402,2.6808028
0.073404,2.6808028
0.073406,2.6808028
0.073408,2.6808028
0.07341,2.6808028
0.073412,2.6808028
0.073414,2.6808028
0.073416,2.6808028
0.073418,2.6808028
0.07342,2.6808028
0.073422,2.6808028
0.073424,2.6808028
0.073426,2.6808028
0.073428,2.6808028
0.07343,2.6808028
0.073432,2.6808028
0.073434,2.6808028
0.073436,2.6808028
0.073437996,2.6808028
0.07344,2.6808028
0.073442,2.6808028
0.073444,2.6808028
0.073446,2.6808028
0.073448,2.6808028
0.07345,2.6808028
0.073452,2.6808028
0.073454,2.6808028
0.073456,2.6808028
0.073458,2.6808028
0.07346,2.6808028
0.073462,2.6808028
0.073464,2.6808028
0.073466,2.6808028
0.073468,2.6808028
0.07347,2.6808028
0.073472,2.6808028
0.073474,2.6808028
0.073476,2.6808028
0.073478,2.6808028
0.07348,2.6808028
0.073482,2.6808028
0.073483996,2.6808028
0.073486,2.6808028
0.073488,2.6808028
0.07349,2.6808028
0.073492,2.6808028
0.073494,2.6808028
0.073496,2.6808028
0.073498,2.6808028
0.0735,2.6808028
0.073502,2.6808028
0.073504,2.6808028
0.073506,2.6808028
0.073508,2.6808028
0.07351,2.6808028
0.073512,2.6808028
0.073514,2.6808028
0.073516,2.6808028
0.073518,2.6808028
0.07352,2.6808028
0.073522,2.6808028
0.073524,2.6808028
0.073526,2.6808028
0.073528,2.6808028
0.07353,2.6808028
0.073532,2.6808028
0.073534,2.6808028
0.073536,2.6808028
0.073538,2.6808028
0.07354,2.6808028
0.073542,2.6808028
0.073544,2.6808028
0.073546,2.6808028
0.073548,2.6808028
0.07355,2.6808028
0.073552,2.6808028
0.073554,2.6808028
0.073556,2.6808028
0.073558,2.6808028
0.07356,2.6808028
0.073561996,2.6808028
0.073564,2.6808028
0.073566,2.6808028
0.073568,2.6808028
0.07357,2.6808028
0.073572,2.6808028
0.073574,2.6808028
0.073576,2.6808028
0.073578,2.6808028
0.07358,2.6808028
0.073582,2.6808028
0.073584,2.6808028
0.073586,2.6808028
0.073588,2.6808028
0.07359,2.6808028
0.073592,2.6808028
0.073594,2.6808028
0.073596,2.6808028
0.073598,2.6808028
0.0736,2.6808028
0.073602,2.6808028
0.073604,2.6808028
0.073606,2.6808028
0.073607996,2.6808028
0.07361,2.6808028
0.073612,2.6808028
0.073614,2.6808028
0.073616,2.6808028
0.073618,2.6808028
0.07362,2.6808028
0.073622,2.6808028
0.073624,2.6808028
0.073626,2.6808028
0.073628,2.6808028
0.07363,2.6808028
0.073632,2.6808028
0.073634,2.6808028
0.073636,2.6808028
0.073638,2.6808028
0.07364,2.6808028
0.073642,2.6808028
0.073644,2.6808028
0.073646,2.6808028
0.073648,2.6808028
0.07365,2.6808028
0.073652,2.6808028
0.073654,2.6808028
0.073656,2.6808028
0.073658,3.8365874
0.07366,3.92905
0.073662,3.92905
0.073664,3.9752812
0.073666,3.92905
0.073668,3.9752812
0.07367,3.9752812
0.073672,3.9752812
0.073674,3.9752812
0.073676,3.9752812
0.073678,3.9752812
0.07368,3.9752812
0.073682,3.9752812
0.073684,3.9752812
0.073685996,3.9752812
0.073688,3.9752812
0.07369,3.9752812
0.073692,3.9752812
0.073694,3.9752812
0.073696,3.9752812
0.073698,3.9752812
0.0737,3.9752812
0.073702,3.9752812
0.073704,3.9752812
0.073706,3.9752812
0.073708,3.9752812
0.07371,3.9752812
0.073712,3.9752812
0.073714,3.9752812
0.073716,3.9752812
0.073718,3.9752812
0.07372,3.9752812
0.073722,3.9752812
0.073724,3.9752812
0.073726,3.9752812
0.073728,3.9752812
0.07373,3.9752812
0.073731996,3.9752812
0.073734,3.9752812
0.073736,3.9752812
0.073738,3.9752812
0.07374,3.9752812
0.073742,3.9752812
0.073744,3.9752812
0.073746,3.9752812
0.073748,3.9752812
0.07375,3.9752812
0.073752,3.9752812
0.073754,3.9752812
0.073756,3.9752812
0.073758,3.9752812
0.07376,3.9752812
0.073762,3.9752812
0.073764,3.9752812
0.073766,3.9752812
0.073768,3.9752812
0.07377,3.9752812
0.073772,3.9752812
0.073774,3.9752812
0.073776,3.9752812
0.073778,3.9752812
0.07378,3.9752812
0.073782,3.9752812
0.073784,3.9752812
0.073786,3.9752812
0.073788,3.9752812
0.07379,3.9752812
0.073792,3.9752812
0.073794,3.9752812
0.073796,3.9752812
0.073798,3.9752812
0.0738,3.9752812
0.073802,3.9752812
0.073804,3.9752812
0.073806,3.9752812
0.073808,3.9752812
0.073809996,3.9752812
0.073812,3.9752812
0.073814,3.9752812
0.073816,3.9752812
0.073818,3.9752812
0.07382,3.9752812
0.073822,3.9752812
0.073824,3.9752812
0.073826,3.9752812
0.073828,3.9752812
0.07383,3.9752812
0.073832,3.9752812
0.073834,3.9752812
0.073836,3.9752812
0.073838,3.9752812
0.07384,3.9752812
0.073842,3.9752812
0.073844,3.9752812
0.073846,3.9752812
0.073848,3.9752812
0.07385,3.9752812
0.073852,3.9752812
0.073854,3.9752812
0.073855996,3.9752812
0.073858,3.9752812
0.07386,3.9752812
0.073862,3.9752812
0.073864,3.9752812
0.073866,3.9752812
0.073868,3.9752812
0.07387,3.9752812
0.073872,3.9752812
0.073874,3.9752812
0.073876,3.9752812
0.073878,3.9752812
0.07388,3.9752812
0.073882,3.9752812
0.073884,3.9752812
0.073886,3.9752812
0.073888,3.9752812
0.07389,3.9752812
0.073892,3.9752812
0.073894,3.9752812
0.073896,3.9752812
0.073898,3.9752812
0.0739,3.9752812
0.073902,3.9752812
0.073904,3.9752812
0.073906,3.9752812
0.073908,3.9752812
0.07391,3.9752812
0.073912,3.9752812
0.073914,3.9752812
0.073916,3.9752812
0.073918,3.9752812
0.07392,3.9752812
0.073922,3.9752812
0.073924,3.9752812
0.073926,3.9752812
0.073928,3.9752812
0.07393,3.9752812
0.073932,3.9752812
0.073933996,3.9752812
0.073936,3.9752812
0.073938,3.9752812
0.07394,3.9752812
0.073942,3.9752812
0.073944,3.9752812
0.073946,3.9752812
0.073948,3.9752812
0.07395,3.9752812
0.073952,3.9752812
0.073954,3.9752812
0.073956,3.9752812
0.073958,3.9752812
0.07396,3.9752812
0.073962,3.9752812
0.073964,3.9752812
0.073966,3.9752812
0.073968,3.9752812
0.07397,3.9752812
0.073972,3.9752812
0.073974,3.9752812
0.073976,3.9752812
0.073978,3.9752812
0.073979996,3.9752812
0.073982,3.9752812
0.073984,3.9752812
0.073986,3.9752812
0.073988,3.9752812
0.07399,3.9752812
0.073992,3.9752812
0.073994,3.9752812
0.073996,3.9752812
0.073998,3.9752812
0.074,3.9752812
0.074002,3.9752812
0.074004,3.9752812
0.074006,3.9752812
0.074008,3.9752812
0.07401,3.9752812
0.074012,3.9752812
0.074014,3.9752812
0.074016,3.9752812
0.074018,3.9752812
0.07402,3.9752812
0.074022,3.9752812
0.074024,3.9752812
0.074026,3.9752812
0.074028,3.9752812
0.07403,3.9752812
0.074032,3.9752812
0.074034,3.9752812
0.074036,3.9752812
0.074038,3.9752812
0.07404,3.9752812
0.074042,3.9752812
0.074044,3.9752812
0.074046,3.9752812
0.074048,3.9752812
0.07405,3.9752812
0.074052,3.9752812
0.074054,3.9752812
0.074056,3.9752812
0.074057996,3.9752812
0.07406,3.9752812
0.074062,3.9752812
0.074064,3.9752812
0.074066,3.9752812
0.074068,3.9752812
0.07407,3.9752812
0.074072,3.9752812
0.074074,3.9752812
0.074076,3.9752812
0.074078,3.9752812
0.07408,3.9752812
0.074082,3.9752812
0.074084,3.9752812
0.074086,3.9752812
0.074088,3.9752812
0.07409,3.9752812
0.074092,3.9752812
0.074094,3.9752812
0.074096,3.9752812
0.074098,3.9752812
0.0741,3.9752812
0.074102,3.9752812
0.074103996,3.9752812
0.074106,3.9752812
0.074108,3.9752812
0.07411,3.9752812
0.074112,3.9752812
0.074114,3.9752812
0.074116,3.9752812
0.074118,3.9752812
0.07412,3.9752812
0.074122,3.9752812
0.074124,3.9752812
0.074126,3.9752812
0.074128,3.9752812
0.07413,3.9752812
0.074132,3.9752812
0.074134,3.9752812
0.074136,3.9752812
0.074138,3.9752812
0.07414,3.9752812
0.074142,3.9752812
0.074144,3.9752812
0.074146,3.9752812
0.074148,3.9752812
0.07415,3.9752812
0.074152,3.9752812
0.074154,3.9752812
0.074156,3.9752812
0.074158,3.9752812
0.07416,3.9752812
0.074162,3.9752812
0.074164,3.9752812
0.074166,3.9752812
0.074168,3.9752812
0.07417,3.9752812
0.074172,3.9752812
0.074174,3.9752812
0.074176,3.9752812
0.074178,3.9752812
0.07418,3.9752812
0.074182,3.9752812
0.074184,3.9752812
0.074186,3.9752812
0.074188,3.9752812
0.07419,3.9752812
0.074192,3.9752812
0.074194,3.9752812
0.074196,3.9752812
0.074198,3.9752812
0.0742,3.9752812
0.074202,3.9752812
0.074204,3.9752812
0.074206,3.9752812
0.074208,3.9752812
0.07421,3.9752812
0.074212,3.9752812
0.074214,3.9752812
0.074216,3.9752812
0.074218,3.9752812
0.07422,3.9752812
0.074222,3.9752812
0.074224,3.9752812
0.074226,3.9752812
0.074227996,3.9752812
0.07423,3.9752812
0.074232,3.9752812
0.074234,3.9752812
0.074236,3.9752812
0.074238,3.9752812
0.07424,3.9752812
0.074242,3.9752812
0.074244,3.9752812
0.074246,3.9752812
0.074248,3.9752812
0.07425,3.9752812
0.074252,3.9752812
0.074254,3.9752812
0.074256,3.9752812
0.074258,3.9752812
0.07426,3.9752812
0.074262,3.9752812
0.074264,3.9752812
0.074266,3.9752812
0.074268,3.9752812
0.07427,3.9752812
0.074272,3.9752812
0.074274,3.9752812
0.074276,3.9752812
0.074278,3.9752812
0.07428,3.9752812
0.074282,3.9752812
0.074284,3.9752812
0.074286,3.9752812
0.074288,3.9752812
0.07429,3.9752812
0.074292,3.9752812
0.074294,3.9752812
0.074296,3.9752812
0.074298,3.9752812
0.0743,3.9752812
0.074302,3.9752812
0.074304,3.9752812
0.074306,3.9752812
0.074308,3.9752812
0.07431,3.9752812
0.074312,3.9752812
0.074314,3.9752812
0.074316,3.9752812
0.074318,3.9752812
0.07432,3.9752812
0.074322,3.9752812
0.074324,3.9752812
0.074326,3.9752812
0.074328,3.9752812
0.07433,3.9752812
0.074332,3.9752812
0.074334,3.9752812
0.074336,3.9752812
0.074338,3.9752812
0.07434,3.9752812
0.074342,3.9752812
0.074344,3.9752812
0.074346,3.9752812
0.074348,3.9752812
0.07435,3.9752812
0.074351996,3.9752812
0.074354,3.9752812
0.074356,3.9752812
0.074358,3.9752812
0.07436,3.9752812
0.074362,3.9752812
0.074364,3.9752812
0.074366,3.9752812
0.074368,3.9752812
0.07437,3.9752812
0.074372,3.9752812
0.074374,3.9752812
0.074376,3.9752812
0.074378,3.9752812
0.07438,3.9752812
0.074382,3.9752812
0.074384,3.9752812
0.074386,3.9752812
0.074388,3.9752812
0.07439,3.9752812
0.074392,3.9752812
0.074394,3.9752812
0.074396,3.9752812
0.074398,3.9752812
0.0744,3.9752812
0.074402,3.9752812
0.074404,3.9752812
0.074406,3.9752812
0.074408,3.9752812
0.07441,3.9752812
0.074412,3.9752812
0.074414,3.9752812
0.074416,3.9752812
0.074418,3.9752812
0.07442,3.9752812
0.074422,3.9752812
0.074424,3.9752812
0.074426,3.9752812
0.074428,3.9752812
0.07443,3.9752812
0.074432,3.9752812
0.074434,3.9752812
0.074436,3.9752812
0.074438,3.9752812
0.07444,3.9752812
0.074442,3.9752812
0.074444,3.9752812
0.074446,3.9752812
0.074448,3.9752812
0.07445,3.9752812
0.074452,3.9752812
0.074454,3.9752812
0.074456,3.9752812
0.074458,3.9752812
0.07446,3.9752812
0.074462,3.9752812
0.074464,3.9752812
0.074466,3.9752812
0.074468,3.9752812
0.07447,3.9752812
0.074472,3.9752812
0.074474,3.9752812
0.074475996,3.9752812
0.074478,3.9752812
0.07448,3.9752812
0.074482,3.9752812
0.074484,3.9752812
0.074486,3.9752812
0.074488,3.9752812
0.07449,3.9752812
0.074492,3.9752812
0.074494,3.9752812
0.074496,3.9752812
0.074498,3.9752812
0.0745,3.9752812
0.074502,3.9752812
0.074504,3.9752812
0.074506,3.9752812
0.074508,3.9752812
0.07451,3.9752812
0.074512,3.9752812
0.074514,3.9752812
0.074516,3.9752812
0.074518,3.9752812
0.07452,3.9752812
0.074522,3.9752812
0.074524,3.9752812
0.074526,3.9752812
0.074528,3.9752812
0.07453,3.9752812
0.074532,3.9752812
0.074534,3.9752812
0.074536,3.9752812
0.074538,3.9752812
0.07454,3.9752812
0.074542,3.9752812
0.074544,3.9752812
0.074546,3.9752812
0.074548,3.9752812
0.07455,3.9752812
0.074552,3.9752812
0.074554,3.9752812
0.074556,3.9752812
0.074558,3.9752812
0.07456,3.9752812
0.074562,3.9752812
0.074564,3.9752812
0.074566,3.9752812
0.074568,3.9752812
0.07457,3.9752812
0.074572,3.9752812
0.074574,3.9752812
0.074576,3.9752812
0.074578,3.9752812
0.07458,3.9752812
0.074582,3.9752812
0.074584,3.9752812
0.074586,3.9752812
0.074588,3.9752812
0.07459,3.9752812
0.074592,3.9752812
0.074594,3.9752812
0.074596,3.9752812
0.074598,3.9752812
0.074599996,3.9752812
0.074602,3.9752812
0.074604,3.9752812
0.074606,3.9752812
0.074608,3.9752812
0.07461,3.9752812
0.074612,3.9752812
0.074614,3.9752812
0.074616,3.9752812
0.074618,3.9752812
0.07462,3.9752812
0.074622,3.9752812
0.074624,3.9752812
0.074626,3.9752812
0.074628,3.9752812
0.07463,3.9752812
0.074632,3.9752812
0.074634,3.9752812
0.074636,3.9752812
0.074638,3.9752812
0.07464,3.9752812
0.074642,3.9752812
0.074644,3.9752812
0.074645996,3.9752812
0.074648,3.9752812
0.07465,3.9752812
0.074652,3.9752812
0.074654,3.9752812
0.074656,3.9752812
0.074658,3.9752812
0.07466,3.9752812
0.074662,3.9752812
0.074664,3.9752812
0.074666,3.9752812
0.074668,3.9752812
0.07467,3.9752812
0.074672,3.9752812
0.074674,3.9752812
0.074676,3.9752812
0.074678,3.9752812
0.07468,3.9752812
0.074682,3.9752812
0.074684,3.9752812
0.074686,3.9752812
0.074688,3.9752812
0.07469,3.9752812
0.074692,3.9752812
0.074694,3.9752812
0.074696,3.9752812
0.074698,3.9752812
0.0747,3.9752812
0.074702,3.9752812
0.074704,3.9752812
0.074706,3.9752812
0.074708,3.9752812
0.07471,3.9752812
0.074712,3.9752812
0.074714,3.9752812
0.074716,3.9752812
0.074718,3.9752812
0.07472,3.9752812
0.074722,3.9752812
0.074723996,3.9752812
0.074726,3.9752812
0.074728,3.9752812
0.07473,3.9752812
0.074732,3.9752812
0.074734,3.9752812
0.074736,3.9752812
0.074738,3.9752812
0.07474,3.9752812
0.074742,3.9752812
0.074744,3.9752812
0.074746,3.9752812
0.074748,3.9752812
0.07475,3.9752812
0.074752,3.9752812
0.074754,3.9752812
0.074756,3.9752812
0.074758,3.9752812
0.07476,3.9752812
0.074762,3.9752812
0.074764,3.9752812
0.074766,3.9752812
0.074768,3.9752812
0.074769996,3.9752812
0.074772,3.9752812
0.074774,3.9752812
0.074776,3.9752812
0.074778,3.9752812
0.07478,3.9752812
0.074782,3.9752812
0.074784,3.9752812
0.074786,3.9752812
0.074788,3.9752812
0.07479,3.9752812
0.074792,3.9752812
0.074794,3.9752812
0.074796,3.9752812
0.074798,3.9752812
0.0748,3.3280425
0.074802,2.727035
0.074804,2.727035
0.074806,2.727035
0.074808,2.727035
0.07481,2.727035
0.074812,2.727035
0.074814,2.727035
0.074816,2.727035
0.074818,2.6808028
0.07482,2.6808028
0.074822,2.6808028
0.074824,2.6808028
0.074826,2.6808028
0.074828,2.6808028
0.07483,2.6808028
0.074832,2.6808028
0.074834,2.6808028
0.074836,2.6808028
0.074838,2.6808028
0.07484,2.6808028
0.074842,2.6808028
0.074844,2.6808028
0.074846,2.6808028
0.074847996,2.6808028
0.07485,2.6808028
0.074852,2.6808028
0.074854,2.6808028
0.074856,2.6808028
0.074858,2.6808028
0.07486,2.6808028
0.074862,2.6808028
0.074864,2.6808028
0.074866,2.6808028
0.074868,2.6808028
0.07487,2.6808028
0.074872,2.6808028
0.074874,2.6808028
0.074876,2.6808028
0.074878,2.6808028
0.07488,2.6808028
0.074882,2.6808028
0.074884,2.6808028
0.074886,2.6808028
0.074888,2.6808028
0.07489,2.6808028
0.074892,2.6808028
0.074893996,2.6808028
0.074896,2.6808028
0.074898,2.6808028
0.0749,2.6808028
0.074902,2.6808028
0.074904,2.6808028
0.074906,2.6808028
0.074908,2.6808028
0.07491,2.6808028
0.074912,2.6808028
0.074914,2.6808028
0.074916,2.6808028
0.074918,2.6808028
0.07492,2.6808028
0.074922,2.6808028
0.074924,2.6808028
0.074926,2.6808028
0.074928,2.6808028
0.07493,2.6808028
0.074932,2.6808028
0.074934,2.6808028
0.074936,2.6808028
0.074938,2.6808028
0.07494,2.6808028
0.074942,2.6808028
0.074944,2.6808028
0.074946,2.6808028
0.074948,2.6808028
0.07495,2.6808028
0.074952,2.6808028
0.074954,2.6808028
0.074956,2.6808028
0.074958,2.6808028
0.07496,2.6808028
0.074962,2.6808028
0.074964,2.6808028
0.074966,2.6808028
0.074968,2.6808028
0.07497,2.6808028
0.074971996,2.6808028
0.074974,2.6808028
0.074976,2.6808028
0.074978,2.6808028
0.07498,2.6808028
0.074982,2.6808028
0.074984,2.6808028
0.074986,2.6808028
0.074988,2.6808028
0.07499,2.6808028
0.074992,2.6808028
0.074994,2.6808028
0.074996,2.6808028
0.074998,2.6808028
0.075,2.6808028
0.075002,2.6808028
0.075004,2.6808028
0.075006,2.6808028
0.075008,2.6808028
0.07501,2.6808028
0.075012,2.6808028
0.075014,2.6808028
0.075016,2.6808028
0.075017996,2.6808028
0.07502,2.6808028
0.075022,2.6808028
0.075024,2.6808028
0.075026,2.6808028
0.075028,2.6808028
0.07503,2.6808028
0.075032,2.6808028
0.075034,2.6808028
0.075036,2.6808028
0.075038,2.6808028
0.07504,2.6808028
0.075042,2.6808028
0.075044,2.6808028
0.075046,2.6808028
0.075048,2.6808028
0.07505,2.6808028
0.075052,2.6808028
0.075054,2.6808028
0.075056,2.6808028
0.075058,2.6808028
0.07506,2.6808028
0.075062,2.6808028
0.075064,2.6808028
0.075066,2.6808028
0.075068,2.6808028
0.07507,2.6808028
0.075072,2.6808028
0.075074,2.6808028
0.075076,2.6808028
0.075078,2.6808028
0.07508,2.6808028
0.075082,2.6808028
0.075084,2.6808028
0.075086,2.6808028
0.075088,2.6808028
0.07509,2.6808028
0.075092,2.6808028
0.075094,2.6808028
0.075095996,2.6808028
0.075098,2.6808028
0.0751,2.6808028
0.075102,2.6808028
0.075104,2.6808028
0.075106,2.6808028
0.075108,2.6808028
0.07511,2.6808028
0.075112,2.6808028
0.075114,2.6808028
0.075116,2.6808028
0.075118,2.6808028
0.07512,2.6808028
0.075122,2.6808028
0.075124,2.6808028
0.075126,2.6808028
0.075128,1.4325566
0.07513,1.4325566
0.075132,1.4325566
0.075134,1.4325566
0.075136,1.4325566
0.075138,1.4325566
0.07514,1.4325566
0.075141996,1.4325566
0.075144,1.4325566
0.075146,1.4325566
0.075148,1.4325566
0.07515,1.4325566
0.075152,1.4325566
0.075154,1.4325566
0.075156,1.4325566
0.075158,1.4325566
0.07516,1.3863249
0.075162,1.4325566
0.075164,1.3863249
0.075166,1.3863249
0.075168,1.3863249
0.07517,1.3863249
0.075172,1.3863249
0.075174,1.3863249
0.075176,1.3863249
0.075178,1.3863249
0.07518,1.3863249
0.075182,1.3863249
0.075184,1.3863249
0.075186,1.3863249
0.075188,1.3863249
0.07519,1.3863249
0.075192,1.3863249
0.075194,1.3863249
0.075196,1.3863249
0.075198,1.3863249
0.0752,1.3863249
0.075202,1.3863249
0.075204,1.3863249
0.075206,1.3863249
0.075208,1.3863249
0.07521,1.3863249
0.075212,1.3863249
0.075214,1.3863249
0.075216,1.3863249
0.075218,1.3863249
0.075219996,1.3863249
0.075222,1.3863249
0.075224,1.3863249
0.075226,1.3863249
0.075228,1.3863249
0.07523,1.3863249
0.075232,1.3863249
0.075234,1.3863249
0.075236,1.3863249
0.075238,1.3863249
0.07524,1.3863249
0.075242,1.3863249
0.075244,1.3863249
0.075246,1.3863249
0.075248,1.3863249
0.07525,1.3863249
0.075252,1.3863249
0.075254,1.3863249
0.075256,1.3863249
0.075258,1.3863249
0.07526,1.3863249
0.075262,1.3863249
0.075264,1.3863249
0.075265996,1.3863249
0.075268,1.3863249
0.07527,1.3863249
0.075272,1.3863249
0.075274,1.3863249
0.075276,1.3863249
0.075278,1.3863249
0.07528,1.3863249
0.075282,1.3863249
0.075284,1.3863249
0.075286,1.3863249
0.075288,1.3863249
0.07529,1.3863249
0.075292,1.3863249
0.075294,1.3863249
0.075296,1.3863249
0.075298,1.3863249
0.0753,1.3863249
0.075302,1.3863249
0.075304,1.3863249
0.075306,1.3863249
0.075308,1.3863249
0.07531,1.3863249
0.075312,1.3863249
0.075314,1.3863249
0.075316,1.3863249
0.075318,1.3863249
0.07532,1.3863249
0.075322,1.3863249
0.075324,1.3863249
0.075326,1.3863249
0.075328,1.3863249
0.07533,1.3863249
0.075332,1.3863249
0.075334,1.3863249
0.075336,1.3863249
0.075338,1.3863249
0.07534,1.3863249
0.075342,1.3863249
0.075344,1.3863249
0.075346,1.3863249
0.075348,1.3863249
0.07535,1.3863249
0.075352,1.3863249
0.075354,1.3863249
0.075356,1.3863249
0.075358,1.3863249
0.07536,1.3863249
0.075362,1.3863249
0.075364,1.3863249
0.075366,1.3863249
0.075368,1.3863249
0.07537,1.3863249
0.075372,1.3863249
0.075374,1.3863249
0.075376,1.3863249
0.075378,1.3863249
0.07538,1.3863249
0.075382,1.3863249
0.075384,1.3863249
0.075386,1.3863249
0.075388,1.3863249
0.075389996,1.3863249
0.075392,1.3863249
0.075394,1.3863249
0.075396,1.3863249
0.075398,1.3863249
0.0754,1.3863249
0.075402,1.3863249
0.075404,1.3863249
0.075406,1.3863249
0.075408,1.3863249
0.07541,1.3863249
0.075412,1.3863249
0.075414,1.3863249
0.075416,1.3863249
0.075418,1.3863249
0.07542,1.3863249
0.075422,1.3863249
0.075424,1.3863249
0.075426,1.3863249
0.075428,1.3863249
0.07543,1.3863249
0.075432,1.3863249
0.075434,1.3863249
0.075436,1.3863249
0.075438,1.3863249
0.07544,1.3863249
0.075442,1.3863249
0.075444,1.3863249
0.075446,1.3863249
0.075448,1.3863249
0.07545,1.3863249
0.075452,1.3863249
0.075454,1.3863249
0.075456,1.3863249
0.075458,1.3863249
0.07546,1.3863249
0.075462,1.3863249
0.075464,1.3863249
0.075466,1.3863249
0.075468,1.3863249
0.07547,1.3863249
0.075472,1.3863249
0.075474,1.3863249
0.075476,1.3863249
0.075478,1.3863249
0.07548,0.970243
0.075482,0.184309
0.075484,0.13807821
0.075486,0.13807821
0.075488,0.13807821
0.07549,0.13807821
0.075492,0.13807821
0.075494,0.13807821
0.075496,0.13807821
0.075498,0.13807821
0.0755,0.13807821
0.075502,0.13807821
0.075504,0.091846466
0.075506,0.091846466
0.075508,0.091846466
0.07551,0.091846466
0.075512,0.091846466
0.075513996,0.091846466
0.075516,0.091846466
0.075518,0.091846466
0.07552,0.091846466
0.075522,0.091846466
0.075524,0.091846466
0.075526,0.091846466
0.075528,0.091846466
0.07553,0.091846466
0.075532,0.091846466
0.075534,0.091846466
0.075536,0.091846466
0.075538,0.091846466
0.07554,0.091846466
0.075542,0.091846466
0.075544,0.091846466
0.075546,0.091846466
0.075548,0.091846466
0.07555,0.091846466
0.075552,0.091846466
0.075554,0.091846466
0.075556,0.091846466
0.075558,0.091846466
0.07556,0.091846466
0.075562,0.091846466
0.075564,0.091846466
0.075566,0.091846466
0.075568,0.091846466
0.07557,0.091846466
0.075572,0.091846466
0.075574,0.091846466
0.075576,0.091846466
0.075578,0.091846466
0.07558,0.091846466
0.075582,0.091846466
0.075584,0.091846466
0.075586,0.091846466
0.075588,0.091846466
0.07559,0.091846466
0.075592,0.091846466
0.075594,0.091846466
0.075596,0.091846466
0.075598,0.091846466
0.0756,0.091846466
0.075602,0.091846466
0.075604,0.091846466
0.075606,0.091846466
0.075608,0.091846466
0.07561,0.091846466
0.075612,0.091846466
0.075614,0.091846466
0.075616,0.091846466
0.075618,0.091846466
0.07562,0.091846466
0.075622,0.091846466
0.075624,0.091846466
0.075626,0.091846466
0.075628,0.091846466
0.07563,0.091846466
0.075632,0.091846466
0.075634,0.091846466
0.075636,0.091846466
0.075637996,0.091846466
0.07564,0.091846466
0.075642,0.091846466
0.075644,0.091846466
0.075646,0.091846466
0.075648,0.091846466
0.07565,0.091846466
0.075652,0.091846466
0.075654,0.091846466
0.075656,0.091846466
0.075658,0.091846466
0.07566,0.091846466
0.075662,0.091846466
0.075664,0.091846466
0.075666,0.091846466
0.075668,0.091846466
0.07567,0.091846466
0.075672,0.091846466
0.075674,0.091846466
0.075676,0.091846466
0.075678,0.091846466
0.07568,0.091846466
0.075682,0.091846466
0.075684,0.091846466
0.075686,0.091846466
0.075688,0.091846466
0.07569,0.091846466
0.075692,0.091846466
0.075694,0.091846466
0.075696,0.091846466
0.075698,0.091846466
0.0757,0.091846466
0.075702,0.091846466
0.075704,0.091846466
0.075706,0.091846466
0.075708,0.091846466
0.07571,0.091846466
0.075712,0.091846466
0.075714,0.091846466
0.075716,0.091846466
0.075718,0.091846466
0.07572,0.091846466
0.075722,0.091846466
0.075724,0.091846466
0.075726,0.091846466
0.075728,0.091846466
0.07573,0.091846466
0.075732,0.091846466
0.075734,0.091846466
0.075736,0.091846466
0.075738,0.091846466
0.07574,0.091846466
0.075742,0.091846466
0.075744,0.091846466
0.075746,0.091846466
0.075748,0.091846466
0.07575,0.091846466
0.075752,0.091846466
0.075754,0.091846466
0.075756,0.091846466
0.075758,0.091846466
0.07576,0.091846466
0.075761996,0.091846466
0.075764,0.091846466
0.075766,0.091846466
0.075768,0.091846466
0.07577,0.091846466
0.075772,0.091846466
0.075774,0.091846466
0.075776,0.091846466
0.075778,0.091846466
0.07578,0.091846466
0.075782,0.091846466
0.075784,0.091846466
0.075786,0.091846466
0.075788,0.091846466
0.07579,0.091846466
0.075792,0.091846466
0.075794,0.091846466
0.075796,0.091846466
0.075798,0.091846466
0.0758,0.091846466
0.075802,0.091846466
0.075804,0.091846466
0.075806,0.091846466
0.075807996,0.091846466
0.07581,0.091846466
0.075812,0.091846466
0.075814,0.091846466
0.075816,0.091846466
0.075818,0.091846466
0.07582,0.091846466
0.075822,0.091846466
0.075824,0.091846466
0.075826,0.091846466
0.075828,0.091846466
0.07583,0.091846466
0.075832,0.091846466
0.075834,0.091846466
0.075836,0.091846466
0.075838,0.091846466
0.07584,0.091846466
0.075842,0.091846466
0.075844,0.091846466
0.075846,0.091846466
0.075848,0.091846466
0.07585,0.091846466
0.075852,0.091846466
0.075854,0.091846466
0.075856,0.091846466
0.075858,0.091846466
0.07586,0.091846466
0.075862,0.091846466
0.075864,0.091846466
0.075866,0.091846466
0.075868,0.091846466
0.07587,0.091846466
0.075872,0.091846466
0.075874,0.091846466
0.075876,0.091846466
0.075878,0.091846466
0.07588,0.091846466
0.075882,0.091846466
0.075884,0.091846466
0.075885996,0.091846466
0.075888,0.091846466
0.07589,0.091846466
0.075892,0.091846466
0.075894,0.091846466
0.075896,0.091846466
0.075898,0.091846466
0.0759,0.091846466
0.075902,0.091846466
0.075904,0.091846466
0.075906,0.091846466
0.075908,0.091846466
0.07591,0.091846466
0.075912,0.091846466
0.075914,0.091846466
0.075916,0.091846466
0.075918,0.091846466
0.07592,0.091846466
0.075922,0.091846466
0.075924,0.091846466
0.075926,0.091846466
0.075928,0.091846466
0.07593,0.091846466
0.075931996,0.091846466
0.075934,0.091846466
0.075936,0.091846466
0.075938,0.091846466
0.07594,0.091846466
0.075942,0.091846466
0.075944,0.091846466
0.075946,0.091846466
0.075948,0.091846466
0.07595,0.091846466
0.075952,0.091846466
0.075954,0.091846466
0.075956,0.091846466
0.075958,0.091846466
0.07596,0.091846466
0.075962,0.091846466
0.075964,0.091846466
0.075966,0.091846466
0.075968,0.091846466
0.07597,0.091846466
0.075972,0.091846466
0.075974,0.091846466
0.075976,0.091846466
0.075978,0.091846466
0.07598,0.091846466
0.075982,0.091846466
0.075984,0.091846466
0.075986,0.091846466
0.075988,0.091846466
0.07599,0.091846466
0.075992,0.091846466
0.075994,0.091846466
0.075996,0.091846466
0.075998,0.091846466
0.076,0.091846466
0.076002,0.091846466
0.076004,0.091846466
0.076006,0.091846466
0.076008,0.091846466
0.076009996,0.091846466
0.076012,0.091846466
0.076014,0.091846466
0.076016,0.091846466
0.076018,0.091846466
0.07602,0.091846466
0.076022,0.091846466
0.076024,0.091846466
0.076026,0.091846466
0.076028,0.091846466
0.07603,0.091846466
0.076032,0.091846466
0.076034,0.091846466
0.076036,0.091846466
0.076038,0.091846466
0.07604,0.091846466
0.076042,0.091846466
0.076044,0.091846466
0.076046,0.091846466
0.076048,0.091846466
0.07605,0.091846466
0.076052,0.091846466
0.076054,0.091846466
0.076055996,0.091846466
0.076058,0.091846466
0.07606,0.091846466
0.076062,0.091846466
0.076064,0.091846466
0.076066,0.091846466
0.076068,0.091846466
0.07607,0.091846466
0.076072,0.091846466
0.076074,0.091846466
0.076076,0.091846466
0.076078,0.091846466
0.07608,0.091846466
0.076082,0.091846466
0.076084,0.091846466
0.076086,0.091846466
0.076088,0.091846466
0.07609,0.091846466
0.076092,0.091846466
0.076094,0.091846466
0.076096,0.091846466
0.076098,0.091846466
0.0761,0.091846466
0.076102,0.091846466
0.076104,0.091846466
0.076106,0.091846466
0.076108,0.091846466
0.07611,0.091846466
0.076112,0.091846466
0.076114,0.091846466
0.076116,0.091846466
0.076118,0.091846466
0.07612,0.091846466
0.076122,0.091846466
0.076124,0.091846466
0.076126,0.091846466
0.076128,0.091846466
0.07613,0.091846466
0.076132,0.091846466
0.076133996,0.091846466
0.076136,0.091846466
0.076138,0.091846466
0.07614,0.091846466
0.076142,0.091846466
0.076144,0.091846466
0.076146,0.091846466
0.076148,0.091846466
0.07615,0.091846466
0.076152,0.091846466
0.076154,0.091846466
0.076156,0.091846466
0.076158,0.091846466
0.07616,0.091846466
0.076162,0.091846466
0.076164,0.091846466
0.076166,0.091846466
0.076168,0.091846466
0.07617,0.091846466
0.076172,0.091846466
0.076174,0.091846466
0.076176,0.091846466
0.076178,0.091846466
0.076179996,0.091846466
0.076182,0.091846466
0.076184,0.091846466
0.076186,0.091846466
0.076188,0.091846466
0.07619,0.091846466
0.076192,0.091846466
0.076194,0.091846466
0.076196,0.091846466
0.076198,0.091846466
0.0762,0.091846466
0.076202,0.091846466
0.076204,0.091846466
0.076206,0.091846466
0.076208,0.091846466
0.07621,0.091846466
0.076212,0.091846466
0.076214,0.091846466
0.076216,0.091846466
0.076218,0.091846466
0.07622,0.091846466
0.076222,0.091846466
0.076224,0.091846466
0.076226,0.091846466
0.076228,0.091846466
0.07623,0.091846466
0.076232,0.091846466
0.076234,0.091846466
0.076236,0.091846466
0.076238,0.091846466
0.07624,0.091846466
0.076242,0.091846466
0.076244,0.091846466
0.076246,0.091846466
0.076248,0.091846466
0.07625,0.091846466
0.076252,0.091846466
0.076254,0.091846466
0.076256,0.091846466
0.076257996,0.091846466
0.07626,0.091846466
0.076262,0.091846466
0.076264,0.091846466
0.076266,0.091846466
0.076268,0.091846466
0.07627,0.091846466
0.076272,0.091846466
0.076274,0.091846466
0.076276,0.091846466
0.076278,0.091846466
0.07628,0.091846466
0.076282,0.091846466
0.076284,0.091846466
0.076286,0.091846466
0.076288,0.091846466
0.07629,0.091846466
0.076292,0.091846466
0.076294,0.091846466
0.076296,0.091846466
0.076298,1.2938623
0.0763,1.3400936
0.076302,1.3400936
0.076303996,1.3863249
0.076306,1.3863249
0.076308,1.3863249
0.07631,1.3863249
0.076312,1.3863249
0.076314,1.3863249
0.076316,1.3863249
0.076318,1.3863249
0.07632,1.3863249
0.076322,1.3863249
0.076324,1.3863249
0.076326,1.3863249
0.076328,1.3863249
0.07633,1.3863249
0.076332,1.3863249
0.076334,1.3863249
0.076336,1.3863249
0.076338,1.3863249
0.07634,1.3863249
0.076342,1.3863249
0.076344,1.3863249
0.076346,1.3863249
0.076348,1.3863249
0.07635,1.3863249
0.076352,1.3863249
0.076354,1.3863249
0.076356,1.3863249
0.076358,1.3863249
0.07636,1.3863249
0.076362,1.3863249
0.076364,1.3863249
0.076366,1.3863249
0.076368,1.3863249
0.07637,1.3863249
0.076372,1.3863249
0.076374,1.3863249
0.076376,1.3863249
0.076378,1.3863249
0.07638,1.3863249
0.076381996,1.3863249
0.076384,1.3863249
0.076386,1.3863249
0.076388,1.3863249
0.07639,1.3863249
0.076392,1.3863249
0.076394,1.3863249
0.076396,1.3863249
0.076398,1.3863249
0.0764,1.3863249
0.076402,1.3863249
0.076404,1.3863249
0.076406,1.3863249
0.076408,1.3863249
0.07641,1.3863249
0.076412,1.3863249
0.076414,1.3863249
0.076416,1.3863249
0.076418,1.3863249
0.07642,1.3863249
0.076422,1.3863249
0.076424,1.3863249
0.076426,1.3863249
0.076427996,1.3863249
0.07643,1.3863249
0.076432,1.3863249
0.076434,1.3863249
0.076436,1.3863249
0.076438,1.3863249
0.07644,1.3863249
0.076442,1.3863249
0.076444,1.3863249
0.076446,1.3863249
0.076448,1.3863249
0.07645,1.3863249
0.076452,1.3863249
0.076454,1.3863249
0.076456,1.3863249
0.076458,1.3863249
0.07646,1.3863249
0.076462,1.3863249
0.076464,1.3863249
0.076466,1.3863249
0.076468,1.3863249
0.07647,1.3863249
0.076472,1.3863249
0.076474,1.3863249
0.076476,1.3863249
0.076478,1.3863249
0.07648,1.3863249
0.076482,1.3863249
0.076484,1.3863249
0.076486,1.3863249
0.076488,1.3863249
0.07649,1.3863249
0.076492,1.3863249
0.076494,1.3863249
0.076496,1.3863249
0.076498,1.3863249
0.0765,1.3863249
0.076502,1.3863249
0.076504,1.3863249
0.076506,1.3863249
0.076508,1.3863249
0.07651,1.3863249
0.076512,1.3863249
0.076514,1.3863249
0.076516,1.3863249
0.076518,1.3863249
0.07652,1.3863249
0.076522,1.3863249
0.076524,1.3863249
0.076526,1.3863249
0.076528,1.3863249
0.07653,1.3863249
0.076532,1.3863249
0.076534,1.3863249
0.076536,1.3863249
0.076538,1.3863249
0.07654,1.3863249
0.076542,1.3863249
0.076544,1.3863249
0.076546,1.3863249
0.076548,1.3863249
0.07655,1.3863249
0.076551996,1.3863249
0.076554,1.3863249
0.076556,1.3863249
0.076558,1.3863249
0.07656,1.3863249
0.076562,1.3863249
0.076564,1.3863249
0.076566,1.3863249
0.076568,1.3863249
0.07657,1.3863249
0.076572,1.3863249
0.076574,1.3863249
0.076576,1.3863249
0.076578,1.3863249
0.07658,1.3863249
0.076582,1.3863249
0.076584,1.3863249
0.076586,1.3863249
0.076588,1.3863249
0.07659,1.3863249
0.076592,1.3863249
0.076594,1.3863249
0.076596,1.3863249
0.076598,1.3863249
0.0766,1.3863249
0.076602,1.3863249
0.076604,1.3863249
0.076606,1.3863249
0.076608,1.3863249
0.07661,1.3863249
0.076612,1.3863249
0.076614,1.3863249
0.076616,1.3863249
0.076618,1.3863249
0.07662,1.3863249
0.076622,1.3863249
0.076624,1.3863249
0.076626,1.3863249
0.076628,1.3863249
0.07663,1.3863249
0.076632,1.3863249
0.076634,1.3863249
0.076636,1.3863249
0.076638,1.3863249
0.07664,1.3863249
0.076642,1.3863249
0.076644,1.3863249
0.076646,1.3863249
0.076648,1.3863249
0.07665,1.4787879
0.076652,2.6345725
0.076654,2.6345725
0.076656,2.6345725
0.076658,2.6345725
0.07666,2.6345725
0.076662,2.6345725
0.076664,2.6345725
0.076666,2.6808028
0.076668,2.6808028
0.07667,2.6808028
0.076672,2.6808028
0.076674,2.6808028
0.076675996,2.6808028
0.076678,2.6808028
0.07668,2.6808028
0.076682,2.6808028
0.076684,2.6808028
0.076686,2.6808028
0.076688,2.6808028
0.07669,2.6808028
0.076692,2.6808028
0.076694,2.6808028
0.076696,2.6808028
0.076698,2.6808028
0.0767,2.6808028
0.076702,2.6808028
0.076704,2.6808028
0.076706,2.6808028
0.076708,2.6808028
0.07671,2.6808028
0.076712,2.6808028
0.076714,2.6808028
0.076716,2.6808028
0.076718,2.6808028
0.07672,2.6808028
0.076722,2.6808028
0.076724,2.6808028
0.076726,2.6808028
0.076728,2.6808028
0.07673,2.6808028
0.076732,2.6808028
0.076734,2.6808028
0.076736,2.6808028
0.076738,2.6808028
0.07674,2.6808028
0.076742,2.6808028
0.076744,2.6808028
0.076746,2.6808028
0.076748,2.6808028
0.07675,2.6808028
0.076752,2.6808028
0.076754,2.6808028
0.076756,2.6808028
0.076758,2.6808028
0.07676,2.6808028
0.076762,2.6808028
0.076764,2.6808028
0.076766,2.6808028
0.076768,2.6808028
0.07677,2.6808028
0.076772,2.6808028
0.076774,2.6808028
0.076776,2.6808028
0.076778,2.6808028
0.07678,2.6808028
0.076782,2.6808028
0.076784,2.6808028
0.076786,2.6808028
0.076788,2.6808028
0.07679,2.6808028
0.076792,2.6808028
0.076794,2.6808028
0.076796,2.6808028
0.076798,2.6808028
0.076799996,2.6808028
0.076802,2.6808028
0.076804,2.6808028
0.076806,2.6808028
0.076808,2.6808028
0.07681,2.6808028
0.076812,2.6808028
0.076814,2.6808028
0.076816,2.6808028
0.076818,2.6808028
0.07682,2.6808028
0.076822,2.6808028
0.076824,2.6808028
0.076826,2.6808028
0.076828,2.6808028
0.07683,2.6808028
0.076832,2.6808028
0.076834,2.6808028
0.076836,2.6808028
0.076838,2.6808028
0.07684,2.6808028
0.076842,2.6808028
0.076844,2.6808028
0.076845996,2.6808028
0.076848,2.6808028
0.07685,2.6808028
0.076852,2.6808028
0.076854,2.6808028
0.076856,2.6808028
0.076858,2.6808028
0.07686,2.6808028
0.076862,2.6808028
0.076864,2.6808028
0.076866,2.6808028
0.076868,2.6808028
0.07687,2.6808028
0.076872,2.6808028
0.076874,2.6808028
0.076876,2.6808028
0.076878,2.6808028
0.07688,2.6808028
0.076882,2.6808028
0.076884,2.6808028
0.076886,2.6808028
0.076888,2.6808028
0.07689,2.6808028
0.076892,2.6808028
0.076894,2.6808028
0.076896,2.6808028
0.076898,2.6808028
0.0769,2.6808028
0.076902,2.6808028
0.076904,2.6808028
0.076906,2.6808028
0.076908,2.6808028
0.07691,2.6808028
0.076912,2.6808028
0.076914,2.6808028
0.076916,2.6808028
0.076918,2.6808028
0.07692,2.6808028
0.076922,2.6808028
0.076923996,2.6808028
0.076926,2.6808028
0.076928,2.6808028
0.07693,2.6808028
0.076932,2.6808028
0.076934,2.6808028
0.076936,2.6808028
0.076938,2.6808028
0.07694,2.6808028
0.076942,2.6808028
0.076944,2.6808028
0.076946,2.6808028
0.076948,2.6808028
0.07695,2.6808028
0.076952,2.6808028
0.076954,2.6808028
0.076956,2.6808028
0.076958,2.6808028
0.07696,2.6808028
0.076962,2.6808028
0.076964,2.6808028
0.076966,2.6808028
0.076968,2.6808028
0.076969996,2.6808028
0.076972,2.6808028
0.076974,2.6808028
0.076976,2.6808028
0.076978,3.8828197
0.07698,3.92905
0.076982,3.92905
0.076984,3.92905
0.076986,3.9752812
0.076988,3.9752812
0.07699,3.9752812
0.076992,3.9752812
0.076994,3.9752812
0.076996,3.9752812
0.076998,3.9752812
0.077,3.9752812
0.077002,3.9752812
0.077004,3.9752812
0.077006,3.9752812
0.077008,3.9752812
0.07701,3.9752812
0.077012,3.9752812
0.077014,3.9752812
0.077016,3.9752812
0.077018,3.9752812
0.07702,3.9752812
0.077022,3.9752812
0.077024,3.9752812
0.077026,3.9752812
0.077028,3.9752812
0.07703,3.9752812
0.077032,3.9752812
0.077034,3.9752812
0.077036,3.9752812
0.077038,3.9752812
0.07704,3.9752812
0.077042,3.9752812
0.077044,3.9752812
0.077046,3.9752812
0.077047996,3.9752812
0.07705,3.9752812
0.077052,3.9752812
0.077054,3.9752812
0.077056,3.9752812
0.077058,3.9752812
0.07706,3.9752812
0.077062,3.9752812
0.077064,3.9752812
0.077066,3.9752812
0.077068,3.9752812
0.07707,3.9752812
0.077072,3.9752812
0.077074,3.9752812
0.077076,3.9752812
0.077078,3.9752812
0.07708,3.9752812
0.077082,3.9752812
0.077084,3.9752812
0.077086,3.9752812
0.077088,3.9752812
0.07709,3.9752812
0.077092,3.9752812
0.077093996,3.9752812
0.077096,3.9752812
0.077098,3.9752812
0.0771,3.9752812
0.077102,3.9752812
0.077104,3.9752812
0.077106,3.9752812
0.077108,3.9752812
0.07711,3.9752812
0.077112,3.9752812
0.077114,3.9752812
0.077116,3.9752812
0.077118,3.9752812
0.07712,3.9752812
0.077122,3.9752812
0.077124,3.9752812
0.077126,3.9752812
0.077128,3.9752812
0.07713,3.9752812
0.077132,3.9752812
0.077134,3.9752812
0.077136,3.9752812
0.077138,3.9752812
0.07714,3.9752812
0.077142,3.9752812
0.077144,3.9752812
0.077146,3.9752812
0.077148,3.9752812
0.07715,3.9752812
0.077152,3.9752812
0.077154,3.9752812
0.077156,3.9752812
0.077158,3.9752812
0.07716,3.9752812
0.077162,3.9752812
0.077164,3.9752812
0.077166,3.9752812
0.077168,3.9752812
0.07717,3.9752812
0.077171996,3.9752812
0.077174,3.9752812
0.077176,3.9752812
0.077178,3.9752812
0.07718,3.9752812
0.077182,3.9752812
0.077184,3.9752812
0.077186,3.9752812
0.077188,3.9752812
0.07719,3.9752812
0.077192,3.9752812
0.077194,3.9752812
0.077196,3.9752812
0.077198,3.9752812
0.0772,3.9752812
0.077202,3.9752812
0.077204,3.9752812
0.077206,3.9752812
0.077208,3.9752812
0.07721,3.9752812
0.077212,3.9752812
0.077214,3.9752812
0.077216,3.9752812
0.077217996,3.9752812
0.07722,3.9752812
0.077222,3.9752812
0.077224,3.9752812
0.077226,3.9752812
0.077228,3.9752812
0.07723,3.9752812
0.077232,3.9752812
0.077234,3.9752812
0.077236,3.9752812
0.077238,3.9752812
0.07724,3.9752812
0.077242,3.9752812
0.077244,3.9752812
0.077246,3.9752812
0.077248,3.9752812
0.07725,3.9752812
0.077252,3.9752812
0.077254,3.9752812
0.077256,3.9752812
0.077258,3.9752812
0.07726,3.9752812
0.077262,3.9752812
0.077264,3.9752812
0.077266,3.9752812
0.077268,3.9752812
0.07727,3.9752812
0.077272,3.9752812
0.077274,3.9752812
0.077276,3.9752812
0.077278,3.9752812
0.07728,3.9752812
0.077282,3.9752812
0.077284,3.9752812
0.077286,3.9752812
0.077288,3.9752812
0.07729,3.9752812
0.077292,3.9752812
0.077294,3.9752812
0.077295996,3.9752812
0.077298,3.9752812
0.0773,3.9752812
0.077302,3.9752812
0.077304,3.9752812
0.077306,3.9752812
0.077308,3.9752812
0.07731,3.9752812
0.077312,3.9752812
0.077314,3.9752812
0.077316,3.9752812
0.077318,3.9752812
0.07732,3.9752812
0.077322,3.9752812
0.077324,3.9752812
0.077326,3.9752812
0.077328,3.9752812
0.07733,3.9752812
0.077332,3.9752812
0.077334,3.9752812
0.077336,3.9752812
0.077338,3.9752812
0.07734,3.9752812
0.077341996,3.9752812
0.077344,3.9752812
0.077346,3.9752812
0.077348,3.9752812
0.07735,3.9752812
0.077352,3.9752812
0.077354,3.9752812
0.077356,3.9752812
0.077358,3.9752812
0.07736,3.9752812
0.077362,3.9752812
0.077364,3.9752812
0.077366,3.9752812
0.077368,3.9752812
0.07737,3.9752812
0.077372,3.9752812
0.077374,3.9752812
0.077376,3.9752812
0.077378,3.9752812
0.07738,3.9752812
0.077382,3.9752812
0.077384,3.9752812
0.077386,3.9752812
0.077388,3.9752812
0.07739,3.9752812
0.077392,3.9752812
0.077394,3.9752812
0.077396,3.9752812
0.077398,3.9752812
0.0774,3.9752812
0.077402,3.9752812
0.077404,3.9752812
0.077406,3.9752812
0.077408,3.9752812
0.07741,3.9752812
0.077412,3.9752812
0.077414,3.9752812
0.077416,3.9752812
0.077418,3.9752812
0.077419996,3.9752812
0.077422,3.9752812
0.077424,3.9752812
0.077426,3.9752812
0.077428,3.9752812
0.07743,3.9752812
0.077432,3.9752812
0.077434,3.9752812
0.077436,3.9752812
0.077438,3.9752812
0.07744,3.9752812
0.077442,3.9752812
0.077444,3.9752812
0.077446,3.9752812
0.077448,3.9752812
0.07745,3.9752812
0.077452,3.9752812
0.077454,3.9752812
0.077456,3.9752812
0.077458,3.9752812
0.07746,3.9752812
0.077462,3.9752812
0.077464,3.9752812
0.077465996,3.9752812
0.077468,3.9752812
0.07747,3.9752812
0.077472,3.9752812
0.077474,3.9752812
0.077476,3.9752812
0.077478,3.9752812
0.07748,3.9752812
0.077482,3.9752812
0.077484,3.9752812
0.077486,3.9752812
0.077488,3.9752812
0.07749,3.9752812
0.077492,3.9752812
0.077494,3.9752812
0.077496,3.9752812
0.077498,3.9752812
0.0775,3.9752812
0.077502,3.9752812
0.077504,3.9752812
0.077506,3.9752812
0.077508,3.9752812
0.07751,3.9752812
0.077512,3.9752812
0.077514,3.9752812
0.077516,3.9752812
0.077518,3.9752812
0.07752,3.9752812
0.077522,3.9752812
0.077524,3.9752812
0.077526,3.9752812
0.077528,3.9752812
0.07753,3.9752812
0.077532,3.9752812
0.077534,3.9752812
0.077536,3.9752812
0.077538,3.9752812
0.07754,3.9752812
0.077542,3.9752812
0.077543996,3.9752812
0.077546,3.9752812
0.077548,3.9752812
0.07755,3.9752812
0.077552,3.9752812
0.077554,3.9752812
0.077556,3.9752812
0.077558,3.9752812
0.07756,3.9752812
0.077562,3.9752812
0.077564,3.9752812
0.077566,3.9752812
0.077568,3.9752812
0.07757,3.9752812
0.077572,3.9752812
0.077574,3.9752812
0.077576,3.9752812
0.077578,3.9752812
0.07758,3.9752812
0.077582,3.9752812
0.077584,3.9752812
0.077586,3.9752812
0.077588,3.9752812
0.077589996,3.9752812
0.077592,3.9752812
0.077594,3.9752812
0.077596,3.9752812
0.077598,3.9752812
0.0776,3.9752812
0.077602,3.9752812
0.077604,3.9752812
0.077606,3.9752812
0.077608,3.9752812
0.07761,3.9752812
0.077612,3.9752812
0.077614,3.9752812
0.077616,3.9752812
0.077618,3.9752812
0.07762,3.9752812
0.077622,3.9752812
0.077624,3.9752812
0.077626,3.9752812
0.077628,3.9752812
0.07763,3.9752812
0.077632,3.9752812
0.077634,3.9752812
0.077636,3.9752812
0.077638,3.9752812
0.07764,3.9752812
0.077642,3.9752812
0.077644,3.9752812
0.077646,3.9752812
0.077648,3.9752812
0.07765,3.9752812
0.077652,3.9752812
0.077654,3.9752812
0.077656,3.9752812
0.077658,3.9752812
0.07766,3.9752812
0.077662,3.9752812
0.077664,3.9752812
0.077666,3.9752812
0.077668,3.9752812
0.07767,3.9752812
0.077672,3.9752812
0.077674,3.9752812
0.077676,3.9752812
0.077678,3.9752812
0.07768,3.9752812
0.077682,3.9752812
0.077684,3.9752812
0.077686,3.9752812
0.077688,3.9752812
0.07769,3.9752812
0.077692,3.9752812
0.077694,3.9752812
0.077696,3.9752812
0.077698,3.9752812
0.0777,3.9752812
0.077702,3.9752812
0.077704,3.9752812
0.077706,3.9752812
0.077708,3.9752812
0.07771,3.9752812
0.077712,3.9752812
0.077713996,3.9752812
0.077716,3.9752812
0.077718,3.9752812
0.07772,3.9752812
0.077722,3.9752812
0.077724,3.9752812
0.077726,3.9752812
0.077728,3.9752812
0.07773,3.9752812
0.077732,3.9752812
0.077734,3.9752812
0.077736,3.9752812
0.077738,3.9752812
0.07774,3.9752812
0.077742,3.9752812
0.077744,3.9752812
0.077746,3.9752812
0.077748,3.9752812
0.07775,3.9752812
0.077752,3.9752812
0.077754,3.9752812
0.077756,3.9752812
0.077758,3.9752812
0.07776,3.9752812
0.077762,3.9752812
0.077764,3.9752812
0.077766,3.9752812
0.077768,3.9752812
0.07777,3.9752812
0.077772,3.9752812
0.077774,3.9752812
0.077776,3.9752812
0.077778,3.9752812
0.07778,3.9752812
0.077782,3.9752812
0.077784,3.9752812
0.077786,3.9752812
0.077788,3.9752812
0.07779,3.9752812
0.077792,3.9752812
0.077794,3.9752812
0.077796,3.9752812
0.077798,3.9752812
0.0778,3.9752812
0.077802,3.9752812
0.077804,3.9752812
0.077806,3.9752812
0.077808,3.9752812
0.07781,3.9752812
0.077812,3.9752812
0.077814,3.9752812
0.077816,3.9752812
0.077818,3.9752812
0.07782,3.9752812
0.077822,3.9752812
0.077824,3.9752812
0.077826,3.9752812
0.077828,3.9752812
0.07783,3.9752812
0.077832,3.9752812
0.077834,3.9752812
0.077836,3.9752812
0.077837996,3.9752812
0.07784,3.9752812
0.077842,3.9752812
0.077844,3.9752812
0.077846,3.9752812
0.077848,3.9752812
0.07785,3.9752812
0.077852,3.9752812
0.077854,3.9752812
0.077856,3.9752812
0.077858,3.9752812
0.07786,3.9752812
0.077862,3.9752812
0.077864,3.9752812
0.077866,3.9752812
0.077868,3.9752812
0.07787,3.9752812
0.077872,3.9752812
0.077874,3.9752812
0.077876,3.9752812
0.077878,3.9752812
0.07788,3.9752812
0.077882,3.9752812
0.077884,3.9752812
0.077886,3.9752812
0.077888,3.9752812
0.07789,3.9752812
0.077892,3.9752812
0.077894,3.9752812
0.077896,3.9752812
0.077898,3.9752812
0.0779,3.9752812
0.077902,3.9752812
0.077904,3.9752812
0.077906,3.9752812
0.077908,3.9752812
0.07791,3.9752812
0.077912,3.9752812
0.077914,3.9752812
0.077916,3.9752812
0.077918,3.9752812
0.07792,3.9752812
0.077922,3.9752812
0.077924,3.9752812
0.077926,3.9752812
0.077928,3.9752812
0.07793,3.9752812
0.077932,3.9752812
0.077934,3.9752812
0.077936,3.9752812
0.077938,3.9752812
0.07794,3.9752812
0.077942,3.9752812
0.077944,3.9752812
0.077946,3.9752812
0.077948,3.9752812
0.07795,3.9752812
0.077952,3.9752812
0.077954,3.9752812
0.077956,3.9752812
0.077958,3.9752812
0.07796,3.9752812
0.077961996,3.9752812
0.077964,3.9752812
0.077966,3.9752812
0.077968,3.9752812
0.07797,3.9752812
0.077972,3.9752812
0.077974,3.9752812
0.077976,3.9752812
0.077978,3.9752812
0.07798,3.9752812
0.077982,3.9752812
0.077984,3.9752812
0.077986,3.9752812
0.077988,3.9752812
0.07799,3.9752812
0.077992,3.9752812
0.077994,3.9752812
0.077996,3.9752812
0.077998,3.9752812
0.078,3.9752812
0.078002,3.9752812
0.078004,3.9752812
0.078006,3.9752812
0.078007996,3.9752812
0.07801,3.9752812
0.078012,3.9752812
0.078014,3.9752812
0.078016,3.9752812
0.078018,3.9752812
0.07802,3.9752812
0.078022,3.9752812
0.078024,3.9752812
0.078026,3.9752812
0.078028,3.9752812
0.07803,3.9752812
0.078032,3.9752812
0.078034,3.9752812
0.078036,3.9752812
0.078038,3.9752812
0.07804,3.9752812
0.078042,3.9752812
0.078044,3.9752812
0.078046,3.9752812
0.078048,3.9752812
0.07805,3.9752812
0.078052,3.9752812
0.078054,3.9752812
0.078056,3.9752812
0.078058,3.9752812
0.07806,3.9752812
0.078062,3.9752812
0.078064,3.9752812
0.078066,3.9752812
0.078068,3.9752812
0.07807,3.9752812
0.078072,3.9752812
0.078074,3.9752812
0.078076,3.9752812
0.078078,3.9752812
0.07808,3.9752812
0.078082,3.9752812
0.078084,3.9752812
0.078085996,3.9752812
0.078088,3.9752812
0.07809,3.9752812
0.078092,3.9752812
0.078094,3.9752812
0.078096,3.9752812
0.078098,3.9752812
0.0781,3.9752812
0.078102,3.9752812
0.078104,3.9752812
0.078106,3.9752812
0.078108,3.9752812
0.07811,3.9752812
0.078112,3.9752812
0.078114,3.9752812
0.078116,3.9752812
0.078118,3.9752812
0.07812,3.420505
0.078122,2.727035
0.078124,2.727035
0.078126,2.727035
0.078128,2.727035
0.07813,2.727035
0.078131996,2.727035
0.078134,2.727035
0.078136,2.727035
0.078138,2.6808028
0.07814,2.727035
0.078142,2.6808028
0.078144,2.6808028
0.078146,2.6808028
0.078148,2.6808028
0.07815,2.6808028
0.078152,2.6808028
0.078154,2.6808028
0.078156,2.6808028
0.078158,2.6808028
0.07816,2.6808028
0.078162,2.6808028
0.078164,2.6808028
0.078166,2.6808028
0.078168,2.6808028
0.07817,2.6808028
0.078172,2.6808028
0.078174,2.6808028
0.078176,2.6808028
0.078178,2.6808028
0.07818,2.6808028
0.078182,2.6808028
0.078184,2.6808028
0.078186,2.6808028
0.078188,2.6808028
0.07819,2.6808028
0.078192,2.6808028
0.078194,2.6808028
0.078196,2.6808028
0.078198,2.6808028
0.0782,2.6808028
0.078202,2.6808028
0.078204,2.6808028
0.078206,2.6808028
0.078208,2.6808028
0.078209996,2.6808028
0.078212,2.6808028
0.078214,2.6808028
0.078216,2.6808028
0.078218,2.6808028
0.07822,2.6808028
0.078222,2.6808028
0.078224,2.6808028
0.078226,2.6808028
0.078228,2.6808028
0.07823,2.6808028
0.078232,2.6808028
0.078234,2.6808028
0.078236,2.6808028
0.078238,2.6808028
0.07824,2.6808028
0.078242,2.6808028
0.078244,2.6808028
0.078246,2.6808028
0.078248,2.6808028
0.07825,2.6808028
0.078252,2.6808028
0.078254,2.6808028
0.078255996,2.6808028
0.078258,2.6808028
0.07826,2.6808028
0.078262,2.6808028
0.078264,2.6808028
0.078266,2.6808028
0.078268,2.6808028
0.07827,2.6808028
0.078272,2.6808028
0.078274,2.6808028
0.078276,2.6808028
0.078278,2.6808028
0.07828,2.6808028
0.078282,2.6808028
0.078284,2.6808028
0.078286,2.6808028
0.078288,2.6808028
0.07829,2.6808028
0.078292,2.6808028
0.078294,2.6808028
0.078296,2.6808028
0.078298,2.6808028
0.0783,2.6808028
0.078302,2.6808028
0.078304,2.6808028
0.078306,2.6808028
0.078308,2.6808028
0.07831,2.6808028
0.078312,2.6808028
0.078314,2.6808028
0.078316,2.6808028
0.078318,2.6808028
0.07832,2.6808028
0.078322,2.6808028
0.078324,2.6808028
0.078326,2.6808028
0.078328,2.6808028
0.07833,2.6808028
0.078332,2.6808028
0.078333996,2.6808028
0.078336,2.6808028
0.078338,2.6808028
0.07834,2.6808028
0.078342,2.6808028
0.078344,2.6808028
0.078346,2.6808028
0.078348,2.6808028
0.07835,2.6808028
0.078352,2.6808028
0.078354,2.6808028
0.078356,2.6808028
0.078358,2.6808028
0.07836,2.6808028
0.078362,2.6808028
0.078364,2.6808028
0.078366,2.6808028
0.078368,2.6808028
0.07837,2.6808028
0.078372,2.6808028
0.078374,2.6808028
0.078376,2.6808028
0.078378,2.6808028
0.078379996,2.6808028
0.078382,2.6808028
0.078384,2.6808028
0.078386,2.6808028
0.078388,2.6808028
0.07839,2.6808028
0.078392,2.6808028
0.078394,2.6808028
0.078396,2.6808028
0.078398,2.6808028
0.0784,2.6808028
0.078402,2.6808028
0.078404,2.6808028
0.078406,2.6808028
0.078408,2.6808028
0.07841,2.6808028
0.078412,2.6808028
0.078414,2.6808028
0.078416,2.6808028
0.078418,2.6808028
0.07842,2.6808028
0.078422,2.6808028
0.078424,2.6808028
0.078426,2.6808028
0.078428,2.6808028
0.07843,2.6808028
0.078432,2.6808028
0.078434,2.6808028
0.078436,2.6808028
0.078438,2.6808028
0.07844,2.6808028
0.078442,2.6808028
0.078444,2.6808028
0.078446,2.727035
0.078448,1.4325566
0.07845,1.4325566
0.078452,1.4325566
0.078454,1.4325566
0.078456,1.4325566
0.078457996,1.4325566
0.07846,1.4325566
0.078462,1.4325566
0.078464,1.4325566
0.078466,1.4325566
0.078468,1.4325566
0.07847,1.4325566
0.078472,1.4325566
0.078474,1.4325566
0.078476,1.4325566
0.078478,1.4325566
0.07848,1.3863249
0.078482,1.4325566
0.078484,1.3863249
0.078486,1.3863249
0.078488,1.3863249
0.07849,1.3863249
0.078492,1.3863249
0.078494,1.3863249
0.078496,1.3863249
0.078498,1.3863249
0.0785,1.3863249
0.078502,1.3863249
0.078503996,1.3863249
0.078506,1.3863249
0.078508,1.3863249
0.07851,1.3863249
0.078512,1.3863249
0.078514,1.3863249
0.078516,1.3863249
0.078518,1.3863249
0.07852,1.3863249
0.078522,1.3863249
0.078524,1.3863249
0.078526,1.3863249
0.078528,1.3863249
0.07853,1.3863249
0.078532,1.3863249
0.078534,1.3863249
0.078536,1.3863249
0.078538,1.3863249
0.07854,1.3863249
0.078542,1.3863249
0.078544,1.3863249
0.078546,1.3863249
0.078548,1.3863249
0.07855,1.3863249
0.078552,1.3863249
0.078554,1.3863249
0.078556,1.3863249
0.078558,1.3863249
0.07856,1.3863249
0.078562,1.3863249
0.078564,1.3863249
0.078566,1.3863249
0.078568,1.3863249
0.07857,1.3863249
0.078572,1.3863249
0.078574,1.3863249
0.078576,1.3863249
0.078578,1.3863249
0.07858,1.3863249
0.078581996,1.3863249
0.078584,1.3863249
0.078586,1.3863249
0.078588,1.3863249
0.07859,1.3863249
0.078592,1.3863249
0.078594,1.3863249
0.078596,1.3863249
0.078598,1.3863249
0.0786,1.3863249
0.078602,1.3863249
0.078604,1.3863249
0.078606,1.3863249
0.078608,1.3863249
0.07861,1.3863249
0.078612,1.3863249
0.078614,1.3863249
0.078616,1.3863249
0.078618,1.3863249
0.07862,1.3863249
0.078622,1.3863249
0.078624,1.3863249
0.078626,1.3863249
0.078627996,1.3863249
0.07863,1.3863249
0.078632,1.3863249
0.078634,1.3863249
0.078636,1.3863249
0.078638,1.3863249
0.07864,1.3863249
0.078642,1.3863249
0.078644,1.3863249
0.078646,1.3863249
0.078648,1.3863249
0.07865,1.3863249
0.078652,1.3863249
0.078654,1.3863249
0.078656,1.3863249
0.078658,1.3863249
0.07866,1.3863249
0.078662,1.3863249
0.078664,1.3863249
0.078666,1.3863249
0.078668,1.3863249
0.07867,1.3863249
0.078672,1.3863249
0.078674,1.3863249
0.078676,1.3863249
0.078678,1.3863249
0.07868,1.3863249
0.078682,1.3863249
0.078684,1.3863249
0.078686,1.3863249
0.078688,1.3863249
0.07869,1.3863249
0.078692,1.3863249
0.078694,1.3863249
0.078696,1.3863249
0.078698,1.3863249
0.0787,1.3863249
0.078702,1.3863249
0.078704,1.3863249
0.078706,1.3863249
0.078708,1.3863249
0.07871,1.3863249
0.078712,1.3863249
0.078714,1.3863249
0.078716,1.3863249
0.078718,1.3863249
0.07872,1.3863249
0.078722,1.3863249
0.078724,1.3863249
0.078726,1.3863249
0.078728,1.3863249
0.07873,1.3863249
0.078732,1.3863249
0.078734,1.3863249
0.078736,1.3863249
0.078738,1.3863249
0.07874,1.3863249
0.078742,1.3863249
0.078744,1.3863249
0.078746,1.3863249
0.078748,1.3863249
0.07875,1.3863249
0.078751996,1.3863249
0.078754,1.3863249
0.078756,1.3863249
0.078758,1.3863249
0.07876,1.3863249
0.078762,1.3863249
0.078764,1.3863249
0.078766,1.3863249
0.078768,1.3863249
0.07877,1.3863249
0.078772,1.3863249
0.078774,1.3863249
0.078776,1.3863249
0.078778,1.3863249
0.07878,1.3863249
0.078782,1.3863249
0.078784,1.3863249
0.078786,1.3863249
0.078788,1.3863249
0.07879,1.3863249
0.078792,1.3863249
0.078794,1.3863249
0.078796,1.3863249
0.078798,1.3863249
0.0788,1.1089368
0.078802,0.184309
0.078804,0.13807821
0.078806,0.13807821
0.078808,0.13807821
0.07881,0.13807821
0.078812,0.13807821
0.078814,0.13807821
0.078816,0.13807821
0.078818,0.13807821
0.07882,0.13807821
0.078822,0.13807821
0.078824,0.091846466
0.078826,0.091846466
0.078828,0.091846466
0.07883,0.091846466
0.078832,0.091846466
0.078834,0.091846466
0.078836,0.091846466
0.078838,0.091846466
0.07884,0.091846466
0.078842,0.091846466
0.078844,0.091846466
0.078846,0.091846466
0.078848,0.091846466
0.07885,0.091846466
0.078852,0.091846466
0.078854,0.091846466
0.078856,0.091846466
0.078858,0.091846466
0.07886,0.091846466
0.078862,0.091846466
0.078864,0.091846466
0.078866,0.091846466
0.078868,0.091846466
0.07887,0.091846466
0.078872,0.091846466
0.078874,0.091846466
0.078875996,0.091846466
0.078878,0.091846466
0.07888,0.091846466
0.078882,0.091846466
0.078884,0.091846466
0.078886,0.091846466
0.078888,0.091846466
0.07889,0.091846466
0.078892,0.091846466
0.078894,0.091846466
0.078896,0.091846466
0.078898,0.091846466
0.0789,0.091846466
0.078902,0.091846466
0.078904,0.091846466
0.078906,0.091846466
0.078908,0.091846466
0.07891,0.091846466
0.078912,0.091846466
0.078914,0.091846466
0.078916,0.091846466
0.078918,0.091846466
0.07892,0.091846466
0.078922,0.091846466
0.078924,0.091846466
0.078926,0.091846466
0.078928,0.091846466
0.07893,0.091846466
0.078932,0.091846466
0.078934,0.091846466
0.078936,0.091846466
0.078938,0.091846466
0.07894,0.091846466
0.078942,0.091846466
0.078944,0.091846466
0.078946,0.091846466
0.078948,0.091846466
0.07895,0.091846466
0.078952,0.091846466
0.078954,0.091846466
0.078956,0.091846466
0.078958,0.091846466
0.07896,0.091846466
0.078962,0.091846466
0.078964,0.091846466
0.078966,0.091846466
0.078968,0.091846466
0.07897,0.091846466
0.078972,0.091846466
0.078974,0.091846466
0.078976,0.091846466
0.078978,0.091846466
0.07898,0.091846466
0.078982,0.091846466
0.078984,0.091846466
0.078986,0.091846466
0.078988,0.091846466
0.07899,0.091846466
0.078992,0.091846466
0.078994,0.091846466
0.078996,0.091846466
0.078998,0.091846466
0.078999996,0.091846466
0.079002,0.091846466
0.079004,0.091846466
0.079006,0.091846466
0.079008,0.091846466
0.07901,0.091846466
0.079012,0.091846466
0.079014,0.091846466
0.079016,0.091846466
0.079018,0.091846466
0.07902,0.091846466
0.079022,0.091846466
0.079024,0.091846466
0.079026,0.091846466
0.079028,0.091846466
0.07903,0.091846466
0.079032,0.091846466
0.079034,0.091846466
0.079036,0.091846466
0.079038,0.091846466
0.07904,0.091846466
0.079042,0.091846466
0.079044,0.091846466
0.079046,0.091846466
0.079048,0.091846466
0.07905,0.091846466
0.079052,0.091846466
0.079054,0.091846466
0.079056,0.091846466
0.079058,0.091846466
0.07906,0.091846466
0.079062,0.091846466
0.079064,0.091846466
0.079066,0.091846466
0.079068,0.091846466
0.07907,0.091846466
0.079072,0.091846466
0.079074,0.091846466
0.079076,0.091846466
0.079078,0.091846466
0.07908,0.091846466
0.079082,0.091846466
0.079084,0.091846466
0.079086,0.091846466
0.079088,0.091846466
0.07909,0.091846466
0.079092,0.091846466
0.079094,0.091846466
0.079096,0.091846466
0.079098,0.091846466
0.0791,0.091846466
0.079102,0.091846466
0.079104,0.091846466
0.079106,0.091846466
0.079108,0.091846466
0.07911,0.091846466
0.079112,0.091846466
0.079114,0.091846466
0.079116,0.091846466
0.079118,0.091846466
0.07912,0.091846466
0.079122,0.091846466
0.079123996,0.091846466
0.079126,0.091846466
0.079128,0.091846466
0.07913,0.091846466
0.079132,0.091846466
0.079134,0.091846466
0.079136,0.091846466
0.079138,0.091846466
0.07914,0.091846466
0.079142,0.091846466
0.079144,0.091846466
0.079146,0.091846466
0.079148,0.091846466
0.07915,0.091846466
0.079152,0.091846466
0.079154,0.091846466
0.079156,0.091846466
0.079158,0.091846466
0.07916,0.091846466
0.079162,0.091846466
0.079164,0.091846466
0.079166,0.091846466
0.079168,0.091846466
0.079169996,0.091846466
0.079172,0.091846466
0.079174,0.091846466
0.079176,0.091846466
0.079178,0.091846466
0.07918,0.091846466
0.079182,0.091846466
0.079184,0.091846466
0.079186,0.091846466
0.079188,0.091846466
0.07919,0.091846466
0.079192,0.091846466
0.079194,0.091846466
0.079196,0.091846466
0.079198,0.091846466
0.0792,0.091846466
0.079202,0.091846466
0.079204,0.091846466
0.079206,0.091846466
0.079208,0.091846466
0.07921,0.091846466
0.079212,0.091846466
0.079214,0.091846466
0.079216,0.091846466
0.079218,0.091846466
0.07922,0.091846466
0.079222,0.091846466
0.079224,0.091846466
0.079226,0.091846466
0.079228,0.091846466
0.07923,0.091846466
0.079232,0.091846466
0.079234,0.091846466
0.079236,0.091846466
0.079238,0.091846466
0.07924,0.091846466
0.079242,0.091846466
0.079244,0.091846466
0.079246,0.091846466
0.079247996,0.091846466
0.07925,0.091846466
0.079252,0.091846466
0.079254,0.091846466
0.079256,0.091846466
0.079258,0.091846466
0.07926,0.091846466
0.079262,0.091846466
0.079264,0.091846466
0.079266,0.091846466
0.079268,0.091846466
0.07927,0.091846466
0.079272,0.091846466
0.079274,0.091846466
0.079276,0.091846466
0.079278,0.091846466
0.07928,0.091846466
0.079282,0.091846466
0.079284,0.091846466
0.079286,0.091846466
0.079288,0.091846466
0.07929,0.091846466
0.079292,0.091846466
0.079293996,0.091846466
0.079296,0.091846466
0.079298,0.091846466
0.0793,0.091846466
0.079302,0.091846466
0.079304,0.091846466
0.079306,0.091846466
0.079308,0.091846466
0.07931,0.091846466
0.079312,0.091846466
0.079314,0.091846466
0.079316,0.091846466
0.079318,0.091846466
0.07932,0.091846466
0.079322,0.091846466
0.079324,0.091846466
0.079326,0.091846466
0.079328,0.091846466
0.07933,0.091846466
0.079332,0.091846466
0.079334,0.091846466
0.079336,0.091846466
0.079338,0.091846466
0.07934,0.091846466
0.079342,0.091846466
0.079344,0.091846466
0.079346,0.091846466
0.079348,0.091846466
0.07935,0.091846466
0.079352,0.091846466
0.079354,0.091846466
0.079356,0.091846466
0.079358,0.091846466
0.07936,0.091846466
0.079362,0.091846466
0.079364,0.091846466
0.079366,0.091846466
0.079368,0.091846466
0.07937,0.091846466
0.079371996,0.091846466
0.079374,0.091846466
0.079376,0.091846466
0.079378,0.091846466
0.07938,0.091846466
0.079382,0.091846466
0.079384,0.091846466
0.079386,0.091846466
0.079388,0.091846466
0.07939,0.091846466
0.079392,0.091846466
0.079394,0.091846466
0.079396,0.091846466
0.079398,0.091846466
0.0794,0.091846466
0.079402,0.091846466
0.079404,0.091846466
0.079406,0.091846466
0.079408,0.091846466
0.07941,0.091846466
0.079412,0.091846466
0.079414,0.091846466
0.079416,0.091846466
0.079417996,0.091846466
0.07942,0.091846466
0.079422,0.091846466
0.079424,0.091846466
0.079426,0.091846466
0.079428,0.091846466
0.07943,0.091846466
0.079432,0.091846466
0.079434,0.091846466
0.079436,0.091846466
0.079438,0.091846466
0.07944,0.091846466
0.079442,0.091846466
0.079444,0.091846466
0.079446,0.091846466
0.079448,0.091846466
0.07945,0.091846466
0.079452,0.091846466
0.079454,0.091846466
0.079456,0.091846466
0.079458,0.091846466
0.07946,0.091846466
0.079462,0.091846466
0.079464,0.091846466
0.079466,0.091846466
0.079468,0.091846466
0.07947,0.091846466
0.079472,0.091846466
0.079474,0.091846466
0.079476,0.091846466
0.079478,0.091846466
0.07948,0.091846466
0.079482,0.091846466
0.079484,0.091846466
0.079486,0.091846466
0.079488,0.091846466
0.07949,0.091846466
0.079492,0.091846466
0.079494,0.091846466
0.079495996,0.091846466
0.079498,0.091846466
0.0795,0.091846466
0.079502,0.091846466
0.079504,0.091846466
0.079506,0.091846466
0.079508,0.091846466
0.07951,0.091846466
0.079512,0.091846466
0.079514,0.091846466
0.079516,0.091846466
0.079518,0.091846466
0.07952,0.091846466
0.079522,0.091846466
0.079524,0.091846466
0.079526,0.091846466
0.079528,0.091846466
0.07953,0.091846466
0.079532,0.091846466
0.079534,0.091846466
0.079536,0.091846466
0.079538,0.091846466
0.07954,0.091846466
0.079541996,0.091846466
0.079544,0.091846466
0.079546,0.091846466
0.079548,0.091846466
0.07955,0.091846466
0.079552,0.091846466
0.079554,0.091846466
0.079556,0.091846466
0.079558,0.091846466
0.07956,0.091846466
0.079562,0.091846466
0.079564,0.091846466
0.079566,0.091846466
0.079568,0.091846466
0.07957,0.091846466
0.079572,0.091846466
0.079574,0.091846466
0.079576,0.091846466
0.079578,0.091846466
0.07958,0.091846466
0.079582,0.091846466
0.079584,0.091846466
0.079586,0.091846466
0.079588,0.091846466
0.07959,0.091846466
0.079592,0.091846466
0.079594,0.091846466
0.079596,0.091846466
0.079598,0.091846466
0.0796,0.091846466
0.079602,0.091846466
0.079604,0.091846466
0.079606,0.091846466
0.079608,0.091846466
0.07961,0.091846466
0.079612,0.091846466
0.079614,0.091846466
0.079616,0.091846466
0.079618,0.091846466
0.079619996,0.091846466
0.079622,0.091846466
0.079624,0.091846466
0.079626,0.091846466
0.079628,0.091846466
0.07963,0.091846466
0.079632,0.091846466
0.079634,0.091846466
0.079636,0.091846466
0.079638,0.091846466
0.07964,0.091846466
0.079642,0.091846466
0.079644,0.60039186
0.079646,1.3863249
0.079648,1.3400936
0.07965,1.3400936
0.079652,1.3863249
0.079654,1.3863249
0.079656,1.3863249
0.079658,1.3863249
0.07966,1.3863249
0.079662,1.3863249
0.079664,1.3863249
0.079665996,1.3863249
0.079668,1.3863249
0.07967,1.3863249
0.079672,1.3863249
0.079674,1.3863249
0.079676,1.3863249
0.079678,1.3863249
0.07968,1.3863249
0.079682,1.3863249
0.079684,1.3863249
0.079686,1.3863249
0.079688,1.3863249
0.07969,1.3863249
0.079692,1.3863249
0.079694,1.3863249
0.079696,1.3863249
0.079698,1.3863249
0.0797,1.3863249
0.079702,1.3863249
0.079704,1.3863249
0.079706,1.3863249
0.079708,1.3863249
0.07971,1.3863249
0.079712,1.3863249
0.079714,1.3863249
0.079716,1.3863249
0.079718,1.3863249
0.07972,1.3863249
0.079722,1.3863249
0.079724,1.3863249
0.079726,1.3863249
0.079728,1.3863249
0.07973,1.3863249
0.079732,1.3863249
0.079734,1.3863249
0.079736,1.3863249
0.079738,1.3863249
0.07974,1.3863249
0.079742,1.3863249
0.079743996,1.3863249
0.079746,1.3863249
0.079748,1.3863249
0.07975,1.3863249
0.079752,1.3863249
0.079754,1.3863249
0.079756,1.3863249
0.079758,1.3863249
0.07976,1.3863249
0.079762,1.3863249
0.079764,1.3863249
0.079766,1.3863249
0.079768,1.3863249
0.07977,1.3863249
0.079772,1.3863249
0.079774,1.3863249
0.079776,1.3863249
0.079778,1.3863249
0.07978,1.3863249
0.079782,1.3863249
0.079784,1.3863249
0.079786,1.3863249
0.079788,1.3863249
0.079789996,1.3863249
0.079792,1.3863249
0.079794,1.3863249
0.079796,1.3863249
0.079798,1.3863249
0.0798,1.3863249
0.079802,1.3863249
0.079804,1.3863249
0.079806,1.3863249
0.079808,1.3863249
0.07981,1.3863249
0.079812,1.3863249
0.079814,1.3863249
0.079816,1.3863249
0.079818,1.3863249
0.07982,1.3863249
0.079822,1.3863249
0.079824,1.3863249
0.079826,1.3863249
0.079828,1.3863249
0.07983,1.3863249
0.079832,1.3863249
0.079834,1.3863249
0.079836,1.3863249
0.079838,1.3863249
0.07984,1.3863249
0.079842,1.3863249
0.079844,1.3863249
0.079846,1.3863249
0.079848,1.3863249
0.07985,1.3863249
0.079852,1.3863249
0.079854,1.3863249
0.079856,1.3863249
0.079858,1.3863249
0.07986,1.3863249
0.079862,1.3863249
0.079864,1.3863249
0.079866,1.3863249
0.079868,1.3863249
0.07987,1.3863249
0.079872,1.3863249
0.079874,1.3863249
0.079876,1.3863249
0.079878,1.3863249
0.07988,1.3863249
0.079882,1.3863249
0.079884,1.3863249
0.079886,1.3863249
0.079888,1.3863249
0.07989,1.3863249
0.079892,1.3863249
0.079894,1.3863249
0.079896,1.3863249
0.079898,1.3863249
0.0799,1.3863249
0.079902,1.3863249
0.079904,1.3863249
0.079906,1.3863249
0.079908,1.3863249
0.07991,1.3863249
0.079912,1.3863249
0.079913996,1.3863249
0.079916,1.3863249
0.079918,1.3863249
0.07992,1.3863249
0.079922,1.3863249
0.079924,1.3863249
0.079926,1.3863249
0.079928,1.3863249
0.07993,1.3863249
0.079932,1.3863249
0.079934,1.3863249
0.079936,1.3863249
0.079938,1.3863249
0.07994,1.3863249
0.079942,1.3863249
0.079944,1.3863249
0.079946,1.3863249
0.079948,1.3863249
0.07995,1.3863249
0.079952,1.3863249
0.079954,1.3863249
0.079956,1.3863249
0.079958,1.3863249
0.07996,1.3863249
0.079962,1.3863249
0.079964,1.3863249
0.079966,1.3863249
0.079968,1.3863249
0.07997,1.3863249
0.079972,1.3863249
0.079974,1.3863249
0.079976,1.3863249
0.079978,1.3863249
0.07998,1.3863249
0.079982,1.3863249
0.079984,1.3863249
0.079986,1.3863249
0.079988,1.3863249
0.07999,1.3863249
0.079992,1.3863249
0.079994,1.3863249
0.079996,1.3863249
0.079998,2.2647214
0.08,2.6345725
0.080002,2.6345725
0.080004,2.6345725
0.080006,2.6345725
0.080008,2.6345725
0.08001,2.6345725
0.080012,2.6345725
0.080014,2.6808028
0.080016,2.6345725
0.080018,2.6808028
0.08002,2.6808028
0.080022,2.6808028
0.080024,2.6808028
0.080026,2.6808028
0.080028,2.6808028
0.08003,2.6808028
0.080032,2.6808028
0.080034,2.6808028
0.080036,2.6808028
0.080037996,2.6808028
0.08004,2.6808028
0.080042,2.6808028
0.080044,2.6808028
0.080046,2.6808028
0.080048,2.6808028
0.08005,2.6808028
0.080052,2.6808028
0.080054,2.6808028
0.080056,2.6808028
0.080058,2.6808028
0.08006,2.6808028
0.080062,2.6808028
0.080064,2.6808028
0.080066,2.6808028
0.080068,2.6808028
0.08007,2.6808028
0.080072,2.6808028
0.080074,2.6808028
0.080076,2.6808028
0.080078,2.6808028
0.08008,2.6808028
0.080082,2.6808028
0.080084,2.6808028
0.080086,2.6808028
0.080088,2.6808028
0.08009,2.6808028
0.080092,2.6808028
0.080094,2.6808028
0.080096,2.6808028
0.080098,2.6808028
0.0801,2.6808028
0.080102,2.6808028
0.080104,2.6808028
0.080106,2.6808028
0.080108,2.6808028
0.08011,2.6808028
0.080112,2.6808028
0.080114,2.6808028
0.080116,2.6808028
0.080118,2.6808028
0.08012,2.6808028
0.080122,2.6808028
0.080124,2.6808028
0.080126,2.6808028
0.080128,2.6808028
0.08013,2.6808028
0.080132,2.6808028
0.080134,2.6808028
0.080136,2.6808028
0.080138,2.6808028
0.08014,2.6808028
0.080142,2.6808028
0.080144,2.6808028
0.080146,2.6808028
0.080148,2.6808028
0.08015,2.6808028
0.080152,2.6808028
0.080154,2.6808028
0.080156,2.6808028
0.080158,2.6808028
0.08016,2.6808028
0.080161996,2.6808028
0.080164,2.6808028
0.080166,2.6808028
0.080168,2.6808028
0.08017,2.6808028
0.080172,2.6808028
0.080174,2.6808028
0.080176,2.6808028
0.080178,2.6808028
0.08018,2.6808028
0.080182,2.6808028
0.080184,2.6808028
0.080186,2.6808028
0.080188,2.6808028
0.08019,2.6808028
0.080192,2.6808028
0.080194,2.6808028
0.080196,2.6808028
0.080198,2.6808028
0.0802,2.6808028
0.080202,2.6808028
0.080204,2.6808028
0.080206,2.6808028
0.080208,2.6808028
0.08021,2.6808028
0.080212,2.6808028
0.080214,2.6808028
0.080216,2.6808028
0.080218,2.6808028
0.08022,2.6808028
0.080222,2.6808028
0.080224,2.6808028
0.080226,2.6808028
0.080228,2.6808028
0.08023,2.6808028
0.080232,2.6808028
0.080234,2.6808028
0.080236,2.6808028
0.080238,2.6808028
0.08024,2.6808028
0.080242,2.6808028
0.080244,2.6808028
0.080246,2.6808028
0.080248,2.6808028
0.08025,2.6808028
0.080252,2.6808028
0.080254,2.6808028
0.080256,2.6808028
0.080258,2.6808028
0.08026,2.6808028
0.080262,2.6808028
0.080264,2.6808028
0.080266,2.6808028
0.080268,2.6808028
0.08027,2.6808028
0.080272,2.6808028
0.080274,2.6808028
0.080276,2.6808028
0.080278,2.6808028
0.08028,2.6808028
0.080282,2.6808028
0.080284,2.6808028
0.080285996,2.6808028
0.080288,2.6808028
0.08029,2.6808028
0.080292,2.6808028
0.080294,2.6808028
0.080296,2.6808028
0.080298,2.6808028
0.0803,2.6808028
0.080302,2.6808028
0.080304,2.6808028
0.080306,2.6808028
0.080308,2.6808028
0.08031,2.6808028
0.080312,2.6808028
0.080314,2.6808028
0.080316,2.6808028
0.080318,2.6808028
0.08032,2.6808028
0.080322,2.6808028
0.080324,3.1431174
0.080326,3.8828197
0.080328,3.92905
0.08033,3.92905
0.080331996,3.92905
0.080334,3.92905
0.080336,3.92905
0.080338,3.9752812
0.08034,3.9752812
0.080342,3.9752812
0.080344,3.9752812
0.080346,3.9752812
0.080348,3.9752812
0.08035,3.9752812
0.080352,3.9752812
0.080354,3.9752812
0.080356,3.9752812
0.080358,3.9752812
0.08036,3.9752812
0.080362,3.9752812
0.080364,3.9752812
0.080366,3.9752812
0.080368,3.9752812
0.08037,3.9752812
0.080372,3.9752812
0.080374,3.9752812
0.080376,3.9752812
0.080378,3.9752812
0.08038,3.9752812
0.080382,3.9752812
0.080384,3.9752812
0.080386,3.9752812
0.080388,3.9752812
0.08039,3.9752812
0.080392,3.9752812
0.080394,3.9752812
0.080396,3.9752812
0.080398,3.9752812
0.0804,3.9752812
0.080402,3.9752812
0.080404,3.9752812
0.080406,3.9752812
0.080408,3.9752812
0.080409996,3.9752812
0.080412,3.9752812
0.080414,3.9752812
0.080416,3.9752812
0.080418,3.9752812
0.08042,3.9752812
0.080422,3.9752812
0.080424,3.9752812
0.080426,3.9752812
0.080428,3.9752812
0.08043,3.9752812
0.080432,3.9752812
0.080434,3.9752812
0.080436,3.9752812
0.080438,3.9752812
0.08044,3.9752812
0.080442,3.9752812
0.080444,3.9752812
0.080446,3.9752812
0.080448,3.9752812
0.08045,3.9752812
0.080452,3.9752812
0.080454,3.9752812
0.080455996,3.9752812
0.080458,3.9752812
0.08046,3.9752812
0.080462,3.9752812
0.080464,3.9752812
0.080466,3.9752812
0.080468,3.9752812
0.08047,3.9752812
0.080472,3.9752812
0.080474,3.9752812
0.080476,3.9752812
0.080478,3.9752812
0.08048,3.9752812
0.080482,3.9752812
0.080484,3.9752812
0.080486,3.9752812
0.080488,3.9752812
0.08049,3.9752812
0.080492,3.9752812
0.080494,3.9752812
0.080496,3.9752812
0.080498,3.9752812
0.0805,3.9752812
0.080502,3.9752812
0.080504,3.9752812
0.080506,3.9752812
0.080508,3.9752812
0.08051,3.9752812
0.080512,3.9752812
0.080514,3.9752812
0.080516,3.9752812
0.080518,3.9752812
0.08052,3.9752812
0.080522,3.9752812
0.080524,3.9752812
0.080526,3.9752812
0.080528,3.9752812
0.08053,3.9752812
0.080532,3.9752812
0.080533996,3.9752812
0.080536,3.9752812
0.080538,3.9752812
0.08054,3.9752812
0.080542,3.9752812
0.080544,3.9752812
0.080546,3.9752812
0.080548,3.9752812
0.08055,3.9752812
0.080552,3.9752812
0.080554,3.9752812
0.080556,3.9752812
0.080558,3.9752812
0.08056,3.9752812
0.080562,3.9752812
0.080564,3.9752812
0.080566,3.9752812
0.080568,3.9752812
0.08057,3.9752812
0.080572,3.9752812
0.080574,3.9752812
0.080576,3.9752812
0.080578,3.9752812
0.080579996,3.9752812
0.080582,3.9752812
0.080584,3.9752812
0.080586,3.9752812
0.080588,3.9752812
0.08059,3.9752812
0.080592,3.9752812
0.080594,3.9752812
0.080596,3.9752812
0.080598,3.9752812
0.0806,3.9752812
0.080602,3.9752812
0.080604,3.9752812
0.080606,3.9752812
0.080608,3.9752812
0.08061,3.9752812
0.080612,3.9752812
0.080614,3.9752812
0.080616,3.9752812
0.080618,3.9752812
0.08062,3.9752812
0.080622,3.9752812
0.080624,3.9752812
0.080626,3.9752812
0.080628,3.9752812
0.08063,3.9752812
0.080632,3.9752812
0.080634,3.9752812
0.080636,3.9752812
0.080638,3.9752812
0.08064,3.9752812
0.080642,3.9752812
0.080644,3.9752812
0.080646,3.9752812
0.080648,3.9752812
0.08065,3.9752812
0.080652,3.9752812
0.080654,3.9752812
0.080656,3.9752812
0.080657996,3.9752812
0.08066,3.9752812
0.080662,3.9752812
0.080664,3.9752812
0.080666,3.9752812
0.080668,3.9752812
0.08067,3.9752812
0.080672,3.9752812
0.080674,3.9752812
0.080676,3.9752812
0.080678,3.9752812
0.08068,3.9752812
0.080682,3.9752812
0.080684,3.9752812
0.080686,3.9752812
0.080688,3.9752812
0.08069,3.9752812
0.080692,3.9752812
0.080694,3.9752812
0.080696,3.9752812
0.080698,3.9752812
0.0807,3.9752812
0.080702,3.9752812
0.080703996,3.9752812
0.080706,3.9752812
0.080708,3.9752812
0.08071,3.9752812
0.080712,3.9752812
0.080714,3.9752812
0.080716,3.9752812
0.080718,3.9752812
0.08072,3.9752812
0.080722,3.9752812
0.080724,3.9752812
0.080726,3.9752812
0.080728,3.9752812
0.08073,3.9752812
0.080732,3.9752812
0.080734,3.9752812
0.080736,3.9752812
0.080738,3.9752812
0.08074,3.9752812
0.080742,3.9752812
0.080744,3.9752812
0.080746,3.9752812
0.080748,3.9752812
0.08075,3.9752812
0.080752,3.9752812
0.080754,3.9752812
0.080756,3.9752812
0.080758,3.9752812
0.08076,3.9752812
0.080762,3.9752812
0.080764,3.9752812
0.080766,3.9752812
0.080768,3.9752812
0.08077,3.9752812
0.080772,3.9752812
0.080774,3.9752812
0.080776,3.9752812
0.080778,3.9752812
0.08078,3.9752812
0.080781996,3.9752812
0.080784,3.9752812
0.080786,3.9752812
0.080788,3.9752812
0.08079,3.9752812
0.080792,3.9752812
0.080794,3.9752812
0.080796,3.9752812
0.080798,3.9752812
0.0808,3.9752812
0.080802,3.9752812
0.080804,3.9752812
0.080806,3.9752812
0.080808,3.9752812
0.08081,3.9752812
0.080812,3.9752812
0.080814,3.9752812
0.080816,3.9752812
0.080818,3.9752812
0.08082,3.9752812
0.080822,3.9752812
0.080824,3.9752812
0.080826,3.9752812
0.080827996,3.9752812
0.08083,3.9752812
0.080832,3.9752812
0.080834,3.9752812
0.080836,3.9752812
0.080838,3.9752812
0.08084,3.9752812
0.080842,3.9752812
0.080844,3.9752812
0.080846,3.9752812
0.080848,3.9752812
0.08085,3.9752812
0.080852,3.9752812
0.080854,3.9752812
0.080856,3.9752812
0.080858,3.9752812
0.08086,3.9752812
0.080862,3.9752812
0.080864,3.9752812
0.080866,3.9752812
0.080868,3.9752812
0.08087,3.9752812
0.080872,3.9752812
0.080874,3.9752812
0.080876,3.9752812
0.080878,3.9752812
0.08088,3.9752812
0.080882,3.9752812
0.080884,3.9752812
0.080886,3.9752812
0.080888,3.9752812
0.08089,3.9752812
0.080892,3.9752812
0.080894,3.9752812
0.080896,3.9752812
0.080898,3.9752812
0.0809,3.9752812
0.080902,3.9752812
0.080904,3.9752812
0.080905996,3.9752812
0.080908,3.9752812
0.08091,3.9752812
0.080912,3.9752812
0.080914,3.9752812
0.080916,3.9752812
0.080918,3.9752812
0.08092,3.9752812
0.080922,3.9752812
0.080924,3.9752812
0.080926,3.9752812
0.080928,3.9752812
0.08093,3.9752812
0.080932,3.9752812
0.080934,3.9752812
0.080936,3.9752812
0.080938,3.9752812
0.08094,3.9752812
0.080942,3.9752812
0.080944,3.9752812
0.080946,3.9752812
0.080948,3.9752812
0.08095,3.9752812
0.080951996,3.9752812
0.080954,3.9752812
0.080956,3.9752812
0.080958,3.9752812
0.08096,3.9752812
0.080962,3.9752812
0.080964,3.9752812
0.080966,3.9752812
0.080968,3.9752812
0.08097,3.9752812
0.080972,3.9752812
0.080974,3.9752812
0.080976,3.9752812
0.080978,3.9752812
0.08098,3.9752812
0.080982,3.9752812
0.080984,3.9752812
0.080986,3.9752812
0.080988,3.9752812
0.08099,3.9752812
0.080992,3.9752812
0.080994,3.9752812
0.080996,3.9752812
0.080998,3.9752812
0.081,3.9752812
0.081002,3.9752812
0.081004,3.9752812
0.081006,3.9752812
0.081008,3.9752812
0.08101,3.9752812
0.081012,3.9752812
0.081014,3.9752812
0.081016,3.9752812
0.081018,3.9752812
0.08102,3.9752812
0.081022,3.9752812
0.081024,3.9752812
0.081026,3.9752812
0.081028,3.9752812
0.08103,3.9752812
0.081032,3.9752812
0.081034,3.9752812
0.081036,3.9752812
0.081038,3.9752812
0.08104,3.9752812
0.081042,3.9752812
0.081044,3.9752812
0.081046,3.9752812
0.081048,3.9752812
0.08105,3.9752812
0.081052,3.9752812
0.081054,3.9752812
0.081056,3.9752812
0.081058,3.9752812
0.08106,3.9752812
0.081062,3.9752812
0.081064,3.9752812
0.081066,3.9752812
0.081068,3.9752812
0.08107,3.9752812
0.081072,3.9752812
0.081074,3.9752812
0.081075996,3.9752812
0.081078,3.9752812
0.08108,3.9752812
0.081082,3.9752812
0.081084,3.9752812
0.081086,3.9752812
0.081088,3.9752812
0.08109,3.9752812
0.081092,3.9752812
0.081094,3.9752812
0.081096,3.9752812
0.081098,3.9752812
0.0811,3.9752812
0.081102,3.9752812
0.081104,3.9752812
0.081106,3.9752812
0.081108,3.9752812
0.08111,3.9752812
0.081112,3.9752812
0.081114,3.9752812
0.081116,3.9752812
0.081118,3.9752812
0.08112,3.9752812
0.081122,3.9752812
0.081124,3.9752812
0.081126,3.9752812
0.081128,3.9752812
0.08113,3.9752812
0.081132,3.9752812
0.081134,3.9752812
0.081136,3.9752812
0.081138,3.9752812
0.08114,3.9752812
0.081142,3.9752812
0.081144,3.9752812
0.081146,3.9752812
0.081148,3.9752812
0.08115,3.9752812
0.081152,3.9752812
0.081154,3.9752812
0.081156,3.9752812
0.081158,3.9752812
0.08116,3.9752812
0.081162,3.9752812
0.081164,3.9752812
0.081166,3.9752812
0.081168,3.9752812
0.08117,3.9752812
0.081172,3.9752812
0.081174,3.9752812
0.081176,3.9752812
0.081178,3.9752812
0.08118,3.9752812
0.081182,3.9752812
0.081184,3.9752812
0.081186,3.9752812
0.081188,3.9752812
0.08119,3.9752812
0.081192,3.9752812
0.081194,3.9752812
0.081196,3.9752812
0.081198,3.9752812
0.081199996,3.9752812
0.081202,3.9752812
0.081204,3.9752812
0.081206,3.9752812
0.081208,3.9752812
0.08121,3.9752812
0.081212,3.9752812
0.081214,3.9752812
0.081216,3.9752812
0.081218,3.9752812
0.08122,3.9752812
0.081222,3.9752812
0.081224,3.9752812
0.081226,3.9752812
0.081228,3.9752812
0.08123,3.9752812
0.081232,3.9752812
0.081234,3.9752812
0.081236,3.9752812
0.081238,3.9752812
0.08124,3.9752812
0.081242,3.9752812
0.081244,3.9752812
0.081246,3.9752812
0.081248,3.9752812
0.08125,3.9752812
0.081252,3.9752812
0.081254,3.9752812
0.081256,3.9752812
0.081258,3.9752812
0.08126,3.9752812
0.081262,3.9752812
0.081264,3.9752812
0.081266,3.9752812
0.081268,3.9752812
0.08127,3.9752812
0.081272,3.9752812
0.081274,3.9752812
0.081276,3.9752812
0.081278,3.9752812
0.08128,3.9752812
0.081282,3.9752812
0.081284,3.9752812
0.081286,3.9752812
0.081288,3.9752812
0.08129,3.9752812
0.081292,3.9752812
0.081294,3.9752812
0.081296,3.9752812
0.081298,3.9752812
0.0813,3.9752812
0.081302,3.9752812
0.081304,3.9752812
0.081306,3.9752812
0.081308,3.9752812
0.08131,3.9752812
0.081312,3.9752812
0.081314,3.9752812
0.081316,3.9752812
0.081318,3.9752812
0.08132,3.9752812
0.081322,3.9752812
0.081323996,3.9752812
0.081326,3.9752812
0.081328,3.9752812
0.08133,3.9752812
0.081332,3.9752812
0.081334,3.9752812
0.081336,3.9752812
0.081338,3.9752812
0.08134,3.9752812
0.081342,3.9752812
0.081344,3.9752812
0.081346,3.9752812
0.081348,3.9752812
0.08135,3.9752812
0.081352,3.9752812
0.081354,3.9752812
0.081356,3.9752812
0.081358,3.9752812
0.08136,3.9752812
0.081362,3.9752812
0.081364,3.9752812
0.081366,3.9752812
0.081368,3.9752812
0.081369996,3.9752812
0.081372,3.9752812
0.081374,3.9752812
0.081376,3.9752812
0.081378,3.9752812
0.08138,3.9752812
0.081382,3.9752812
0.081384,3.9752812
0.081386,3.9752812
0.081388,3.9752812
0.08139,3.9752812
0.081392,3.9752812
0.081394,3.9752812
0.081396,3.9752812
0.081398,3.9752812
0.0814,3.9752812
0.081402,3.9752812
0.081404,3.9752812
0.081406,3.9752812
0.081408,3.9752812
0.08141,3.9752812
0.081412,3.9752812
0.081414,3.9752812
0.081416,3.9752812
0.081418,3.9752812
0.08142,3.9752812
0.081422,3.9752812
0.081424,3.9752812
0.081426,3.9752812
0.081428,3.9752812
0.08143,3.9752812
0.081432,3.9752812
0.081434,3.9752812
0.081436,3.9752812
0.081438,3.9752812
0.08144,3.9752812
0.081442,3.9752812
0.081444,3.9752812
0.081446,3.9752812
0.081447996,3.9752812
0.08145,3.9752812
0.081452,3.9752812
0.081454,3.9752812
0.081456,3.9752812
0.081458,3.9752812
0.08146,3.9752812
0.081462,3.9752812
0.081464,3.9752812
0.081466,3.9752812
0.081468,2.8657289
0.08147,2.727035
0.081472,2.727035
0.081474,2.727035
0.081476,2.727035
0.081478,2.727035
0.08148,2.727035
0.081482,2.727035
0.081484,2.727035
0.081486,2.727035
0.081488,2.6808028
0.08149,2.6808028
0.081492,2.6808028
0.081493996,2.6808028
0.081496,2.6808028
0.081498,2.6808028
0.0815,2.6808028
0.081502,2.6808028
0.081504,2.6808028
0.081506,2.6808028
0.081508,2.6808028
0.08151,2.6808028
0.081512,2.6808028
0.081514,2.6808028
0.081516,2.6808028
0.081518,2.6808028
0.08152,2.6808028
0.081522,2.6808028
0.081524,2.6808028
0.081526,2.6808028
0.081528,2.6808028
0.08153,2.6808028
0.081532,2.6808028
0.081534,2.6808028
0.081536,2.6808028
0.081538,2.6808028
0.08154,2.6808028
0.081542,2.6808028
0.081544,2.6808028
0.081546,2.6808028
0.081548,2.6808028
0.08155,2.6808028
0.081552,2.6808028
0.081554,2.6808028
0.081556,2.6808028
0.081558,2.6808028
0.08156,2.6808028
0.081562,2.6808028
0.081564,2.6808028
0.081566,2.6808028
0.081568,2.6808028
0.08157,2.6808028
0.081571996,2.6808028
0.081574,2.6808028
0.081576,2.6808028
0.081578,2.6808028
0.08158,2.6808028
0.081582,2.6808028
0.081584,2.6808028
0.081586,2.6808028
0.081588,2.6808028
0.08159,2.6808028
0.081592,2.6808028
0.081594,2.6808028
0.081596,2.6808028
0.081598,2.6808028
0.0816,2.6808028
0.081602,2.6808028
0.081604,2.6808028
0.081606,2.6808028
0.081608,2.6808028
0.08161,2.6808028
0.081612,2.6808028
0.081614,2.6808028
0.081616,2.6808028
0.081617996,2.6808028
0.08162,2.6808028
0.081622,2.6808028
0.081624,2.6808028
0.081626,2.6808028
0.081628,2.6808028
0.08163,2.6808028
0.081632,2.6808028
0.081634,2.6808028
0.081636,2.6808028
0.081638,2.6808028
0.08164,2.6808028
0.081642,2.6808028
0.081644,2.6808028
0.081646,2.6808028
0.081648,2.6808028
0.08165,2.6808028
0.081652,2.6808028
0.081654,2.6808028
0.081656,2.6808028
0.081658,2.6808028
0.08166,2.6808028
0.081662,2.6808028
0.081664,2.6808028
0.081666,2.6808028
0.081668,2.6808028
0.08167,2.6808028
0.081672,2.6808028
0.081674,2.6808028
0.081676,2.6808028
0.081678,2.6808028
0.08168,2.6808028
0.081682,2.6808028
0.081684,2.6808028
0.081686,2.6808028
0.081688,2.6808028
0.08169,2.6808028
0.081692,2.6808028
0.081694,2.6808028
0.081695996,2.6808028
0.081698,2.6808028
0.0817,2.6808028
0.081702,2.6808028
0.081704,2.6808028
0.081706,2.6808028
0.081708,2.6808028
0.08171,2.6808028
0.081712,2.6808028
0.081714,2.6808028
0.081716,2.6808028
0.081718,2.6808028
0.08172,2.6808028
0.081722,2.6808028
0.081724,2.6808028
0.081726,2.6808028
0.081728,2.6808028
0.08173,2.6808028
0.081732,2.6808028
0.081734,2.6808028
0.081736,2.6808028
0.081738,2.6808028
0.08174,2.6808028
0.081741996,2.6808028
0.081744,2.6808028
0.081746,2.6808028
0.081748,2.6808028
0.08175,2.6808028
0.081752,2.6808028
0.081754,2.6808028
0.081756,2.6808028
0.081758,2.6808028
0.08176,2.6808028
0.081762,2.6808028
0.081764,2.6808028
0.081766,2.6808028
0.081768,2.6808028
0.08177,2.6808028
0.081772,2.6808028
0.081774,2.6808028
0.081776,2.6808028
0.081778,2.6808028
0.08178,2.6808028
0.081782,2.6808028
0.081784,2.6808028
0.081786,2.6808028
0.081788,2.6808028
0.08179,2.6808028
0.081792,2.6808028
0.081794,1.9411016
0.081796,1.4325566
0.081798,1.4325566
0.0818,1.4325566
0.081802,1.4325566
0.081804,1.4325566
0.081806,1.4325566
0.081808,1.4325566
0.08181,1.4325566
0.081812,1.4325566
0.081814,1.4325566
0.081816,1.4325566
0.081818,1.4325566
0.081819996,1.4325566
0.081822,1.4325566
0.081824,1.4325566
0.081826,1.4325566
0.081828,1.4325566
0.08183,1.4325566
0.081832,1.3863249
0.081834,1.3863249
0.081836,1.3863249
0.081838,1.3863249
0.08184,1.3863249
0.081842,1.3863249
0.081844,1.3863249
0.081846,1.3863249
0.081848,1.3863249
0.08185,1.3863249
0.081852,1.3863249
0.081854,1.3863249
0.081856,1.3863249
0.081858,1.3863249
0.08186,1.3863249
0.081862,1.3863249
0.081864,1.3863249
0.081865996,1.3863249
0.081868,1.3863249
0.08187,1.3863249
0.081872,1.3863249
0.081874,1.3863249
0.081876,1.3863249
0.081878,1.3863249
0.08188,1.3863249
0.081882,1.3863249
0.081884,1.3863249
0.081886,1.3863249
0.081888,1.3863249
0.08189,1.3863249
0.081892,1.3863249
0.081894,1.3863249
0.081896,1.3863249
0.081898,1.3863249
0.0819,1.3863249
0.081902,1.3863249
0.081904,1.3863249
0.081906,1.3863249
0.081908,1.3863249
0.08191,1.3863249
0.081912,1.3863249
0.081914,1.3863249
0.081916,1.3863249
0.081918,1.3863249
0.08192,1.3863249
0.081922,1.3863249
0.081924,1.3863249
0.081926,1.3863249
0.081928,1.3863249
0.08193,1.3863249
0.081932,1.3863249
0.081934,1.3863249
0.081936,1.3863249
0.081938,1.3863249
0.08194,1.3863249
0.081942,1.3863249
0.081943996,1.3863249
0.081946,1.3863249
0.081948,1.3863249
0.08195,1.3863249
0.081952,1.3863249
0.081954,1.3863249
0.081956,1.3863249
0.081958,1.3863249
0.08196,1.3863249
0.081962,1.3863249
0.081964,1.3863249
0.081966,1.3863249
0.081968,1.3863249
0.08197,1.3863249
0.081972,1.3863249
0.081974,1.3863249
0.081976,1.3863249
0.081978,1.3863249
0.08198,1.3863249
0.081982,1.3863249
0.081984,1.3863249
0.081986,1.3863249
0.081988,1.3863249
0.081989996,1.3863249
0.081992,1.3863249
0.081994,1.3863249
0.081996,1.3863249
0.081998,1.3863249
0.082,1.3863249
0.082002,1.3863249
0.082004,1.3863249
0.082006,1.3863249
0.082008,1.3863249
0.08201,1.3863249
0.082012,1.3863249
0.082014,1.3863249
0.082016,1.3863249
0.082018,1.3863249
0.08202,1.3863249
0.082022,1.3863249
0.082024,1.3863249
0.082026,1.3863249
0.082028,1.3863249
0.08203,1.3863249
0.082032,1.3863249
0.082034,1.3863249
0.082036,1.3863249
0.082038,1.3863249
0.08204,1.3863249
0.082042,1.3863249
0.082044,1.3863249
0.082046,1.3863249
0.082048,1.3863249
0.08205,1.3863249
0.082052,1.3863249
0.082054,1.3863249
0.082056,1.3863249
0.082058,1.3863249
0.08206,1.3863249
0.082062,1.3863249
0.082064,1.3863249
0.082066,1.3863249
0.082067996,1.3863249
0.08207,1.3863249
0.082072,1.3863249
0.082074,1.3863249
0.082076,1.3863249
0.082078,1.3863249
0.08208,1.3863249
0.082082,1.3863249
0.082084,1.3863249
0.082086,1.3863249
0.082088,1.3863249
0.08209,1.3863249
0.082092,1.3863249
0.082094,1.3863249
0.082096,1.3863249
0.082098,1.3863249
0.0821,1.3863249
0.082102,1.3863249
0.082104,1.3863249
0.082106,1.3863249
0.082108,1.3863249
0.08211,1.3863249
0.082112,1.3863249
0.082113996,1.3863249
0.082116,1.3863249
0.082118,1.3863249
0.08212,1.3863249
0.082122,1.3863249
0.082124,1.3863249
0.082126,1.3863249
0.082128,1.3863249
0.08213,1.3863249
0.082132,1.3863249
0.082134,1.3863249
0.082136,1.3863249
0.082138,1.3863249
0.08214,1.3863249
0.082142,1.3863249
0.082144,1.3863249
0.082146,1.3863249
0.082148,0.3230033
0.08215,0.184309
0.082152,0.13807821
0.082154,0.13807821
0.082156,0.13807821
0.082158,0.13807821
0.08216,0.13807821
0.082162,0.13807821
0.082164,0.13807821
0.082166,0.13807821
0.082168,0.13807821
0.08217,0.13807821
0.082172,0.091846466
0.082174,0.091846466
0.082176,0.091846466
0.082178,0.091846466
0.08218,0.091846466
0.082182,0.091846466
0.082184,0.091846466
0.082186,0.091846466
0.082188,0.091846466
0.08219,0.091846466
0.082192,0.091846466
0.082194,0.091846466
0.082196,0.091846466
0.082198,0.091846466
0.0822,0.091846466
0.082202,0.091846466
0.082204,0.091846466
0.082206,0.091846466
0.082208,0.091846466
0.08221,0.091846466
0.082212,0.091846466
0.082214,0.091846466
0.082216,0.091846466
0.082218,0.091846466
0.08222,0.091846466
0.082222,0.091846466
0.082224,0.091846466
0.082226,0.091846466
0.082228,0.091846466
0.08223,0.091846466
0.082232,0.091846466
0.082234,0.091846466
0.082236,0.091846466
0.082237996,0.091846466
0.08224,0.091846466
0.082242,0.091846466
0.082244,0.091846466
0.082246,0.091846466
0.082248,0.091846466
0.08225,0.091846466
0.082252,0.091846466
0.082254,0.091846466
0.082256,0.091846466
0.082258,0.091846466
0.08226,0.091846466
0.082262,0.091846466
0.082264,0.091846466
0.082266,0.091846466
0.082268,0.091846466
0.08227,0.091846466
0.082272,0.091846466
0.082274,0.091846466
0.082276,0.091846466
0.082278,0.091846466
0.08228,0.091846466
0.082282,0.091846466
0.082284,0.091846466
0.082286,0.091846466
0.082288,0.091846466
0.08229,0.091846466
0.082292,0.091846466
0.082294,0.091846466
0.082296,0.091846466
0.082298,0.091846466
0.0823,0.091846466
0.082302,0.091846466
0.082304,0.091846466
0.082306,0.091846466
0.082308,0.091846466
0.08231,0.091846466
0.082312,0.091846466
0.082314,0.091846466
0.082316,0.091846466
0.082318,0.091846466
0.08232,0.091846466
0.082322,0.091846466
0.082324,0.091846466
0.082326,0.091846466
0.082328,0.091846466
0.08233,0.091846466
0.082332,0.091846466
0.082334,0.091846466
0.082336,0.091846466
0.082338,0.091846466
0.08234,0.091846466
0.082342,0.091846466
0.082344,0.091846466
0.082346,0.091846466
0.082348,0.091846466
0.08235,0.091846466
0.082352,0.091846466
0.082354,0.091846466
0.082356,0.091846466
0.082358,0.091846466
0.08236,0.091846466
0.082361996,0.091846466
0.082364,0.091846466
0.082366,0.091846466
0.082368,0.091846466
0.08237,0.091846466
0.082372,0.091846466
0.082374,0.091846466
0.082376,0.091846466
0.082378,0.091846466
0.08238,0.091846466
0.082382,0.091846466
0.082384,0.091846466
0.082386,0.091846466
0.082388,0.091846466
0.08239,0.091846466
0.082392,0.091846466
0.082394,0.091846466
0.082396,0.091846466
0.082398,0.091846466
0.0824,0.091846466
0.082402,0.091846466
0.082404,0.091846466
0.082406,0.091846466
0.082408,0.091846466
0.08241,0.091846466
0.082412,0.091846466
0.082414,0.091846466
0.082416,0.091846466
0.082418,0.091846466
0.08242,0.091846466
0.082422,0.091846466
0.082424,0.091846466
0.082426,0.091846466
0.082428,0.091846466
0.08243,0.091846466
0.082432,0.091846466
0.082434,0.091846466
0.082436,0.091846466
0.082438,0.091846466
0.08244,0.091846466
0.082442,0.091846466
0.082444,0.091846466
0.082446,0.091846466
0.082448,0.091846466
0.08245,0.091846466
0.082452,0.091846466
0.082454,0.091846466
0.082456,0.091846466
0.082458,0.091846466
0.08246,0.091846466
0.082462,0.091846466
0.082464,0.091846466
0.082466,0.091846466
0.082468,0.091846466
0.08247,0.091846466
0.082472,0.091846466
0.082474,0.091846466
0.082476,0.091846466
0.082478,0.091846466
0.08248,0.091846466
0.082482,0.091846466
0.082484,0.091846466
0.082485996,0.091846466
0.082488,0.091846466
0.08249,0.091846466
0.082492,0.091846466
0.082494,0.091846466
0.082496,0.091846466
0.082498,0.091846466
0.0825,0.091846466
0.082502,0.091846466
0.082504,0.091846466
0.082506,0.091846466
0.082508,0.091846466
0.08251,0.091846466
0.082512,0.091846466
0.082514,0.091846466
0.082516,0.091846466
0.082518,0.091846466
0.08252,0.091846466
0.082522,0.091846466
0.082524,0.091846466
0.082526,0.091846466
0.082528,0.091846466
0.08253,0.091846466
0.082531996,0.091846466
0.082534,0.091846466
0.082536,0.091846466
0.082538,0.091846466
0.08254,0.091846466
0.082542,0.091846466
0.082544,0.091846466
0.082546,0.091846466
0.082548,0.091846466
0.08255,0.091846466
0.082552,0.091846466
0.082554,0.091846466
0.082556,0.091846466
0.082558,0.091846466
0.08256,0.091846466
0.082562,0.091846466
0.082564,0.091846466
0.082566,0.091846466
0.082568,0.091846466
0.08257,0.091846466
0.082572,0.091846466
0.082574,0.091846466
0.082576,0.091846466
0.082578,0.091846466
0.08258,0.091846466
0.082582,0.091846466
0.082584,0.091846466
0.082586,0.091846466
0.082588,0.091846466
0.08259,0.091846466
0.082592,0.091846466
0.082594,0.091846466
0.082596,0.091846466
0.082598,0.091846466
0.0826,0.091846466
0.082602,0.091846466
0.082604,0.091846466
0.082606,0.091846466
0.082608,0.091846466
0.082609996,0.091846466
0.082612,0.091846466
0.082614,0.091846466
0.082616,0.091846466
0.082618,0.091846466
0.08262,0.091846466
0.082622,0.091846466
0.082624,0.091846466
0.082626,0.091846466
0.082628,0.091846466
0.08263,0.091846466
0.082632,0.091846466
0.082634,0.091846466
0.082636,0.091846466
0.082638,0.091846466
0.08264,0.091846466
0.082642,0.091846466
0.082644,0.091846466
0.082646,0.091846466
0.082648,0.091846466
0.08265,0.091846466
0.082652,0.091846466
0.082654,0.091846466
0.082655996,0.091846466
0.082658,0.091846466
0.08266,0.091846466
0.082662,0.091846466
0.082664,0.091846466
0.082666,0.091846466
0.082668,0.091846466
0.08267,0.091846466
0.082672,0.091846466
0.082674,0.091846466
0.082676,0.091846466
0.082678,0.091846466
0.08268,0.091846466
0.082682,0.091846466
0.082684,0.091846466
0.082686,0.091846466
0.082688,0.091846466
0.08269,0.091846466
0.082692,0.091846466
0.082694,0.091846466
0.082696,0.091846466
0.082698,0.091846466
0.0827,0.091846466
0.082702,0.091846466
0.082704,0.091846466
0.082706,0.091846466
0.082708,0.091846466
0.08271,0.091846466
0.082712,0.091846466
0.082714,0.091846466
0.082716,0.091846466
0.082718,0.091846466
0.08272,0.091846466
0.082722,0.091846466
0.082724,0.091846466
0.082726,0.091846466
0.082728,0.091846466
0.08273,0.091846466
0.082732,0.091846466
0.082733996,0.091846466
0.082736,0.091846466
0.082738,0.091846466
0.08274,0.091846466
0.082742,0.091846466
0.082744,0.091846466
0.082746,0.091846466
0.082748,0.091846466
0.08275,0.091846466
0.082752,0.091846466
0.082754,0.091846466
0.082756,0.091846466
0.082758,0.091846466
0.08276,0.091846466
0.082762,0.091846466
0.082764,0.091846466
0.082766,0.091846466
0.082768,0.091846466
0.08277,0.091846466
0.082772,0.091846466
0.082774,0.091846466
0.082776,0.091846466
0.082778,0.091846466
0.082779996,0.091846466
0.082782,0.091846466
0.082784,0.091846466
0.082786,0.091846466
0.082788,0.091846466
0.08279,0.091846466
0.082792,0.091846466
0.082794,0.091846466
0.082796,0.091846466
0.082798,0.091846466
0.0828,0.091846466
0.082802,0.091846466
0.082804,0.091846466
0.082806,0.091846466
0.082808,0.091846466
0.08281,0.091846466
0.082812,0.091846466
0.082814,0.091846466
0.082816,0.091846466
0.082818,0.091846466
0.08282,0.091846466
0.082822,0.091846466
0.082824,0.091846466
0.082826,0.091846466
0.082828,0.091846466
0.08283,0.091846466
0.082832,0.091846466
0.082834,0.091846466
0.082836,0.091846466
0.082838,0.091846466
0.08284,0.091846466
0.082842,0.091846466
0.082844,0.091846466
0.082846,0.091846466
0.082848,0.091846466
0.08285,0.091846466
0.082852,0.091846466
0.082854,0.091846466
0.082856,0.091846466
0.082857996,0.091846466
0.08286,0.091846466
0.082862,0.091846466
0.082864,0.091846466
0.082866,0.091846466
0.082868,0.091846466
0.08287,0.091846466
0.082872,0.091846466
0.082874,0.091846466
0.082876,0.091846466
0.082878,0.091846466
0.08288,0.091846466
0.082882,0.091846466
0.082884,0.091846466
0.082886,0.091846466
0.082888,0.091846466
0.08289,0.091846466
0.082892,0.091846466
0.082894,0.091846466
0.082896,0.091846466
0.082898,0.091846466
0.0829,0.091846466
0.082902,0.091846466
0.082903996,0.091846466
0.082906,0.091846466
0.082908,0.091846466
0.08291,0.091846466
0.082912,0.091846466
0.082914,0.091846466
0.082916,0.091846466
0.082918,0.091846466
0.08292,0.091846466
0.082922,0.091846466
0.082924,0.091846466
0.082926,0.091846466
0.082928,0.091846466
0.08293,0.091846466
0.082932,0.091846466
0.082934,0.091846466
0.082936,0.091846466
0.082938,0.091846466
0.08294,0.091846466
0.082942,0.091846466
0.082944,0.091846466
0.082946,0.091846466
0.082948,0.091846466
0.08295,0.091846466
0.082952,0.091846466
0.082954,0.091846466
0.082956,0.091846466
0.082958,0.091846466
0.08296,0.091846466
0.082962,0.091846466
0.082964,0.60039186
0.082966,1.3863249
0.082968,1.3400936
0.08297,1.3400936
0.082972,1.3863249
0.082974,1.3863249
0.082976,1.3863249
0.082978,1.3863249
0.08298,1.3863249
0.082981996,1.3863249
0.082984,1.3863249
0.082986,1.3863249
0.082988,1.3863249
0.08299,1.3863249
0.082992,1.3863249
0.082994,1.3863249
0.082996,1.3863249
0.082998,1.3863249
0.083,1.3863249
0.083002,1.3863249
0.083004,1.3863249
0.083006,1.3863249
0.083008,1.3863249
0.08301,1.3863249
0.083012,1.3863249
0.083014,1.3863249
0.083016,1.3863249
0.083018,1.3863249
0.08302,1.3863249
0.083022,1.3863249
0.083024,1.3863249
0.083026,1.3863249
0.083027996,1.3863249
0.08303,1.3863249
0.083032,1.3863249
0.083034,1.3863249
0.083036,1.3863249
0.083038,1.3863249
0.08304,1.3863249
0.083042,1.3863249
0.083044,1.3863249
0.083046,1.3863249
0.083048,1.3863249
0.08305,1.3863249
0.083052,1.3863249
0.083054,1.3863249
0.083056,1.3863249
0.083058,1.3863249
0.08306,1.3863249
0.083062,1.3863249
0.083064,1.3863249
0.083066,1.3863249
0.083068,1.3863249
0.08307,1.3863249
0.083072,1.3863249
0.083074,1.3863249
0.083076,1.3863249
0.083078,1.3863249
0.08308,1.3863249
0.083082,1.3863249
0.083084,1.3863249
0.083086,1.3863249
0.083088,1.3863249
0.08309,1.3863249
0.083092,1.3863249
0.083094,1.3863249
0.083096,1.3863249
0.083098,1.3863249
0.0831,1.3863249
0.083102,1.3863249
0.083104,1.3863249
0.083105996,1.3863249
0.083108,1.3863249
0.08311,1.3863249
0.083112,1.3863249
0.083114,1.3863249
0.083116,1.3863249
0.083118,1.3863249
0.08312,1.3863249
0.083122,1.3863249
0.083124,1.3863249
0.083126,1.3863249
0.083128,1.3863249
0.08313,1.3863249
0.083132,1.3863249
0.083134,1.3863249
0.083136,1.3863249
0.083138,1.3863249
0.08314,1.3863249
0.083142,1.3863249
0.083144,1.3863249
0.083146,1.3863249
0.083148,1.3863249
0.08315,1.3863249
0.083151996,1.3863249
0.083154,1.3863249
0.083156,1.3863249
0.083158,1.3863249
0.08316,1.3863249
0.083162,1.3863249
0.083164,1.3863249
0.083166,1.3863249
0.083168,1.3863249
0.08317,1.3863249
0.083172,1.3863249
0.083174,1.3863249
0.083176,1.3863249
0.083178,1.3863249
0.08318,1.3863249
0.083182,1.3863249
0.083184,1.3863249
0.083186,1.3863249
0.083188,1.3863249
0.08319,1.3863249
0.083192,1.3863249
0.083194,1.3863249
0.083196,1.3863249
0.083198,1.3863249
0.0832,1.3863249
0.083202,1.3863249
0.083204,1.3863249
0.083206,1.3863249
0.083208,1.3863249
0.08321,1.3863249
0.083212,1.3863249
0.083214,1.3863249
0.083216,1.3863249
0.083218,1.3863249
0.08322,1.3863249
0.083222,1.3863249
0.083224,1.3863249
0.083226,1.3863249
0.083228,1.3863249
0.083229996,1.3863249
0.083232,1.3863249
0.083234,1.3863249
0.083236,1.3863249
0.083238,1.3863249
0.08324,1.3863249
0.083242,1.3863249
0.083244,1.3863249
0.083246,1.3863249
0.083248,1.3863249
0.08325,1.3863249
0.083252,1.3863249
0.083254,1.3863249
0.083256,1.3863249
0.083258,1.3863249
0.08326,1.3863249
0.083262,1.3863249
0.083264,1.3863249
0.083266,1.3863249
0.083268,1.3863249
0.08327,1.3863249
0.083272,1.3863249
0.083274,1.3863249
0.083275996,1.3863249
0.083278,1.3863249
0.08328,1.3863249
0.083282,1.3863249
0.083284,1.3863249
0.083286,1.3863249
0.083288,1.3863249
0.08329,1.3863249
0.083292,1.3863249
0.083294,1.3863249
0.083296,1.3863249
0.083298,1.3863249
0.0833,1.3863249
0.083302,1.3863249
0.083304,1.3863249
0.083306,1.3863249
0.083308,1.3863249
0.08331,1.3863249
0.083312,1.3863249
0.083314,1.3863249
0.083316,1.3863249
0.083318,2.2184901
0.08332,2.6345725
0.083322,2.6345725
0.083324,2.6345725
0.083326,2.6345725
0.083328,2.6345725
0.08333,2.6345725
0.083332,2.6345725
0.083334,2.6808028
0.083336,2.6808028
0.083338,2.6808028
0.08334,2.6808028
0.083342,2.6808028
0.083344,2.6808028
0.083346,2.6808028
0.083348,2.6808028
0.08335,2.6808028
0.083352,2.6808028
0.083354,2.6808028
0.083356,2.6808028
0.083358,2.6808028
0.08336,2.6808028
0.083362,2.6808028
0.083364,2.6808028
0.083366,2.6808028
0.083368,2.6808028
0.08337,2.6808028
0.083372,2.6808028
0.083374,2.6808028
0.083376,2.6808028
0.083378,2.6808028
0.08338,2.6808028
0.083382,2.6808028
0.083384,2.6808028
0.083386,2.6808028
0.083388,2.6808028
0.08339,2.6808028
0.083392,2.6808028
0.083394,2.6808028
0.083396,2.6808028
0.083398,2.6808028
0.083399996,2.6808028
0.083402,2.6808028
0.083404,2.6808028
0.083406,2.6808028
0.083408,2.6808028
0.08341,2.6808028
0.083412,2.6808028
0.083414,2.6808028
0.083416,2.6808028
0.083418,2.6808028
0.08342,2.6808028
0.083422,2.6808028
0.083424,2.6808028
0.083426,2.6808028
0.083428,2.6808028
0.08343,2.6808028
0.083432,2.6808028
0.083434,2.6808028
0.083436,2.6808028
0.083438,2.6808028
0.08344,2.6808028
0.083442,2.6808028
0.083444,2.6808028
0.083446,2.6808028
0.083448,2.6808028
0.08345,2.6808028
0.083452,2.6808028
0.083454,2.6808028
0.083456,2.6808028
0.083458,2.6808028
0.08346,2.6808028
0.083462,2.6808028
0.083464,2.6808028
0.083466,2.6808028
0.083468,2.6808028
0.08347,2.6808028
0.083472,2.6808028
0.083474,2.6808028
0.083476,2.6808028
0.083478,2.6808028
0.08348,2.6808028
0.083482,2.6808028
0.083484,2.6808028
0.083486,2.6808028
0.083488,2.6808028
0.08349,2.6808028
0.083492,2.6808028
0.083494,2.6808028
0.083496,2.6808028
0.083498,2.6808028
0.0835,2.6808028
0.083502,2.6808028
0.083504,2.6808028
0.083506,2.6808028
0.083508,2.6808028
0.08351,2.6808028
0.083512,2.6808028
0.083514,2.6808028
0.083516,2.6808028
0.083518,2.6808028
0.08352,2.6808028
0.083522,2.6808028
0.083523996,2.6808028
0.083526,2.6808028
0.083528,2.6808028
0.08353,2.6808028
0.083532,2.6808028
0.083534,2.6808028
0.083536,2.6808028
0.083538,2.6808028
0.08354,2.6808028
0.083542,2.6808028
0.083544,2.6808028
0.083546,2.6808028
0.083548,2.6808028
0.08355,2.6808028
0.083552,2.6808028
0.083554,2.6808028
0.083556,2.6808028
0.083558,2.6808028
0.08356,2.6808028
0.083562,2.6808028
0.083564,2.6808028
0.083566,2.6808028
0.083568,2.6808028
0.08357,2.6808028
0.083572,2.6808028
0.083574,2.6808028
0.083576,2.6808028
0.083578,2.6808028
0.08358,2.6808028
0.083582,2.6808028
0.083584,2.6808028
0.083586,2.6808028
0.083588,2.6808028
0.08359,2.6808028
0.083592,2.6808028
0.083594,2.6808028
0.083596,2.6808028
0.083598,2.6808028
0.0836,2.6808028
0.083602,2.6808028
0.083604,2.6808028
0.083606,2.6808028
0.083608,2.6808028
0.08361,2.6808028
0.083612,2.6808028
0.083614,2.6808028
0.083616,2.6808028
0.083618,2.6808028
0.08362,2.6808028
0.083622,2.6808028
0.083624,2.6808028
0.083626,2.6808028
0.083628,2.6808028
0.08363,2.6808028
0.083632,2.6808028
0.083634,2.6808028
0.083636,2.6808028
0.083638,2.6808028
0.08364,2.6808028
0.083642,2.6808028
0.083644,3.050654
0.083646,3.8828197
0.083647996,3.92905
0.08365,3.92905
0.083652,3.9752812
0.083654,3.92905
0.083656,3.9752812
0.083658,3.9752812
0.08366,3.9752812
0.083662,3.9752812
0.083664,3.9752812
0.083666,3.9752812
0.083668,3.9752812
0.08367,3.9752812
0.083672,3.9752812
0.083674,3.9752812
0.083676,3.9752812
0.083678,3.9752812
0.08368,3.9752812
0.083682,3.9752812
0.083684,3.9752812
0.083686,3.9752812
0.083688,3.9752812
0.08369,3.9752812
0.083692,3.9752812
0.083693996,3.9752812
0.083696,3.9752812
0.083698,3.9752812
0.0837,3.9752812
0.083702,3.9752812
0.083704,3.9752812
0.083706,3.9752812
0.083708,3.9752812
0.08371,3.9752812
0.083712,3.9752812
0.083714,3.9752812
0.083716,3.9752812
0.083718,3.9752812
0.08372,3.9752812
0.083722,3.9752812
0.083724,3.9752812
0.083726,3.9752812
0.083728,3.9752812
0.08373,3.9752812
0.083732,3.9752812
0.083734,3.9752812
0.083736,3.9752812
0.083738,3.9752812
0.08374,3.9752812
0.083742,3.9752812
0.083744,3.9752812
0.083746,3.9752812
0.083748,3.9752812
0.08375,3.9752812
0.083752,3.9752812
0.083754,3.9752812
0.083756,3.9752812
0.083758,3.9752812
0.08376,3.9752812
0.083762,3.9752812
0.083764,3.9752812
0.083766,3.9752812
0.083768,3.9752812
0.08377,3.9752812
0.083771996,3.9752812
0.083774,3.9752812
0.083776,3.9752812
0.083778,3.9752812
0.08378,3.9752812
0.083782,3.9752812
0.083784,3.9752812
0.083786,3.9752812
0.083788,3.9752812
0.08379,3.9752812
0.083792,3.9752812
0.083794,3.9752812
0.083796,3.9752812
0.083798,3.9752812
0.0838,3.9752812
0.083802,3.9752812
0.083804,3.9752812
0.083806,3.9752812
0.083808,3.9752812
0.08381,3.9752812
0.083812,3.9752812
0.083814,3.9752812
0.083816,3.9752812
0.083817996,3.9752812
0.08382,3.9752812
0.083822,3.9752812
0.083824,3.9752812
0.083826,3.9752812
0.083828,3.9752812
0.08383,3.9752812
0.083832,3.9752812
0.083834,3.9752812
0.083836,3.9752812
0.083838,3.9752812
0.08384,3.9752812
0.083842,3.9752812
0.083844,3.9752812
0.083846,3.9752812
0.083848,3.9752812
0.08385,3.9752812
0.083852,3.9752812
0.083854,3.9752812
0.083856,3.9752812
0.083858,3.9752812
0.08386,3.9752812
0.083862,3.9752812
0.083864,3.9752812
0.083866,3.9752812
0.083868,3.9752812
0.08387,3.9752812
0.083872,3.9752812
0.083874,3.9752812
0.083876,3.9752812
0.083878,3.9752812
0.08388,3.9752812
0.083882,3.9752812
0.083884,3.9752812
0.083886,3.9752812
0.083888,3.9752812
0.08389,3.9752812
0.083892,3.9752812
0.083894,3.9752812
0.083895996,3.9752812
0.083898,3.9752812
0.0839,3.9752812
0.083902,3.9752812
0.083904,3.9752812
0.083906,3.9752812
0.083908,3.9752812
0.08391,3.9752812
0.083912,3.9752812
0.083914,3.9752812
0.083916,3.9752812
0.083918,3.9752812
0.08392,3.9752812
0.083922,3.9752812
0.083924,3.9752812
0.083926,3.9752812
0.083928,3.9752812
0.08393,3.9752812
0.083932,3.9752812
0.083934,3.9752812
0.083936,3.9752812
0.083938,3.9752812
0.08394,3.9752812
0.083941996,3.9752812
0.083944,3.9752812
0.083946,3.9752812
0.083948,3.9752812
0.08395,3.9752812
0.083952,3.9752812
0.083954,3.9752812
0.083956,3.9752812
0.083958,3.9752812
0.08396,3.9752812
0.083962,3.9752812
0.083964,3.9752812
0.083966,3.9752812
0.083968,3.9752812
0.08397,3.9752812
0.083972,3.9752812
0.083974,3.9752812
0.083976,3.9752812
0.083978,3.9752812
0.08398,3.9752812
0.083982,3.9752812
0.083984,3.9752812
0.083986,3.9752812
0.083988,3.9752812
0.08399,3.9752812
0.083992,3.9752812
0.083994,3.9752812
0.083996,3.9752812
0.083998,3.9752812
0.084,3.9752812
0.084002,3.9752812
0.084004,3.9752812
0.084006,3.9752812
0.084008,3.9752812
0.08401,3.9752812
0.084012,3.9752812
0.084014,3.9752812
0.084016,3.9752812
0.084018,3.9752812
0.084019996,3.9752812
0.084022,3.9752812
0.084024,3.9752812
0.084026,3.9752812
0.084028,3.9752812
0.08403,3.9752812
0.084032,3.9752812
0.084034,3.9752812
0.084036,3.9752812
0.084038,3.9752812
0.08404,3.9752812
0.084042,3.9752812
0.084044,3.9752812
0.084046,3.9752812
0.084048,3.9752812
0.08405,3.9752812
0.084052,3.9752812
0.084054,3.9752812
0.084056,3.9752812
0.084058,3.9752812
0.08406,3.9752812
0.084062,3.9752812
0.084064,3.9752812
0.084065996,3.9752812
0.084068,3.9752812
0.08407,3.9752812
0.084072,3.9752812
0.084074,3.9752812
0.084076,3.9752812
0.084078,3.9752812
0.08408,3.9752812
0.084082,3.9752812
0.084084,3.9752812
0.084086,3.9752812
0.084088,3.9752812
0.08409,3.9752812
0.084092,3.9752812
0.084094,3.9752812
0.084096,3.9752812
0.084098,3.9752812
0.0841,3.9752812
0.084102,3.9752812
0.084104,3.9752812
0.084106,3.9752812
0.084108,3.9752812
0.08411,3.9752812
0.084112,3.9752812
0.084114,3.9752812
0.084116,3.9752812
0.084118,3.9752812
0.08412,3.9752812
0.084122,3.9752812
0.084124,3.9752812
0.084126,3.9752812
0.084128,3.9752812
0.08413,3.9752812
0.084132,3.9752812
0.084134,3.9752812
0.084136,3.9752812
0.084138,3.9752812
0.08414,3.9752812
0.084142,3.9752812
0.084143996,3.9752812
0.084146,3.9752812
0.084148,3.9752812
0.08415,3.9752812
0.084152,3.9752812
0.084154,3.9752812
0.084156,3.9752812
0.084158,3.9752812
0.08416,3.9752812
0.084162,3.9752812
0.084164,3.9752812
0.084166,3.9752812
0.084168,3.9752812
0.08417,3.9752812
0.084172,3.9752812
0.084174,3.9752812
0.084176,3.9752812
0.084178,3.9752812
0.08418,3.9752812
0.084182,3.9752812
0.084184,3.9752812
0.084186,3.9752812
0.084188,3.9752812
0.084189996,3.9752812
0.084192,3.9752812
0.084194,3.9752812
0.084196,3.9752812
0.084198,3.9752812
0.0842,3.9752812
0.084202,3.9752812
0.084204,3.9752812
0.084206,3.9752812
0.084208,3.9752812
0.08421,3.9752812
0.084212,3.9752812
0.084214,3.9752812
0.084216,3.9752812
0.084218,3.9752812
0.08422,3.9752812
0.084222,3.9752812
0.084224,3.9752812
0.084226,3.9752812
0.084228,3.9752812
0.08423,3.9752812
0.084232,3.9752812
0.084234,3.9752812
0.084236,3.9752812
0.084238,3.9752812
0.08424,3.9752812
0.084242,3.9752812
0.084244,3.9752812
0.084246,3.9752812
0.084248,3.9752812
0.08425,3.9752812
0.084252,3.9752812
0.084254,3.9752812
0.084256,3.9752812
0.084258,3.9752812
0.08426,3.9752812
0.084262,3.9752812
0.084264,3.9752812
0.084266,3.9752812
0.084267996,3.9752812
0.08427,3.9752812
0.084272,3.9752812
0.084274,3.9752812
0.084276,3.9752812
0.084278,3.9752812
0.08428,3.9752812
0.084282,3.9752812
0.084284,3.9752812
0.084286,3.9752812
0.084288,3.9752812
0.08429,3.9752812
0.084292,3.9752812
0.084294,3.9752812
0.084296,3.9752812
0.084298,3.9752812
0.0843,3.9752812
0.084302,3.9752812
0.084304,3.9752812
0.084306,3.9752812
0.084308,3.9752812
0.08431,3.9752812
0.084312,3.9752812
0.084313996,3.9752812
0.084316,3.9752812
0.084318,3.9752812
0.08432,3.9752812
0.084322,3.9752812
0.084324,3.9752812
0.084326,3.9752812
0.084328,3.9752812
0.08433,3.9752812
0.084332,3.9752812
0.084334,3.9752812
0.084336,3.9752812
0.084338,3.9752812
0.08434,3.9752812
0.084342,3.9752812
0.084344,3.9752812
0.084346,3.9752812
0.084348,3.9752812
0.08435,3.9752812
0.084352,3.9752812
0.084354,3.9752812
0.084356,3.9752812
0.084358,3.9752812
0.08436,3.9752812
0.084362,3.9752812
0.084364,3.9752812
0.084366,3.9752812
0.084368,3.9752812
0.08437,3.9752812
0.084372,3.9752812
0.084374,3.9752812
0.084376,3.9752812
0.084378,3.9752812
0.08438,3.9752812
0.084382,3.9752812
0.084384,3.9752812
0.084386,3.9752812
0.084388,3.9752812
0.08439,3.9752812
0.084391996,3.9752812
0.084394,3.9752812
0.084396,3.9752812
0.084398,3.9752812
0.0844,3.9752812
0.084402,3.9752812
0.084404,3.9752812
0.084406,3.9752812
0.084408,3.9752812
0.08441,3.9752812
0.084412,3.9752812
0.084414,3.9752812
0.084416,3.9752812
0.084418,3.9752812
0.08442,3.9752812
0.084422,3.9752812
0.084424,3.9752812
0.084426,3.9752812
0.084428,3.9752812
0.08443,3.9752812
0.084432,3.9752812
0.084434,3.9752812
0.084436,3.9752812
0.084437996,3.9752812
0.08444,3.9752812
0.084442,3.9752812
0.084444,3.9752812
0.084446,3.9752812
0.084448,3.9752812
0.08445,3.9752812
0.084452,3.9752812
0.084454,3.9752812
0.084456,3.9752812
0.084458,3.9752812
0.08446,3.9752812
0.084462,3.9752812
0.084464,3.9752812
0.084466,3.9752812
0.084468,3.9752812
0.08447,3.9752812
0.084472,3.9752812
0.084474,3.9752812
0.084476,3.9752812
0.084478,3.9752812
0.08448,3.9752812
0.084482,3.9752812
0.084484,3.9752812
0.084486,3.9752812
0.084488,3.9752812
0.08449,3.9752812
0.084492,3.9752812
0.084494,3.9752812
0.084496,3.9752812
0.084498,3.9752812
0.0845,3.9752812
0.084502,3.9752812
0.084504,3.9752812
0.084506,3.9752812
0.084508,3.9752812
0.08451,3.9752812
0.084512,3.9752812
0.084514,3.9752812
0.084516,3.9752812
0.084518,3.9752812
0.08452,3.9752812
0.084522,3.9752812
0.084524,3.9752812
0.084526,3.9752812
0.084528,3.9752812
0.08453,3.9752812
0.084532,3.9752812
0.084534,3.9752812
0.084536,3.9752812
0.084538,3.9752812
0.08454,3.9752812
0.084542,3.9752812
0.084544,3.9752812
0.084546,3.9752812
0.084548,3.9752812
0.08455,3.9752812
0.084552,3.9752812
0.084554,3.9752812
0.084556,3.9752812
0.084558,3.9752812
0.08456,3.9752812
0.084561996,3.9752812
0.084564,3.9752812
0.084566,3.9752812
0.084568,3.9752812
0.08457,3.9752812
0.084572,3.9752812
0.084574,3.9752812
0.084576,3.9752812
0.084578,3.9752812
0.08458,3.9752812
0.084582,3.9752812
0.084584,3.9752812
0.084586,3.9752812
0.084588,3.9752812
0.08459,3.9752812
0.084592,3.9752812
0.084594,3.9752812
0.084596,3.9752812
0.084598,3.9752812
0.0846,3.9752812
0.084602,3.9752812
0.084604,3.9752812
0.084606,3.9752812
0.084608,3.9752812
0.08461,3.9752812
0.084612,3.9752812
0.084614,3.9752812
0.084616,3.9752812
0.084618,3.9752812
0.08462,3.9752812
0.084622,3.9752812
0.084624,3.9752812
0.084626,3.9752812
0.084628,3.9752812
0.08463,3.9752812
0.084632,3.9752812
0.084634,3.9752812
0.084636,3.9752812
0.084638,3.9752812
0.08464,3.9752812
0.084642,3.9752812
0.084644,3.9752812
0.084646,3.9752812
0.084648,3.9752812
0.08465,3.9752812
0.084652,3.9752812
0.084654,3.9752812
0.084656,3.9752812
0.084658,3.9752812
0.08466,3.9752812
0.084662,3.9752812
0.084664,3.9752812
0.084666,3.9752812
0.084668,3.9752812
0.08467,3.9752812
0.084672,3.9752812
0.084674,3.9752812
0.084676,3.9752812
0.084678,3.9752812
0.08468,3.9752812
0.084682,3.9752812
0.084684,3.9752812
0.084685996,3.9752812
0.084688,3.9752812
0.08469,3.9752812
0.084692,3.9752812
0.084694,3.9752812
0.084696,3.9752812
0.084698,3.9752812
0.0847,3.9752812
0.084702,3.9752812
0.084704,3.9752812
0.084706,3.9752812
0.084708,3.9752812
0.08471,3.9752812
0.084712,3.9752812
0.084714,3.9752812
0.084716,3.9752812
0.084718,3.9752812
0.08472,3.9752812
0.084722,3.9752812
0.084724,3.9752812
0.084726,3.9752812
0.084728,3.9752812
0.08473,3.9752812
0.084732,3.9752812
0.084734,3.9752812
0.084736,3.9752812
0.084738,3.9752812
0.08474,3.9752812
0.084742,3.9752812
0.084744,3.9752812
0.084746,3.9752812
0.084748,3.9752812
0.08475,3.9752812
0.084752,3.9752812
0.084754,3.9752812
0.084756,3.9752812
0.084758,3.9752812
0.08476,3.9752812
0.084762,3.9752812
0.084764,3.9752812
0.084766,3.9752812
0.084768,3.9752812
0.08477,3.9752812
0.084772,3.9752812
0.084774,3.9752812
0.084776,3.9752812
0.084778,3.9752812
0.08478,3.9752812
0.084782,3.9752812
0.084784,3.9752812
0.084786,3.9752812
0.084788,2.9119601
0.08479,2.727035
0.084792,2.727035
0.084794,2.727035
0.084796,2.727035
0.084798,2.727035
0.0848,2.727035
0.084802,2.727035
0.084804,2.727035
0.084806,2.6808028
0.084808,2.6808028
0.084809996,2.6808028
0.084812,2.6808028
0.084814,2.6808028
0.084816,2.6808028
0.084818,2.6808028
0.08482,2.6808028
0.084822,2.6808028
0.084824,2.6808028
0.084826,2.6808028
0.084828,2.6808028
0.08483,2.6808028
0.084832,2.6808028
0.084834,2.6808028
0.084836,2.6808028
0.084838,2.6808028
0.08484,2.6808028
0.084842,2.6808028
0.084844,2.6808028
0.084846,2.6808028
0.084848,2.6808028
0.08485,2.6808028
0.084852,2.6808028
0.084854,2.6808028
0.084855996,2.6808028
0.084858,2.6808028
0.08486,2.6808028
0.084862,2.6808028
0.084864,2.6808028
0.084866,2.6808028
0.084868,2.6808028
0.08487,2.6808028
0.084872,2.6808028
0.084874,2.6808028
0.084876,2.6808028
0.084878,2.6808028
0.08488,2.6808028
0.084882,2.6808028
0.084884,2.6808028
0.084886,2.6808028
0.084888,2.6808028
0.08489,2.6808028
0.084892,2.6808028
0.084894,2.6808028
0.084896,2.6808028
0.084898,2.6808028
0.0849,2.6808028
0.084902,2.6808028
0.084904,2.6808028
0.084906,2.6808028
0.084908,2.6808028
0.08491,2.6808028
0.084912,2.6808028
0.084914,2.6808028
0.084916,2.6808028
0.084918,2.6808028
0.08492,2.6808028
0.084922,2.6808028
0.084924,2.6808028
0.084926,2.6808028
0.084928,2.6808028
0.08493,2.6808028
0.084932,2.6808028
0.084933996,2.6808028
0.084936,2.6808028
0.084938,2.6808028
0.08494,2.6808028
0.084942,2.6808028
0.084944,2.6808028
0.084946,2.6808028
0.084948,2.6808028
0.08495,2.6808028
0.084952,2.6808028
0.084954,2.6808028
0.084956,2.6808028
0.084958,2.6808028
0.08496,2.6808028
0.084962,2.6808028
0.084964,2.6808028
0.084966,2.6808028
0.084968,2.6808028
0.08497,2.6808028
0.084972,2.6808028
0.084974,2.6808028
0.084976,2.6808028
0.084978,2.6808028
0.084979996,2.6808028
0.084982,2.6808028
0.084984,2.6808028
0.084986,2.6808028
0.084988,2.6808028
0.08499,2.6808028
0.084992,2.6808028
0.084994,2.6808028
0.084996,2.6808028
0.084998,2.6808028
0.085,2.6808028
0.085002,2.6808028
0.085004,2.6808028
0.085006,2.6808028
0.085008,2.6808028
0.08501,2.6808028
0.085012,2.6808028
0.085014,2.6808028
0.085016,2.6808028
0.085018,2.6808028
0.08502,2.6808028
0.085022,2.6808028
0.085024,2.6808028
0.085026,2.6808028
0.085028,2.6808028
0.08503,2.6808028
0.085032,2.6808028
0.085034,2.6808028
0.085036,2.6808028
0.085038,2.6808028
0.08504,2.6808028
0.085042,2.6808028
0.085044,2.6808028
0.085046,2.6808028
0.085048,2.6808028
0.08505,2.6808028
0.085052,2.6808028
0.085054,2.6808028
0.085056,2.6808028
0.085057996,2.6808028
0.08506,2.6808028
0.085062,2.6808028
0.085064,2.6808028
0.085066,2.6808028
0.085068,2.6808028
0.08507,2.6808028
0.085072,2.6808028
0.085074,2.6808028
0.085076,2.6808028
0.085078,2.6808028
0.08508,2.6808028
0.085082,2.6808028
0.085084,2.6808028
0.085086,2.6808028
0.085088,2.6808028
0.08509,2.6808028
0.085092,2.6808028
0.085094,2.6808028
0.085096,2.6808028
0.085098,2.6808028
0.0851,2.6808028
0.085102,2.6808028
0.085103996,2.6808028
0.085106,2.6808028
0.085108,2.6808028
0.08511,2.6808028
0.085112,2.6808028
0.085114,1.9873328
0.085116,1.4325566
0.085118,1.4325566
0.08512,1.4325566
0.085122,1.4325566
0.085124,1.4325566
0.085126,1.4325566
0.085128,1.4325566
0.08513,1.4325566
0.085132,1.4325566
0.085134,1.4325566
0.085136,1.4325566
0.085138,1.4325566
0.08514,1.4325566
0.085142,1.4325566
0.085144,1.4325566
0.085146,1.4325566
0.085148,1.4325566
0.08515,1.4325566
0.085152,1.3863249
0.085154,1.3863249
0.085156,1.3863249
0.085158,1.3863249
0.08516,1.3863249
0.085162,1.3863249
0.085164,1.3863249
0.085166,1.3863249
0.085168,1.3863249
0.08517,1.3863249
0.085172,1.3863249
0.085174,1.3863249
0.085176,1.3863249
0.085178,1.3863249
0.08518,1.3863249
0.085181996,1.3863249
0.085184,1.3863249
0.085186,1.3863249
0.085188,1.3863249
0.08519,1.3863249
0.085192,1.3863249
0.085194,1.3863249
0.085196,1.3863249
0.085198,1.3863249
0.0852,1.3863249
0.085202,1.3863249
0.085204,1.3863249
0.085206,1.3863249
0.085208,1.3863249
0.08521,1.3863249
0.085212,1.3863249
0.085214,1.3863249
0.085216,1.3863249
0.085218,1.3863249
0.08522,1.3863249
0.085222,1.3863249
0.085224,1.3863249
0.085226,1.3863249
0.085227996,1.3863249
0.08523,1.3863249
0.085232,1.3863249
0.085234,1.3863249
0.085236,1.3863249
0.085238,1.3863249
0.08524,1.3863249
0.085242,1.3863249
0.085244,1.3863249
0.085246,1.3863249
0.085248,1.3863249
0.08525,1.3863249
0.085252,1.3863249
0.085254,1.3863249
0.085256,1.3863249
0.085258,1.3863249
0.08526,1.3863249
0.085262,1.3863249
0.085264,1.3863249
0.085266,1.3863249
0.085268,1.3863249
0.08527,1.3863249
0.085272,1.3863249
0.085274,1.3863249
0.085276,1.3863249
0.085278,1.3863249
0.08528,1.3863249
0.085282,1.3863249
0.085284,1.3863249
0.085286,1.3863249
0.085288,1.3863249
0.08529,1.3863249
0.085292,1.3863249
0.085294,1.3863249
0.085296,1.3863249
0.085298,1.3863249
0.0853,1.3863249
0.085302,1.3863249
0.085304,1.3863249
0.085305996,1.3863249
0.085308,1.3863249
0.08531,1.3863249
0.085312,1.3863249
0.085314,1.3863249
0.085316,1.3863249
0.085318,1.3863249
0.08532,1.3863249
0.085322,1.3863249
0.085324,1.3863249
0.085326,1.3863249
0.085328,1.3863249
0.08533,1.3863249
0.085332,1.3863249
0.085334,1.3863249
0.085336,1.3863249
0.085338,1.3863249
0.08534,1.3863249
0.085342,1.3863249
0.085344,1.3863249
0.085346,1.3863249
0.085348,1.3863249
0.08535,1.3863249
0.085351996,1.3863249
0.085354,1.3863249
0.085356,1.3863249
0.085358,1.3863249
0.08536,1.3863249
0.085362,1.3863249
0.085364,1.3863249
0.085366,1.3863249
0.085368,1.3863249
0.08537,1.3863249
0.085372,1.3863249
0.085374,1.3863249
0.085376,1.3863249
0.085378,1.3863249
0.08538,1.3863249
0.085382,1.3863249
0.085384,1.3863249
0.085386,1.3863249
0.085388,1.3863249
0.08539,1.3863249
0.085392,1.3863249
0.085394,1.3863249
0.085396,1.3863249
0.085398,1.3863249
0.0854,1.3863249
0.085402,1.3863249
0.085404,1.3863249
0.085406,1.3863249
0.085408,1.3863249
0.08541,1.3863249
0.085412,1.3863249
0.085414,1.3863249
0.085416,1.3863249
0.085418,1.3863249
0.08542,1.3863249
0.085422,1.3863249
0.085424,1.3863249
0.085426,1.3863249
0.085428,1.3863249
0.085429996,1.3863249
0.085432,1.3863249
0.085434,1.3863249
0.085436,1.3863249
0.085438,1.3863249
0.08544,1.3863249
0.085442,1.3863249
0.085444,1.3863249
0.085446,1.3863249
0.085448,1.3863249
0.08545,1.3863249
0.085452,1.3863249
0.085454,1.3863249
0.085456,1.3863249
0.085458,1.3863249
0.08546,1.3863249
0.085462,1.3863249
0.085464,1.3863249
0.085466,1.3863249
0.085468,0.36923456
0.08547,0.184309
0.085472,0.13807821
0.085474,0.13807821
0.085475996,0.13807821
0.085478,0.13807821
0.08548,0.13807821
0.085482,0.13807821
0.085484,0.13807821
0.085486,0.13807821
0.085488,0.13807821
0.08549,0.091846466
0.085492,0.091846466
0.085494,0.091846466
0.085496,0.091846466
0.085498,0.091846466
0.0855,0.091846466
0.085502,0.091846466
0.085504,0.091846466
0.085506,0.091846466
0.085508,0.091846466
0.08551,0.091846466
0.085512,0.091846466
0.085514,0.091846466
0.085516,0.091846466
0.085518,0.091846466
0.08552,0.091846466
0.085522,0.091846466
0.085524,0.091846466
0.085526,0.091846466
0.085528,0.091846466
0.08553,0.091846466
0.085532,0.091846466
0.085534,0.091846466
0.085536,0.091846466
0.085538,0.091846466
0.08554,0.091846466
0.085542,0.091846466
0.085544,0.091846466
0.085546,0.091846466
0.085548,0.091846466
0.08555,0.091846466
0.085552,0.091846466
0.085553996,0.091846466
0.085556,0.091846466
0.085558,0.091846466
0.08556,0.091846466
0.085562,0.091846466
0.085564,0.091846466
0.085566,0.091846466
0.085568,0.091846466
0.08557,0.091846466
0.085572,0.091846466
0.085574,0.091846466
0.085576,0.091846466
0.085578,0.091846466
0.08558,0.091846466
0.085582,0.091846466
0.085584,0.091846466
0.085586,0.091846466
0.085588,0.091846466
0.08559,0.091846466
0.085592,0.091846466
0.085594,0.091846466
0.085596,0.091846466
0.085598,0.091846466
0.085599996,0.091846466
0.085602,0.091846466
0.085604,0.091846466
0.085606,0.091846466
0.085608,0.091846466
0.08561,0.091846466
0.085612,0.091846466
0.085614,0.091846466
0.085616,0.091846466
0.085618,0.091846466
0.08562,0.091846466
0.085622,0.091846466
0.085624,0.091846466
0.085626,0.091846466
0.085628,0.091846466
0.08563,0.091846466
0.085632,0.091846466
0.085634,0.091846466
0.085636,0.091846466
0.085638,0.091846466
0.08564,0.091846466
0.085642,0.091846466
0.085644,0.091846466
0.085646,0.091846466
0.085648,0.091846466
0.08565,0.091846466
0.085652,0.091846466
0.085654,0.091846466
0.085656,0.091846466
0.085658,0.091846466
0.08566,0.091846466
0.085662,0.091846466
0.085664,0.091846466
0.085666,0.091846466
0.085668,0.091846466
0.08567,0.091846466
0.085672,0.091846466
0.085674,0.091846466
0.085676,0.091846466
0.085678,0.091846466
0.08568,0.091846466
0.085682,0.091846466
0.085684,0.091846466
0.085686,0.091846466
0.085688,0.091846466
0.08569,0.091846466
0.085692,0.091846466
0.085694,0.091846466
0.085696,0.091846466
0.085698,0.091846466
0.0857,0.091846466
0.085702,0.091846466
0.085704,0.091846466
0.085706,0.091846466
0.085708,0.091846466
0.08571,0.091846466
0.085712,0.091846466
0.085714,0.091846466
0.085716,0.091846466
0.085718,0.091846466
0.08572,0.091846466
0.085722,0.091846466
0.085723996,0.091846466
0.085726,0.091846466
0.085728,0.091846466
0.08573,0.091846466
0.085732,0.091846466
0.085734,0.091846466
0.085736,0.091846466
0.085738,0.091846466
0.08574,0.091846466
0.085742,0.091846466
0.085744,0.091846466
0.085746,0.091846466
0.085748,0.091846466
0.08575,0.091846466
0.085752,0.091846466
0.085754,0.091846466
0.085756,0.091846466
0.085758,0.091846466
0.08576,0.091846466
0.085762,0.091846466
0.085764,0.091846466
0.085766,0.091846466
0.085768,0.091846466
0.08577,0.091846466
0.085772,0.091846466
0.085774,0.091846466
0.085776,0.091846466
0.085778,0.091846466
0.08578,0.091846466
0.085782,0.091846466
0.085784,0.091846466
0.085786,0.091846466
0.085788,0.091846466
0.08579,0.091846466
0.085792,0.091846466
0.085794,0.091846466
0.085796,0.091846466
0.085798,0.091846466
0.0858,0.091846466
0.085802,0.091846466
0.085804,0.091846466
0.085806,0.091846466
0.085808,0.091846466
0.08581,0.091846466
0.085812,0.091846466
0.085814,0.091846466
0.085816,0.091846466
0.085818,0.091846466
0.08582,0.091846466
0.085822,0.091846466
0.085824,0.091846466
0.085826,0.091846466
0.085828,0.091846466
0.08583,0.091846466
0.085832,0.091846466
0.085834,0.091846466
0.085836,0.091846466
0.085838,0.091846466
0.08584,0.091846466
0.085842,0.091846466
0.085844,0.091846466
0.085846,0.091846466
0.085847996,0.091846466
0.08585,0.091846466
0.085852,0.091846466
0.085854,0.091846466
0.085856,0.091846466
0.085858,0.091846466
0.08586,0.091846466
0.085862,0.091846466
0.085864,0.091846466
0.085866,0.091846466
0.085868,0.091846466
0.08587,0.091846466
0.085872,0.091846466
0.085874,0.091846466
0.085876,0.091846466
0.085878,0.091846466
0.08588,0.091846466
0.085882,0.091846466
0.085884,0.091846466
0.085886,0.091846466
0.085888,0.091846466
0.08589,0.091846466
0.085892,0.091846466
0.085893996,0.091846466
0.085896,0.091846466
0.085898,0.091846466
0.0859,0.091846466
0.085902,0.091846466
0.085904,0.091846466
0.085906,0.091846466
0.085908,0.091846466
0.08591,0.091846466
0.085912,0.091846466
0.085914,0.091846466
0.085916,0.091846466
0.085918,0.091846466
0.08592,0.091846466
0.085922,0.091846466
0.085924,0.091846466
0.085926,0.091846466
0.085928,0.091846466
0.08593,0.091846466
0.085932,0.091846466
0.085934,0.091846466
0.085936,0.091846466
0.085938,0.091846466
0.08594,0.091846466
0.085942,0.091846466
0.085944,0.091846466
0.085946,0.091846466
0.085948,0.091846466
0.08595,0.091846466
0.085952,0.091846466
0.085954,0.091846466
0.085956,0.091846466
0.085958,0.091846466
0.08596,0.091846466
0.085962,0.091846466
0.085964,0.091846466
0.085966,0.091846466
0.085968,0.091846466
0.08597,0.091846466
0.085971996,0.091846466
0.085974,0.091846466
0.085976,0.091846466
0.085978,0.091846466
0.08598,0.091846466
0.085982,0.091846466
0.085984,0.091846466
0.085986,0.091846466
0.085988,0.091846466
0.08599,0.091846466
0.085992,0.091846466
0.085994,0.091846466
0.085996,0.091846466
0.085998,0.091846466
0.086,0.091846466
0.086002,0.091846466
0.086004,0.091846466
0.086006,0.091846466
0.086008,0.091846466
0.08601,0.091846466
0.086012,0.091846466
0.086014,0.091846466
0.086016,0.091846466
0.086017996,0.091846466
0.08602,0.091846466
0.086022,0.091846466
0.086024,0.091846466
0.086026,0.091846466
0.086028,0.091846466
0.08603,0.091846466
0.086032,0.091846466
0.086034,0.091846466
0.086036,0.091846466
0.086038,0.091846466
0.08604,0.091846466
0.086042,0.091846466
0.086044,0.091846466
0.086046,0.091846466
0.086048,0.091846466
0.08605,0.091846466
0.086052,0.091846466
0.086054,0.091846466
0.086056,0.091846466
0.086058,0.091846466
0.08606,0.091846466
0.086062,0.091846466
0.086064,0.091846466
0.086066,0.091846466
0.086068,0.091846466
0.08607,0.091846466
0.086072,0.091846466
0.086074,0.091846466
0.086076,0.091846466
0.086078,0.091846466
0.08608,0.091846466
0.086082,0.091846466
0.086084,0.091846466
0.086086,0.091846466
0.086088,0.091846466
0.08609,0.091846466
0.086092,0.091846466
0.086094,0.091846466
0.086095996,0.091846466
0.086098,0.091846466
0.0861,0.091846466
0.086102,0.091846466
0.086104,0.091846466
0.086106,0.091846466
0.086108,0.091846466
0.08611,0.091846466
0.086112,0.091846466
0.086114,0.091846466
0.086116,0.091846466
0.086118,0.091846466
0.08612,0.091846466
0.086122,0.091846466
0.086124,0.091846466
0.086126,0.091846466
0.086128,0.091846466
0.08613,0.091846466
0.086132,0.091846466
0.086134,0.091846466
0.086136,0.091846466
0.086138,0.091846466
0.08614,0.091846466
0.086141996,0.091846466
0.086144,0.091846466
0.086146,0.091846466
0.086148,0.091846466
0.08615,0.091846466
0.086152,0.091846466
0.086154,0.091846466
0.086156,0.091846466
0.086158,0.091846466
0.08616,0.091846466
0.086162,0.091846466
0.086164,0.091846466
0.086166,0.091846466
0.086168,0.091846466
0.08617,0.091846466
0.086172,0.091846466
0.086174,0.091846466
0.086176,0.091846466
0.086178,0.091846466
0.08618,0.091846466
0.086182,0.091846466
0.086184,0.091846466
0.086186,0.091846466
0.086188,0.091846466
0.08619,0.091846466
0.086192,0.091846466
0.086194,0.091846466
0.086196,0.091846466
0.086198,0.091846466
0.0862,0.091846466
0.086202,0.091846466
0.086204,0.091846466
0.086206,0.091846466
0.086208,0.091846466
0.08621,0.091846466
0.086212,0.091846466
0.086214,0.091846466
0.086216,0.091846466
0.086218,0.091846466
0.086219996,0.091846466
0.086222,0.091846466
0.086224,0.091846466
0.086226,0.091846466
0.086228,0.091846466
0.08623,0.091846466
0.086232,0.091846466
0.086234,0.091846466
0.086236,0.091846466
0.086238,0.091846466
0.08624,0.091846466
0.086242,0.091846466
0.086244,0.091846466
0.086246,0.091846466
0.086248,0.091846466
0.08625,0.091846466
0.086252,0.091846466
0.086254,0.091846466
0.086256,0.091846466
0.086258,0.091846466
0.08626,0.091846466
0.086262,0.091846466
0.086264,0.091846466
0.086265996,0.091846466
0.086268,0.091846466
0.08627,0.091846466
0.086272,0.091846466
0.086274,0.091846466
0.086276,0.091846466
0.086278,0.091846466
0.08628,0.091846466
0.086282,0.091846466
0.086284,0.091846466
0.086286,0.091846466
0.086288,0.091846466
0.08629,0.091846466
0.086292,0.091846466
0.086294,0.091846466
0.086296,0.091846466
0.086298,0.091846466
0.0863,0.091846466
0.086302,0.091846466
0.086304,0.091846466
0.086306,0.091846466
0.086308,0.091846466
0.08631,0.091846466
0.086312,1.2013993
0.086314,1.3400936
0.086316,1.3400936
0.086318,1.3863249
0.08632,1.3863249
0.086322,1.3863249
0.086324,1.3863249
0.086326,1.3863249
0.086328,1.3863249
0.08633,1.3863249
0.086332,1.3863249
0.086334,1.3863249
0.086336,1.3863249
0.086338,1.3863249
0.08634,1.3863249
0.086342,1.3863249
0.086343996,1.3863249
0.086346,1.3863249
0.086348,1.3863249
0.08635,1.3863249
0.086352,1.3863249
0.086354,1.3863249
0.086356,1.3863249
0.086358,1.3863249
0.08636,1.3863249
0.086362,1.3863249
0.086364,1.3863249
0.086366,1.3863249
0.086368,1.3863249
0.08637,1.3863249
0.086372,1.3863249
0.086374,1.3863249
0.086376,1.3863249
0.086378,1.3863249
0.08638,1.3863249
0.086382,1.3863249
0.086384,1.3863249
0.086386,1.3863249
0.086388,1.3863249
0.086389996,1.3863249
0.086392,1.3863249
0.086394,1.3863249
0.086396,1.3863249
0.086398,1.3863249
0.0864,1.3863249
0.086402,1.3863249
0.086404,1.3863249
0.086406,1.3863249
0.086408,1.3863249
0.08641,1.3863249
0.086412,1.3863249
0.086414,1.3863249
0.086416,1.3863249
0.086418,1.3863249
0.08642,1.3863249
0.086422,1.3863249
0.086424,1.3863249
0.086426,1.3863249
0.086428,1.3863249
0.08643,1.3863249
0.086432,1.3863249
0.086434,1.3863249
0.086436,1.3863249
0.086438,1.3863249
0.08644,1.3863249
0.086442,1.3863249
0.086444,1.3863249
0.086446,1.3863249
0.086448,1.3863249
0.08645,1.3863249
0.086452,1.3863249
0.086454,1.3863249
0.086456,1.3863249
0.086458,1.3863249
0.08646,1.3863249
0.086462,1.3863249
0.086464,1.3863249
0.086466,1.3863249
0.086467996,1.3863249
0.08647,1.3863249
0.086472,1.3863249
0.086474,1.3863249
0.086476,1.3863249
0.086478,1.3863249
0.08648,1.3863249
0.086482,1.3863249
0.086484,1.3863249
0.086486,1.3863249
0.086488,1.3863249
0.08649,1.3863249
0.086492,1.3863249
0.086494,1.3863249
0.086496,1.3863249
0.086498,1.3863249
0.0865,1.3863249
0.086502,1.3863249
0.086504,1.3863249
0.086506,1.3863249
0.086508,1.3863249
0.08651,1.3863249
0.086512,1.3863249
0.086513996,1.3863249
0.086516,1.3863249
0.086518,1.3863249
0.08652,1.3863249
0.086522,1.3863249
0.086524,1.3863249
0.086526,1.3863249
0.086528,1.3863249
0.08653,1.3863249
0.086532,1.3863249
0.086534,1.3863249
0.086536,1.3863249
0.086538,1.3863249
0.08654,1.3863249
0.086542,1.3863249
0.086544,1.3863249
0.086546,1.3863249
0.086548,1.3863249
0.08655,1.3863249
0.086552,1.3863249
0.086554,1.3863249
0.086556,1.3863249
0.086558,1.3863249
0.08656,1.3863249
0.086562,1.3863249
0.086564,1.3863249
0.086566,1.3863249
0.086568,1.3863249
0.08657,1.3863249
0.086572,1.3863249
0.086574,1.3863249
0.086576,1.3863249
0.086578,1.3863249
0.08658,1.3863249
0.086582,1.3863249
0.086584,1.3863249
0.086586,1.3863249
0.086588,1.3863249
0.08659,1.3863249
0.086591996,1.3863249
0.086594,1.3863249
0.086596,1.3863249
0.086598,1.3863249
0.0866,1.3863249
0.086602,1.3863249
0.086604,1.3863249
0.086606,1.3863249
0.086608,1.3863249
0.08661,1.3863249
0.086612,1.3863249
0.086614,1.3863249
0.086616,1.3863249
0.086618,1.3863249
0.08662,1.3863249
0.086622,1.3863249
0.086624,1.3863249
0.086626,1.3863249
0.086628,1.3863249
0.08663,1.3863249
0.086632,1.3863249
0.086634,1.3863249
0.086636,1.3863249
0.086637996,1.3863249
0.08664,1.3863249
0.086642,1.3863249
0.086644,1.3863249
0.086646,1.3863249
0.086648,1.3863249
0.08665,1.3863249
0.086652,1.3863249
0.086654,1.3863249
0.086656,1.3863249
0.086658,1.3863249
0.08666,1.3863249
0.086662,1.3863249
0.086664,1.3863249
0.086666,2.5883412
0.086668,2.6345725
0.08667,2.6345725
0.086672,2.6345725
0.086674,2.6345725
0.086676,2.6345725
0.086678,2.6345725
0.08668,2.6345725
0.086682,2.6808028
0.086684,2.6345725
0.086686,2.6808028
0.086688,2.6808028
0.08669,2.6808028
0.086692,2.6808028
0.086694,2.6808028
0.086696,2.6808028
0.086698,2.6808028
0.0867,2.6808028
0.086702,2.6808028
0.086704,2.6808028
0.086706,2.6808028
0.086708,2.6808028
0.08671,2.6808028
0.086712,2.6808028
0.086714,2.6808028
0.086715996,2.6808028
0.086718,2.6808028
0.08672,2.6808028
0.086722,2.6808028
0.086724,2.6808028
0.086726,2.6808028
0.086728,2.6808028
0.08673,2.6808028
0.086732,2.6808028
0.086734,2.6808028
0.086736,2.6808028
0.086738,2.6808028
0.08674,2.6808028
0.086742,2.6808028
0.086744,2.6808028
0.086746,2.6808028
0.086748,2.6808028
0.08675,2.6808028
0.086752,2.6808028
0.086754,2.6808028
0.086756,2.6808028
0.086758,2.6808028
0.08676,2.6808028
0.086761996,2.6808028
0.086764,2.6808028
0.086766,2.6808028
0.086768,2.6808028
0.08677,2.6808028
0.086772,2.6808028
0.086774,2.6808028
0.086776,2.6808028
0.086778,2.6808028
0.08678,2.6808028
0.086782,2.6808028
0.086784,2.6808028
0.086786,2.6808028
0.086788,2.6808028
0.08679,2.6808028
0.086792,2.6808028
0.086794,2.6808028
0.086796,2.6808028
0.086798,2.6808028
0.0868,2.6808028
0.086802,2.6808028
0.086804,2.6808028
0.086806,2.6808028
0.086808,2.6808028
0.08681,2.6808028
0.086812,2.6808028
0.086814,2.6808028
0.086816,2.6808028
0.086818,2.6808028
0.08682,2.6808028
0.086822,2.6808028
0.086824,2.6808028
0.086826,2.6808028
0.086828,2.6808028
0.08683,2.6808028
0.086832,2.6808028
0.086834,2.6808028
0.086836,2.6808028
0.086838,2.6808028
0.08684,2.6808028
0.086842,2.6808028
0.086844,2.6808028
0.086846,2.6808028
0.086848,2.6808028
0.08685,2.6808028
0.086852,2.6808028
0.086854,2.6808028
0.086856,2.6808028
0.086858,2.6808028
0.08686,2.6808028
0.086862,2.6808028
0.086864,2.6808028
0.086866,2.6808028
0.086868,2.6808028
0.08687,2.6808028
0.086872,2.6808028
0.086874,2.6808028
0.086876,2.6808028
0.086878,2.6808028
0.08688,2.6808028
0.086882,2.6808028
0.086884,2.6808028
0.086885996,2.6808028
0.086888,2.6808028
0.08689,2.6808028
0.086892,2.6808028
0.086894,2.6808028
0.086896,2.6808028
0.086898,2.6808028
0.0869,2.6808028
0.086902,2.6808028
0.086904,2.6808028
0.086906,2.6808028
0.086908,2.6808028
0.08691,2.6808028
0.086912,2.6808028
0.086914,2.6808028
0.086916,2.6808028
0.086918,2.6808028
0.08692,2.6808028
0.086922,2.6808028
0.086924,2.6808028
0.086926,2.6808028
0.086928,2.6808028
0.08693,2.6808028
0.086932,2.6808028
0.086934,2.6808028
0.086936,2.6808028
0.086938,2.6808028
0.08694,2.6808028
0.086942,2.6808028
0.086944,2.6808028
0.086946,2.6808028
0.086948,2.6808028
0.08695,2.6808028
0.086952,2.6808028
0.086954,2.6808028
0.086956,2.6808028
0.086958,2.6808028
0.08696,2.6808028
0.086962,2.6808028
0.086964,2.6808028
0.086966,2.6808028
0.086968,2.6808028
0.08697,2.6808028
0.086972,2.6808028
0.086974,2.6808028
0.086976,2.6808028
0.086978,2.6808028
0.08698,2.6808028
0.086982,2.6808028
0.086984,2.6808028
0.086986,2.6808028
0.086988,2.6808028
0.08699,2.6808028
0.086992,3.6978936
0.086994,3.92905
0.086996,3.92905
0.086998,3.92905
0.087,3.92905
0.087002,3.9752812
0.087004,3.9752812
0.087006,3.9752812
0.087008,3.9752812
0.087009996,3.9752812
0.087012,3.9752812
0.087014,3.9752812
0.087016,3.9752812
0.087018,3.9752812
0.08702,3.9752812
0.087022,3.9752812
0.087024,3.9752812
0.087026,3.9752812
0.087028,3.9752812
0.08703,3.9752812
0.087032,3.9752812
0.087034,3.9752812
0.087036,3.9752812
0.087038,3.9752812
0.08704,3.9752812
0.087042,3.9752812
0.087044,3.9752812
0.087046,3.9752812
0.087048,3.9752812
0.08705,3.9752812
0.087052,3.9752812
0.087054,3.9752812
0.087055996,3.9752812
0.087058,3.9752812
0.08706,3.9752812
0.087062,3.9752812
0.087064,3.9752812
0.087066,3.9752812
0.087068,3.9752812
0.08707,3.9752812
0.087072,3.9752812
0.087074,3.9752812
0.087076,3.9752812
0.087078,3.9752812
0.08708,3.9752812
0.087082,3.9752812
0.087084,3.9752812
0.087086,3.9752812
0.087088,3.9752812
0.08709,3.9752812
0.087092,3.9752812
0.087094,3.9752812
0.087096,3.9752812
0.087098,3.9752812
0.0871,3.9752812
0.087102,3.9752812
0.087104,3.9752812
0.087106,3.9752812
0.087108,3.9752812
0.08711,3.9752812
0.087112,3.9752812
0.087114,3.9752812
0.087116,3.9752812
0.087118,3.9752812
0.08712,3.9752812
0.087122,3.9752812
0.087124,3.9752812
0.087126,3.9752812
0.087128,3.9752812
0.08713,3.9752812
0.087132,3.9752812
0.087133996,3.9752812
0.087136,3.9752812
0.087138,3.9752812
0.08714,3.9752812
0.087142,3.9752812
0.087144,3.9752812
0.087146,3.9752812
0.087148,3.9752812
0.08715,3.9752812
0.087152,3.9752812
0.087154,3.9752812
0.087156,3.9752812
0.087158,3.9752812
0.08716,3.9752812
0.087162,3.9752812
0.087164,3.9752812
0.087166,3.9752812
0.087168,3.9752812
0.08717,3.9752812
0.087172,3.9752812
0.087174,3.9752812
0.087176,3.9752812
0.087178,3.9752812
0.087179996,3.9752812
0.087182,3.9752812
0.087184,3.9752812
0.087186,3.9752812
0.087188,3.9752812
0.08719,3.9752812
0.087192,3.9752812
0.087194,3.9752812
0.087196,3.9752812
0.087198,3.9752812
0.0872,3.9752812
0.087202,3.9752812
0.087204,3.9752812
0.087206,3.9752812
0.087208,3.9752812
0.08721,3.9752812
0.087212,3.9752812
0.087214,3.9752812
0.087216,3.9752812
0.087218,3.9752812
0.08722,3.9752812
0.087222,3.9752812
0.087224,3.9752812
0.087226,3.9752812
0.087228,3.9752812
0.08723,3.9752812
0.087232,3.9752812
0.087234,3.9752812
0.087236,3.9752812
0.087238,3.9752812
0.08724,3.9752812
0.087242,3.9752812
0.087244,3.9752812
0.087246,3.9752812
0.087248,3.9752812
0.08725,3.9752812
0.087252,3.9752812
0.087254,3.9752812
0.087256,3.9752812
0.087257996,3.9752812
0.08726,3.9752812
0.087262,3.9752812
0.087264,3.9752812
0.087266,3.9752812
0.087268,3.9752812
0.08727,3.9752812
0.087272,3.9752812
0.087274,3.9752812
0.087276,3.9752812
0.087278,3.9752812
0.08728,3.9752812
0.087282,3.9752812
0.087284,3.9752812
0.087286,3.9752812
0.087288,3.9752812
0.08729,3.9752812
0.087292,3.9752812
0.087294,3.9752812
0.087296,3.9752812
0.087298,3.9752812
0.0873,3.9752812
0.087302,3.9752812
0.087303996,3.9752812
0.087306,3.9752812
0.087308,3.9752812
0.08731,3.9752812
0.087312,3.9752812
0.087314,3.9752812
0.087316,3.9752812
0.087318,3.9752812
0.08732,3.9752812
0.087322,3.9752812
0.087324,3.9752812
0.087326,3.9752812
0.087328,3.9752812
0.08733,3.9752812
0.087332,3.9752812
0.087334,3.9752812
0.087336,3.9752812
0.087338,3.9752812
0.08734,3.9752812
0.087342,3.9752812
0.087344,3.9752812
0.087346,3.9752812
0.087348,3.9752812
0.08735,3.9752812
0.087352,3.9752812
0.087354,3.9752812
0.087356,3.9752812
0.087358,3.9752812
0.08736,3.9752812
0.087362,3.9752812
0.087364,3.9752812
0.087366,3.9752812
0.087368,3.9752812
0.08737,3.9752812
0.087372,3.9752812
0.087374,3.9752812
0.087376,3.9752812
0.087378,3.9752812
0.08738,3.9752812
0.087381996,3.9752812
0.087384,3.9752812
0.087386,3.9752812
0.087388,3.9752812
0.08739,3.9752812
0.087392,3.9752812
0.087394,3.9752812
0.087396,3.9752812
0.087398,3.9752812
0.0874,3.9752812
0.087402,3.9752812
0.087404,3.9752812
0.087406,3.9752812
0.087408,3.9752812
0.08741,3.9752812
0.087412,3.9752812
0.087414,3.9752812
0.087416,3.9752812
0.087418,3.9752812
0.08742,3.9752812
0.087422,3.9752812
0.087424,3.9752812
0.087426,3.9752812
0.087427996,3.9752812
0.08743,3.9752812
0.087432,3.9752812
0.087434,3.9752812
0.087436,3.9752812
0.087438,3.9752812
0.08744,3.9752812
0.087442,3.9752812
0.087444,3.9752812
0.087446,3.9752812
0.087448,3.9752812
0.08745,3.9752812
0.087452,3.9752812
0.087454,3.9752812
0.087456,3.9752812
0.087458,3.9752812
0.08746,3.9752812
0.087462,3.9752812
0.087464,3.9752812
0.087466,3.9752812
0.087468,3.9752812
0.08747,3.9752812
0.087472,3.9752812
0.087474,3.9752812
0.087476,3.9752812
0.087478,3.9752812
0.08748,3.9752812
0.087482,3.9752812
0.087484,3.9752812
0.087486,3.9752812
0.087488,3.9752812
0.08749,3.9752812
0.087492,3.9752812
0.087494,3.9752812
0.087496,3.9752812
0.087498,3.9752812
0.0875,3.9752812
0.087502,3.9752812
0.087504,3.9752812
0.087505996,3.9752812
0.087508,3.9752812
0.08751,3.9752812
0.087512,3.9752812
0.087514,3.9752812
0.087516,3.9752812
0.087518,3.9752812
0.08752,3.9752812
0.087522,3.9752812
0.087524,3.9752812
0.087526,3.9752812
0.087528,3.9752812
0.08753,3.9752812
0.087532,3.9752812
0.087534,3.9752812
0.087536,3.9752812
0.087538,3.9752812
0.08754,3.9752812
0.087542,3.9752812
0.087544,3.9752812
0.087546,3.9752812
0.087548,3.9752812
0.08755,3.9752812
0.087551996,3.9752812
0.087554,3.9752812
0.087556,3.9752812
0.087558,3.9752812
0.08756,3.9752812
0.087562,3.9752812
0.087564,3.9752812
0.087566,3.9752812
0.087568,3.9752812
0.08757,3.9752812
0.087572,3.9752812
0.087574,3.9752812
0.087576,3.9752812
0.087578,3.9752812
0.08758,3.9752812
0.087582,3.9752812
0.087584,3.9752812
0.087586,3.9752812
0.087588,3.9752812
0.08759,3.9752812
0.087592,3.9752812
0.087594,3.9752812
0.087596,3.9752812
0.087598,3.9752812
0.0876,3.9752812
0.087602,3.9752812
0.087604,3.9752812
0.087606,3.9752812
0.087608,3.9752812
0.08761,3.9752812
0.087612,3.9752812
0.087614,3.9752812
0.087616,3.9752812
0.087618,3.9752812
0.08762,3.9752812
0.087622,3.9752812
0.087624,3.9752812
0.087626,3.9752812
0.087628,3.9752812
0.087629996,3.9752812
0.087632,3.9752812
0.087634,3.9752812
0.087636,3.9752812
0.087638,3.9752812
0.08764,3.9752812
0.087642,3.9752812
0.087644,3.9752812
0.087646,3.9752812
0.087648,3.9752812
0.08765,3.9752812
0.087652,3.9752812
0.087654,3.9752812
0.087656,3.9752812
0.087658,3.9752812
0.08766,3.9752812
0.087662,3.9752812
0.087664,3.9752812
0.087666,3.9752812
0.087668,3.9752812
0.08767,3.9752812
0.087672,3.9752812
0.087674,3.9752812
0.087675996,3.9752812
0.087678,3.9752812
0.08768,3.9752812
0.087682,3.9752812
0.087684,3.9752812
0.087686,3.9752812
0.087688,3.9752812
0.08769,3.9752812
0.087692,3.9752812
0.087694,3.9752812
0.087696,3.9752812
0.087698,3.9752812
0.0877,3.9752812
0.087702,3.9752812
0.087704,3.9752812
0.087706,3.9752812
0.087708,3.9752812
0.08771,3.9752812
0.087712,3.9752812
0.087714,3.9752812
0.087716,3.9752812
0.087718,3.9752812
0.08772,3.9752812
0.087722,3.9752812
0.087724,3.9752812
0.087726,3.9752812
0.087728,3.9752812
0.08773,3.9752812
0.087732,3.9752812
0.087734,3.9752812
0.087736,3.9752812
0.087738,3.9752812
0.08774,3.9752812
0.087742,3.9752812
0.087744,3.9752812
0.087746,3.9752812
0.087748,3.9752812
0.08775,3.9752812
0.087752,3.9752812
0.087753996,3.9752812
0.087756,3.9752812
0.087758,3.9752812
0.08776,3.9752812
0.087762,3.9752812
0.087764,3.9752812
0.087766,3.9752812
0.087768,3.9752812
0.08777,3.9752812
0.087772,3.9752812
0.087774,3.9752812
0.087776,3.9752812
0.087778,3.9752812
0.08778,3.9752812
0.087782,3.9752812
0.087784,3.9752812
0.087786,3.9752812
0.087788,3.9752812
0.08779,3.9752812
0.087792,3.9752812
0.087794,3.9752812
0.087796,3.9752812
0.087798,3.9752812
0.087799996,3.9752812
0.087802,3.9752812
0.087804,3.9752812
0.087806,3.9752812
0.087808,3.9752812
0.08781,3.9752812
0.087812,3.9752812
0.087814,3.9752812
0.087816,3.9752812
0.087818,3.9752812
0.08782,3.9752812
0.087822,3.9752812
0.087824,3.9752812
0.087826,3.9752812
0.087828,3.9752812
0.08783,3.9752812
0.087832,3.9752812
0.087834,3.9752812
0.087836,3.9752812
0.087838,3.9752812
0.08784,3.9752812
0.087842,3.9752812
0.087844,3.9752812
0.087846,3.9752812
0.087848,3.9752812
0.08785,3.9752812
0.087852,3.9752812
0.087854,3.9752812
0.087856,3.9752812
0.087858,3.9752812
0.08786,3.9752812
0.087862,3.9752812
0.087864,3.9752812
0.087866,3.9752812
0.087868,3.9752812
0.08787,3.9752812
0.087872,3.9752812
0.087874,3.9752812
0.087876,3.9752812
0.087877996,3.9752812
0.08788,3.9752812
0.087882,3.9752812
0.087884,3.9752812
0.087886,3.9752812
0.087888,3.9752812
0.08789,3.9752812
0.087892,3.9752812
0.087894,3.9752812
0.087896,3.9752812
0.087898,3.9752812
0.0879,3.9752812
0.087902,3.9752812
0.087904,3.9752812
0.087906,3.9752812
0.087908,3.9752812
0.08791,3.9752812
0.087912,3.9752812
0.087914,3.9752812
0.087916,3.9752812
0.087918,3.9752812
0.08792,3.9752812
0.087922,3.9752812
0.087923996,3.9752812
0.087926,3.9752812
0.087928,3.9752812
0.08793,3.9752812
0.087932,3.9752812
0.087934,3.9752812
0.087936,3.9752812
0.087938,3.9752812
0.08794,3.9752812
0.087942,3.9752812
0.087944,3.9752812
0.087946,3.9752812
0.087948,3.9752812
0.08795,3.9752812
0.087952,3.9752812
0.087954,3.9752812
0.087956,3.9752812
0.087958,3.9752812
0.08796,3.9752812
0.087962,3.9752812
0.087964,3.9752812
0.087966,3.9752812
0.087968,3.9752812
0.08797,3.9752812
0.087972,3.9752812
0.087974,3.9752812
0.087976,3.9752812
0.087978,3.9752812
0.08798,3.9752812
0.087982,3.9752812
0.087984,3.9752812
0.087986,3.9752812
0.087988,3.9752812
0.08799,3.9752812
0.087992,3.9752812
0.087994,3.9752812
0.087996,3.9752812
0.087998,3.9752812
0.088,3.9752812
0.088002,3.9752812
0.088004,3.9752812
0.088006,3.9752812
0.088008,3.9752812
0.08801,3.9752812
0.088012,3.9752812
0.088014,3.9752812
0.088016,3.9752812
0.088018,3.9752812
0.08802,3.9752812
0.088022,3.9752812
0.088024,3.9752812
0.088026,3.9752812
0.088028,3.9752812
0.08803,3.9752812
0.088032,3.9752812
0.088034,3.9752812
0.088036,3.9752812
0.088038,3.9752812
0.08804,3.9752812
0.088042,3.9752812
0.088044,3.9752812
0.088046,3.9752812
0.088047996,3.9752812
0.08805,3.9752812
0.088052,3.9752812
0.088054,3.9752812
0.088056,3.9752812
0.088058,3.9752812
0.08806,3.9752812
0.088062,3.9752812
0.088064,3.9752812
0.088066,3.9752812
0.088068,3.9752812
0.08807,3.9752812
0.088072,3.9752812
0.088074,3.9752812
0.088076,3.9752812
0.088078,3.9752812
0.08808,3.9752812
0.088082,3.9752812
0.088084,3.9752812
0.088086,3.9752812
0.088088,3.9752812
0.08809,3.9752812
0.088092,3.9752812
0.088094,3.9752812
0.088096,3.9752812
0.088098,3.9752812
0.0881,3.9752812
0.088102,3.9752812
0.088104,3.9752812
0.088106,3.9752812
0.088108,3.9752812
0.08811,3.9752812
0.088112,3.9752812
0.088114,3.9752812
0.088116,3.9752812
0.088118,3.9752812
0.08812,3.9752812
0.088122,3.9752812
0.088124,3.9752812
0.088126,3.9752812
0.088128,3.9752812
0.08813,3.9752812
0.088132,3.9752812
0.088134,3.92905
0.088136,2.727035
0.088138,2.727035
0.08814,2.727035
0.088142,2.727035
0.088144,2.727035
0.088146,2.727035
0.088148,2.727035
0.08815,2.727035
0.088152,2.6808028
0.088154,2.6808028
0.088156,2.6808028
0.088158,2.6808028
0.08816,2.6808028
0.088162,2.6808028
0.088164,2.6808028
0.088166,2.6808028
0.088168,2.6808028
0.08817,2.6808028
0.088171996,2.6808028
0.088174,2.6808028
0.088176,2.6808028
0.088178,2.6808028
0.08818,2.6808028
0.088182,2.6808028
0.088184,2.6808028
0.088186,2.6808028
0.088188,2.6808028
0.08819,2.6808028
0.088192,2.6808028
0.088194,2.6808028
0.088196,2.6808028
0.088198,2.6808028
0.0882,2.6808028
0.088202,2.6808028
0.088204,2.6808028
0.088206,2.6808028
0.088208,2.6808028
0.08821,2.6808028
0.088212,2.6808028
0.088214,2.6808028
0.088216,2.6808028
0.088217996,2.6808028
0.08822,2.6808028
0.088222,2.6808028
0.088224,2.6808028
0.088226,2.6808028
0.088228,2.6808028
0.08823,2.6808028
0.088232,2.6808028
0.088234,2.6808028
0.088236,2.6808028
0.088238,2.6808028
0.08824,2.6808028
0.088242,2.6808028
0.088244,2.6808028
0.088246,2.6808028
0.088248,2.6808028
0.08825,2.6808028
0.088252,2.6808028
0.088254,2.6808028
0.088256,2.6808028
0.088258,2.6808028
0.08826,2.6808028
0.088262,2.6808028
0.088264,2.6808028
0.088266,2.6808028
0.088268,2.6808028
0.08827,2.6808028
0.088272,2.6808028
0.088274,2.6808028
0.088276,2.6808028
0.088278,2.6808028
0.08828,2.6808028
0.088282,2.6808028
0.088284,2.6808028
0.088286,2.6808028
0.088288,2.6808028
0.08829,2.6808028
0.088292,2.6808028
0.088294,2.6808028
0.088295996,2.6808028
0.088298,2.6808028
0.0883,2.6808028
0.088302,2.6808028
0.088304,2.6808028
0.088306,2.6808028
0.088308,2.6808028
0.08831,2.6808028
0.088312,2.6808028
0.088314,2.6808028
0.088316,2.6808028
0.088318,2.6808028
0.08832,2.6808028
0.088322,2.6808028
0.088324,2.6808028
0.088326,2.6808028
0.088328,2.6808028
0.08833,2.6808028
0.088332,2.6808028
0.088334,2.6808028
0.088336,2.6808028
0.088338,2.6808028
0.08834,2.6808028
0.088341996,2.6808028
0.088344,2.6808028
0.088346,2.6808028
0.088348,2.6808028
0.08835,2.6808028
0.088352,2.6808028
0.088354,2.6808028
0.088356,2.6808028
0.088358,2.6808028
0.08836,2.6808028
0.088362,2.6808028
0.088364,2.6808028
0.088366,2.6808028
0.088368,2.6808028
0.08837,2.6808028
0.088372,2.6808028
0.088374,2.6808028
0.088376,2.6808028
0.088378,2.6808028
0.08838,2.6808028
0.088382,2.6808028
0.088384,2.6808028
0.088386,2.6808028
0.088388,2.6808028
0.08839,2.6808028
0.088392,2.6808028
0.088394,2.6808028
0.088396,2.6808028
0.088398,2.6808028
0.0884,2.6808028
0.088402,2.6808028
0.088404,2.6808028
0.088406,2.6808028
0.088408,2.6808028
0.08841,2.6808028
0.088412,2.6808028
0.088414,2.6808028
0.088416,2.6808028
0.088418,2.6808028
0.088419996,2.6808028
0.088422,2.6808028
0.088424,2.6808028
0.088426,2.6808028
0.088428,2.6808028
0.08843,2.6808028
0.088432,2.6808028
0.088434,2.6808028
0.088436,2.6808028
0.088438,2.6808028
0.08844,2.6808028
0.088442,2.6808028
0.088444,2.6808028
0.088446,2.6808028
0.088448,2.6808028
0.08845,2.6808028
0.088452,2.6808028
0.088454,2.6808028
0.088456,2.6808028
0.088458,2.6808028
0.08846,2.6808028
0.088462,1.4787879
0.088464,1.4325566
0.088465996,1.4325566
0.088468,1.4325566
0.08847,1.4325566
0.088472,1.4325566
0.088474,1.4325566
0.088476,1.4325566
0.088478,1.4325566
0.08848,1.4325566
0.088482,1.4325566
0.088484,1.4325566
0.088486,1.4325566
0.088488,1.4325566
0.08849,1.4325566
0.088492,1.4325566
0.088494,1.4325566
0.088496,1.4325566
0.088498,1.3863249
0.0885,1.4325566
0.088502,1.3863249
0.088504,1.3863249
0.088506,1.3863249
0.088508,1.3863249
0.08851,1.3863249
0.088512,1.3863249
0.088514,1.3863249
0.088516,1.3863249
0.088518,1.3863249
0.08852,1.3863249
0.088522,1.3863249
0.088524,1.3863249
0.088526,1.3863249
0.088528,1.3863249
0.08853,1.3863249
0.088532,1.3863249
0.088534,1.3863249
0.088536,1.3863249
0.088538,1.3863249
0.08854,1.3863249
0.088542,1.3863249
0.088543996,1.3863249
0.088546,1.3863249
0.088548,1.3863249
0.08855,1.3863249
0.088552,1.3863249
0.088554,1.3863249
0.088556,1.3863249
0.088558,1.3863249
0.08856,1.3863249
0.088562,1.3863249
0.088564,1.3863249
0.088566,1.3863249
0.088568,1.3863249
0.08857,1.3863249
0.088572,1.3863249
0.088574,1.3863249
0.088576,1.3863249
0.088578,1.3863249
0.08858,1.3863249
0.088582,1.3863249
0.088584,1.3863249
0.088586,1.3863249
0.088588,1.3863249
0.088589996,1.3863249
0.088592,1.3863249
0.088594,1.3863249
0.088596,1.3863249
0.088598,1.3863249
0.0886,1.3863249
0.088602,1.3863249
0.088604,1.3863249
0.088606,1.3863249
0.088608,1.3863249
0.08861,1.3863249
0.088612,1.3863249
0.088614,1.3863249
0.088616,1.3863249
0.088618,1.3863249
0.08862,1.3863249
0.088622,1.3863249
0.088624,1.3863249
0.088626,1.3863249
0.088628,1.3863249
0.08863,1.3863249
0.088632,1.3863249
0.088634,1.3863249
0.088636,1.3863249
0.088638,1.3863249
0.08864,1.3863249
0.088642,1.3863249
0.088644,1.3863249
0.088646,1.3863249
0.088648,1.3863249
0.08865,1.3863249
0.088652,1.3863249
0.088654,1.3863249
0.088656,1.3863249
0.088658,1.3863249
0.08866,1.3863249
0.088662,1.3863249
0.088664,1.3863249
0.088666,1.3863249
0.088667996,1.3863249
0.08867,1.3863249
0.088672,1.3863249
0.088674,1.3863249
0.088676,1.3863249
0.088678,1.3863249
0.08868,1.3863249
0.088682,1.3863249
0.088684,1.3863249
0.088686,1.3863249
0.088688,1.3863249
0.08869,1.3863249
0.088692,1.3863249
0.088694,1.3863249
0.088696,1.3863249
0.088698,1.3863249
0.0887,1.3863249
0.088702,1.3863249
0.088704,1.3863249
0.088706,1.3863249
0.088708,1.3863249
0.08871,1.3863249
0.088712,1.3863249
0.088713996,1.3863249
0.088716,1.3863249
0.088718,1.3863249
0.08872,1.3863249
0.088722,1.3863249
0.088724,1.3863249
0.088726,1.3863249
0.088728,1.3863249
0.08873,1.3863249
0.088732,1.3863249
0.088734,1.3863249
0.088736,1.3863249
0.088738,1.3863249
0.08874,1.3863249
0.088742,1.3863249
0.088744,1.3863249
0.088746,1.3863249
0.088748,1.3863249
0.08875,1.3863249
0.088752,1.3863249
0.088754,1.3863249
0.088756,1.3863249
0.088758,1.3863249
0.08876,1.3863249
0.088762,1.3863249
0.088764,1.3863249
0.088766,1.3863249
0.088768,1.3863249
0.08877,1.3863249
0.088772,1.3863249
0.088774,1.3863249
0.088776,1.3863249
0.088778,1.3863249
0.08878,1.3863249
0.088782,1.3863249
0.088784,1.3863249
0.088786,1.3863249
0.088788,1.3863249
0.08879,1.3863249
0.088791996,1.3863249
0.088794,1.3863249
0.088796,1.3863249
0.088798,1.3863249
0.0888,1.3863249
0.088802,1.3863249
0.088804,1.3863249
0.088806,1.3863249
0.088808,1.3863249
0.08881,1.3863249
0.088812,1.3863249
0.088814,1.3863249
0.088816,0.27677202
0.088818,0.13807821
0.08882,0.13807821
0.088822,0.13807821
0.088824,0.13807821
0.088826,0.13807821
0.088828,0.13807821
0.08883,0.13807821
0.088832,0.13807821
0.088834,0.13807821
0.088836,0.13807821
0.088837996,0.13807821
0.08884,0.091846466
0.088842,0.091846466
0.088844,0.091846466
0.088846,0.091846466
0.088848,0.091846466
0.08885,0.091846466
0.088852,0.091846466
0.088854,0.091846466
0.088856,0.091846466
0.088858,0.091846466
0.08886,0.091846466
0.088862,0.091846466
0.088864,0.091846466
0.088866,0.091846466
0.088868,0.091846466
0.08887,0.091846466
0.088872,0.091846466
0.088874,0.091846466
0.088876,0.091846466
0.088878,0.091846466
0.08888,0.091846466
0.088882,0.091846466
0.088884,0.091846466
0.088886,0.091846466
0.088888,0.091846466
0.08889,0.091846466
0.088892,0.091846466
0.088894,0.091846466
0.088896,0.091846466
0.088898,0.091846466
0.0889,0.091846466
0.088902,0.091846466
0.088904,0.091846466
0.088906,0.091846466
0.088908,0.091846466
0.08891,0.091846466
0.088912,0.091846466
0.088914,0.091846466
0.088915996,0.091846466
0.088918,0.091846466
0.08892,0.091846466
0.088922,0.091846466
0.088924,0.091846466
0.088926,0.091846466
0.088928,0.091846466
0.08893,0.091846466
0.088932,0.091846466
0.088934,0.091846466
0.088936,0.091846466
0.088938,0.091846466
0.08894,0.091846466
0.088942,0.091846466
0.088944,0.091846466
0.088946,0.091846466
0.088948,0.091846466
0.08895,0.091846466
0.088952,0.091846466
0.088954,0.091846466
0.088956,0.091846466
0.088958,0.091846466
0.08896,0.091846466
0.088961996,0.091846466
0.088964,0.091846466
0.088966,0.091846466
0.088968,0.091846466
0.08897,0.091846466
0.088972,0.091846466
0.088974,0.091846466
0.088976,0.091846466
0.088978,0.091846466
0.08898,0.091846466
0.088982,0.091846466
0.088984,0.091846466
0.088986,0.091846466
0.088988,0.091846466
0.08899,0.091846466
0.088992,0.091846466
0.088994,0.091846466
0.088996,0.091846466
0.088998,0.091846466
0.089,0.091846466
0.089002,0.091846466
0.089004,0.091846466
0.089006,0.091846466
0.089008,0.091846466
0.08901,0.091846466
0.089012,0.091846466
0.089014,0.091846466
0.089016,0.091846466
0.089018,0.091846466
0.08902,0.091846466
0.089022,0.091846466
0.089024,0.091846466
0.089026,0.091846466
0.089028,0.091846466
0.08903,0.091846466
0.089032,0.091846466
0.089034,0.091846466
0.089036,0.091846466
0.089038,0.091846466
0.089039996,0.091846466
0.089042,0.091846466
0.089044,0.091846466
0.089046,0.091846466
0.089048,0.091846466
0.08905,0.091846466
0.089052,0.091846466
0.089054,0.091846466
0.089056,0.091846466
0.089058,0.091846466
0.08906,0.091846466
0.089062,0.091846466
0.089064,0.091846466
0.089066,0.091846466
0.089068,0.091846466
0.08907,0.091846466
0.089072,0.091846466
0.089074,0.091846466
0.089076,0.091846466
0.089078,0.091846466
0.08908,0.091846466
0.089082,0.091846466
0.089084,0.091846466
0.089085996,0.091846466
0.089088,0.091846466
0.08909,0.091846466
0.089092,0.091846466
0.089094,0.091846466
0.089096,0.091846466
0.089098,0.091846466
0.0891,0.091846466
0.089102,0.091846466
0.089104,0.091846466
0.089106,0.091846466
0.089108,0.091846466
0.08911,0.091846466
0.089112,0.091846466
0.089114,0.091846466
0.089116,0.091846466
0.089118,0.091846466
0.08912,0.091846466
0.089122,0.091846466
0.089124,0.091846466
0.089126,0.091846466
0.089128,0.091846466
0.08913,0.091846466
0.089132,0.091846466
0.089134,0.091846466
0.089136,0.091846466
0.089138,0.091846466
0.08914,0.091846466
0.089142,0.091846466
0.089144,0.091846466
0.089146,0.091846466
0.089148,0.091846466
0.08915,0.091846466
0.089152,0.091846466
0.089154,0.091846466
0.089156,0.091846466
0.089158,0.091846466
0.08916,0.091846466
0.089162,0.091846466
0.089164,0.091846466
0.089166,0.091846466
0.089168,0.091846466
0.08917,0.091846466
0.089172,0.091846466
0.089174,0.091846466
0.089176,0.091846466
0.089178,0.091846466
0.08918,0.091846466
0.089182,0.091846466
0.089184,0.091846466
0.089186,0.091846466
0.089188,0.091846466
0.08919,0.091846466
0.089192,0.091846466
0.089194,0.091846466
0.089196,0.091846466
0.089198,0.091846466
0.0892,0.091846466
0.089202,0.091846466
0.089204,0.091846466
0.089206,0.091846466
0.089208,0.091846466
0.089209996,0.091846466
0.089212,0.091846466
0.089214,0.091846466
0.089216,0.091846466
0.089218,0.091846466
0.08922,0.091846466
0.089222,0.091846466
0.089224,0.091846466
0.089226,0.091846466
0.089228,0.091846466
0.08923,0.091846466
0.089232,0.091846466
0.089234,0.091846466
0.089236,0.091846466
0.089238,0.091846466
0.08924,0.091846466
0.089242,0.091846466
0.089244,0.091846466
0.089246,0.091846466
0.089248,0.091846466
0.08925,0.091846466
0.089252,0.091846466
0.089254,0.091846466
0.089256,0.091846466
0.089258,0.091846466
0.08926,0.091846466
0.089262,0.091846466
0.089264,0.091846466
0.089266,0.091846466
0.089268,0.091846466
0.08927,0.091846466
0.089272,0.091846466
0.089274,0.091846466
0.089276,0.091846466
0.089278,0.091846466
0.08928,0.091846466
0.089282,0.091846466
0.089284,0.091846466
0.089286,0.091846466
0.089288,0.091846466
0.08929,0.091846466
0.089292,0.091846466
0.089294,0.091846466
0.089296,0.091846466
0.089298,0.091846466
0.0893,0.091846466
0.089302,0.091846466
0.089304,0.091846466
0.089306,0.091846466
0.089308,0.091846466
0.08931,0.091846466
0.089312,0.091846466
0.089314,0.091846466
0.089316,0.091846466
0.089318,0.091846466
0.08932,0.091846466
0.089322,0.091846466
0.089324,0.091846466
0.089326,0.091846466
0.089328,0.091846466
0.08933,0.091846466
0.089332,0.091846466
0.089333996,0.091846466
0.089336,0.091846466
0.089338,0.091846466
0.08934,0.091846466
0.089342,0.091846466
0.089344,0.091846466
0.089346,0.091846466
0.089348,0.091846466
0.08935,0.091846466
0.089352,0.091846466
0.089354,0.091846466
0.089356,0.091846466
0.089358,0.091846466
0.08936,0.091846466
0.089362,0.091846466
0.089364,0.091846466
0.089366,0.091846466
0.089368,0.091846466
0.08937,0.091846466
0.089372,0.091846466
0.089374,0.091846466
0.089376,0.091846466
0.089378,0.091846466
0.089379996,0.091846466
0.089382,0.091846466
0.089384,0.091846466
0.089386,0.091846466
0.089388,0.091846466
0.08939,0.091846466
0.089392,0.091846466
0.089394,0.091846466
0.089396,0.091846466
0.089398,0.091846466
0.0894,0.091846466
0.089402,0.091846466
0.089404,0.091846466
0.089406,0.091846466
0.089408,0.091846466
0.08941,0.091846466
0.089412,0.091846466
0.089414,0.091846466
0.089416,0.091846466
0.089418,0.091846466
0.08942,0.091846466
0.089422,0.091846466
0.089424,0.091846466
0.089426,0.091846466
0.089428,0.091846466
0.08943,0.091846466
0.089432,0.091846466
0.089434,0.091846466
0.089436,0.091846466
0.089438,0.091846466
0.08944,0.091846466
0.089442,0.091846466
0.089444,0.091846466
0.089446,0.091846466
0.089448,0.091846466
0.08945,0.091846466
0.089452,0.091846466
0.089454,0.091846466
0.089456,0.091846466
0.089457996,0.091846466
0.08946,0.091846466
0.089462,0.091846466
0.089464,0.091846466
0.089466,0.091846466
0.089468,0.091846466
0.08947,0.091846466
0.089472,0.091846466
0.089474,0.091846466
0.089476,0.091846466
0.089478,0.091846466
0.08948,0.091846466
0.089482,0.091846466
0.089484,0.091846466
0.089486,0.091846466
0.089488,0.091846466
0.08949,0.091846466
0.089492,0.091846466
0.089494,0.091846466
0.089496,0.091846466
0.089498,0.091846466
0.0895,0.091846466
0.089502,0.091846466
0.089503996,0.091846466
0.089506,0.091846466
0.089508,0.091846466
0.08951,0.091846466
0.089512,0.091846466
0.089514,0.091846466
0.089516,0.091846466
0.089518,0.091846466
0.08952,0.091846466
0.089522,0.091846466
0.089524,0.091846466
0.089526,0.091846466
0.089528,0.091846466
0.08953,0.091846466
0.089532,0.091846466
0.089534,0.091846466
0.089536,0.091846466
0.089538,0.091846466
0.08954,0.091846466
0.089542,0.091846466
0.089544,0.091846466
0.089546,0.091846466
0.089548,0.091846466
0.08955,0.091846466
0.089552,0.091846466
0.089554,0.091846466
0.089556,0.091846466
0.089558,0.091846466
0.08956,0.091846466
0.089562,0.091846466
0.089564,0.091846466
0.089566,0.091846466
0.089568,0.091846466
0.08957,0.091846466
0.089572,0.091846466
0.089574,0.091846466
0.089576,0.091846466
0.089578,0.091846466
0.08958,0.091846466
0.089581996,0.091846466
0.089584,0.091846466
0.089586,0.091846466
0.089588,0.091846466
0.08959,0.091846466
0.089592,0.091846466
0.089594,0.091846466
0.089596,0.091846466
0.089598,0.091846466
0.0896,0.091846466
0.089602,0.091846466
0.089604,0.091846466
0.089606,0.091846466
0.089608,0.091846466
0.08961,0.091846466
0.089612,0.091846466
0.089614,0.091846466
0.089616,0.091846466
0.089618,0.091846466
0.08962,0.091846466
0.089622,0.091846466
0.089624,0.091846466
0.089626,0.091846466
0.089627996,0.091846466
0.08963,0.091846466
0.089632,1.1551685
0.089634,1.3400936
0.089636,1.3400936
0.089638,1.3863249
0.08964,1.3863249
0.089642,1.3863249
0.089644,1.3863249
0.089646,1.3863249
0.089648,1.3863249
0.08965,1.3863249
0.089652,1.3863249
0.089654,1.3863249
0.089656,1.3863249
0.089658,1.3863249
0.08966,1.3863249
0.089662,1.3863249
0.089664,1.3863249
0.089666,1.3863249
0.089668,1.3863249
0.08967,1.3863249
0.089672,1.3863249
0.089674,1.3863249
0.089676,1.3863249
0.089678,1.3863249
0.08968,1.3863249
0.089682,1.3863249
0.089684,1.3863249
0.089686,1.3863249
0.089688,1.3863249
0.08969,1.3863249
0.089692,1.3863249
0.089694,1.3863249
0.089696,1.3863249
0.089698,1.3863249
0.0897,1.3863249
0.089702,1.3863249
0.089704,1.3863249
0.089705996,1.3863249
0.089708,1.3863249
0.08971,1.3863249
0.089712,1.3863249
0.089714,1.3863249
0.089716,1.3863249
0.089718,1.3863249
0.08972,1.3863249
0.089722,1.3863249
0.089724,1.3863249
0.089726,1.3863249
0.089728,1.3863249
0.08973,1.3863249
0.089732,1.3863249
0.089734,1.3863249
0.089736,1.3863249
0.089738,1.3863249
0.08974,1.3863249
0.089742,1.3863249
0.089744,1.3863249
0.089746,1.3863249
0.089748,1.3863249
0.08975,1.3863249
0.089751996,1.3863249
0.089754,1.3863249
0.089756,1.3863249
0.089758,1.3863249
0.08976,1.3863249
0.089762,1.3863249
0.089764,1.3863249
0.089766,1.3863249
0.089768,1.3863249
0.08977,1.3863249
0.089772,1.3863249
0.089774,1.3863249
0.089776,1.3863249
0.089778,1.3863249
0.08978,1.3863249
0.089782,1.3863249
0.089784,1.3863249
0.089786,1.3863249
0.089788,1.3863249
0.08979,1.3863249
0.089792,1.3863249
0.089794,1.3863249
0.089796,1.3863249
0.089798,1.3863249
0.0898,1.3863249
0.089802,1.3863249
0.089804,1.3863249
0.089806,1.3863249
0.089808,1.3863249
0.08981,1.3863249
0.089812,1.3863249
0.089814,1.3863249
0.089816,1.3863249
0.089818,1.3863249
0.08982,1.3863249
0.089822,1.3863249
0.089824,1.3863249
0.089826,1.3863249
0.089828,1.3863249
0.089829996,1.3863249
0.089832,1.3863249
0.089834,1.3863249
0.089836,1.3863249
0.089838,1.3863249
0.08984,1.3863249
0.089842,1.3863249
0.089844,1.3863249
0.089846,1.3863249
0.089848,1.3863249
0.08985,1.3863249
0.089852,1.3863249
0.089854,1.3863249
0.089856,1.3863249
0.089858,1.3863249
0.08986,1.3863249
0.089862,1.3863249
0.089864,1.3863249
0.089866,1.3863249
0.089868,1.3863249
0.08987,1.3863249
0.089872,1.3863249
0.089874,1.3863249
0.089875996,1.3863249
0.089878,1.3863249
0.08988,1.3863249
0.089882,1.3863249
0.089884,1.3863249
0.089886,1.3863249
0.089888,1.3863249
0.08989,1.3863249
0.089892,1.3863249
0.089894,1.3863249
0.089896,1.3863249
0.089898,1.3863249
0.0899,1.3863249
0.089902,1.3863249
0.089904,1.3863249
0.089906,1.3863249
0.089908,1.3863249
0.08991,1.3863249
0.089912,1.3863249
0.089914,1.3863249
0.089916,1.3863249
0.089918,1.3863249
0.08992,1.3863249
0.089922,1.3863249
0.089924,1.3863249
0.089926,1.3863249
0.089928,1.3863249
0.08993,1.3863249
0.089932,1.3863249
0.089934,1.3863249
0.089936,1.3863249
0.089938,1.3863249
0.08994,1.3863249
0.089942,1.3863249
0.089944,1.3863249
0.089946,1.3863249
0.089948,1.3863249
0.08995,1.3863249
0.089952,1.3863249
0.089953996,1.3863249
0.089956,1.3863249
0.089958,1.3863249
0.08996,1.3863249
0.089962,1.3863249
0.089964,1.3863249
0.089966,1.3863249
0.089968,1.3863249
0.08997,1.3863249
0.089972,1.3863249
0.089974,1.3863249
0.089976,1.3863249
0.089978,1.3863249
0.08998,1.3863249
0.089982,1.3863249
0.089984,1.3863249
0.089986,2.5883412
0.089988,2.6345725
0.08999,2.6345725
0.089992,2.6345725
0.089994,2.6345725
0.089996,2.6345725
0.089998,2.6345725
0.089999996,2.6808028
0.090002,2.6808028
0.090004,2.6808028
0.090006,2.6808028
0.090008,2.6808028
0.09001,2.6808028
0.090012,2.6808028
0.090014,2.6808028
0.090016,2.6808028
0.090018,2.6808028
0.09002,2.6808028
0.090022,2.6808028
0.090024,2.6808028
0.090026,2.6808028
0.090028,2.6808028
0.09003,2.6808028
0.090032,2.6808028
0.090034,2.6808028
0.090036,2.6808028
0.090038,2.6808028
0.09004,2.6808028
0.090042,2.6808028
0.090044,2.6808028
0.090046,2.6808028
0.090048,2.6808028
0.09005,2.6808028
0.090052,2.6808028
0.090054,2.6808028
0.090056,2.6808028
0.090058,2.6808028
0.09006,2.6808028
0.090062,2.6808028
0.090064,2.6808028
0.090066,2.6808028
0.090068,2.6808028
0.09007,2.6808028
0.090072,2.6808028
0.090074,2.6808028
0.090076,2.6808028
0.090077996,2.6808028
0.09008,2.6808028
0.090082,2.6808028
0.090084,2.6808028
0.090086,2.6808028
0.090088,2.6808028
0.09009,2.6808028
0.090092,2.6808028
0.090094,2.6808028
0.090096,2.6808028
0.090098,2.6808028
0.0901,2.6808028
0.090102,2.6808028
0.090104,2.6808028
0.090106,2.6808028
0.090108,2.6808028
0.09011,2.6808028
0.090112,2.6808028
0.090114,2.6808028
0.090116,2.6808028
0.090118,2.6808028
0.09012,2.6808028
0.090122,2.6808028
0.090123996,2.6808028
0.090126,2.6808028
0.090128,2.6808028
0.09013,2.6808028
0.090132,2.6808028
0.090134,2.6808028
0.090136,2.6808028
0.090138,2.6808028
0.09014,2.6808028
0.090142,2.6808028
0.090144,2.6808028
0.090146,2.6808028
0.090148,2.6808028
0.09015,2.6808028
0.090152,2.6808028
0.090154,2.6808028
0.090156,2.6808028
0.090158,2.6808028
0.09016,2.6808028
0.090162,2.6808028
0.090164,2.6808028
0.090166,2.6808028
0.090168,2.6808028
0.09017,2.6808028
0.090172,2.6808028
0.090174,2.6808028
0.090176,2.6808028
0.090178,2.6808028
0.09018,2.6808028
0.090182,2.6808028
0.090184,2.6808028
0.090186,2.6808028
0.090188,2.6808028
0.09019,2.6808028
0.090192,2.6808028
0.090194,2.6808028
0.090196,2.6808028
0.090198,2.6808028
0.0902,2.6808028
0.090201996,2.6808028
0.090204,2.6808028
0.090206,2.6808028
0.090208,2.6808028
0.09021,2.6808028
0.090212,2.6808028
0.090214,2.6808028
0.090216,2.6808028
0.090218,2.6808028
0.09022,2.6808028
0.090222,2.6808028
0.090224,2.6808028
0.090226,2.6808028
0.090228,2.6808028
0.09023,2.6808028
0.090232,2.6808028
0.090234,2.6808028
0.090236,2.6808028
0.090238,2.6808028
0.09024,2.6808028
0.090242,2.6808028
0.090244,2.6808028
0.090246,2.6808028
0.090247996,2.6808028
0.09025,2.6808028
0.090252,2.6808028
0.090254,2.6808028
0.090256,2.6808028
0.090258,2.6808028
0.09026,2.6808028
0.090262,2.6808028
0.090264,2.6808028
0.090266,2.6808028
0.090268,2.6808028
0.09027,2.6808028
0.090272,2.6808028
0.090274,2.6808028
0.090276,2.6808028
0.090278,2.6808028
0.09028,2.6808028
0.090282,2.6808028
0.090284,2.6808028
0.090286,2.6808028
0.090288,2.6808028
0.09029,2.6808028
0.090292,2.6808028
0.090294,2.6808028
0.090296,2.6808028
0.090298,2.6808028
0.0903,2.6808028
0.090302,2.6808028
0.090304,2.6808028
0.090306,2.6808028
0.090308,2.6808028
0.09031,2.6808028
0.090312,3.6978936
0.090314,3.92905
0.090316,3.92905
0.090318,3.92905
0.09032,3.92905
0.090322,3.9752812
0.090324,3.9752812
0.090326,3.9752812
0.090328,3.9752812
0.09033,3.9752812
0.090332,3.9752812
0.090334,3.9752812
0.090336,3.9752812
0.090338,3.9752812
0.09034,3.9752812
0.090342,3.9752812
0.090344,3.9752812
0.090346,3.9752812
0.090348,3.9752812
0.09035,3.9752812
0.090352,3.9752812
0.090354,3.9752812
0.090356,3.9752812
0.090358,3.9752812
0.09036,3.9752812
0.090362,3.9752812
0.090364,3.9752812
0.090366,3.9752812
0.090368,3.9752812
0.09037,3.9752812
0.090371996,3.9752812
0.090374,3.9752812
0.090376,3.9752812
0.090378,3.9752812
0.09038,3.9752812
0.090382,3.9752812
0.090384,3.9752812
0.090386,3.9752812
0.090388,3.9752812
0.09039,3.9752812
0.090392,3.9752812
0.090394,3.9752812
0.090396,3.9752812
0.090398,3.9752812
0.0904,3.9752812
0.090402,3.9752812
0.090404,3.9752812
0.090406,3.9752812
0.090408,3.9752812
0.09041,3.9752812
0.090412,3.9752812
0.090414,3.9752812
0.090416,3.9752812
0.090417996,3.9752812
0.09042,3.9752812
0.090422,3.9752812
0.090424,3.9752812
0.090426,3.9752812
0.090428,3.9752812
0.09043,3.9752812
0.090432,3.9752812
0.090434,3.9752812
0.090436,3.9752812
0.090438,3.9752812
0.09044,3.9752812
0.090442,3.9752812
0.090444,3.9752812
0.090446,3.9752812
0.090448,3.9752812
0.09045,3.9752812
0.090452,3.9752812
0.090454,3.9752812
0.090456,3.9752812
0.090458,3.9752812
0.09046,3.9752812
0.090462,3.9752812
0.090464,3.9752812
0.090466,3.9752812
0.090468,3.9752812
0.09047,3.9752812
0.090472,3.9752812
0.090474,3.9752812
0.090476,3.9752812
0.090478,3.9752812
0.09048,3.9752812
0.090482,3.9752812
0.090484,3.9752812
0.090486,3.9752812
0.090488,3.9752812
0.09049,3.9752812
0.090492,3.9752812
0.090494,3.9752812
0.090495996,3.9752812
0.090498,3.9752812
0.0905,3.9752812
0.090502,3.9752812
0.090504,3.9752812
0.090506,3.9752812
0.090508,3.9752812
0.09051,3.9752812
0.090512,3.9752812
0.090514,3.9752812
0.090516,3.9752812
0.090518,3.9752812
0.09052,3.9752812
0.090522,3.9752812
0.090524,3.9752812
0.090526,3.9752812
0.090528,3.9752812
0.09053,3.9752812
0.090532,3.9752812
0.090534,3.9752812
0.090536,3.9752812
0.090538,3.9752812
0.09054,3.9752812
0.090541996,3.9752812
0.090544,3.9752812
0.090546,3.9752812
0.090548,3.9752812
0.09055,3.9752812
0.090552,3.9752812
0.090554,3.9752812
0.090556,3.9752812
0.090558,3.9752812
0.09056,3.9752812
0.090562,3.9752812
0.090564,3.9752812
0.090566,3.9752812
0.090568,3.9752812
0.09057,3.9752812
0.090572,3.9752812
0.090574,3.9752812
0.090576,3.9752812
0.090578,3.9752812
0.09058,3.9752812
0.090582,3.9752812
0.090584,3.9752812
0.090586,3.9752812
0.090588,3.9752812
0.09059,3.9752812
0.090592,3.9752812
0.090594,3.9752812
0.090596,3.9752812
0.090598,3.9752812
0.0906,3.9752812
0.090602,3.9752812
0.090604,3.9752812
0.090606,3.9752812
0.090608,3.9752812
0.09061,3.9752812
0.090612,3.9752812
0.090614,3.9752812
0.090616,3.9752812
0.090618,3.9752812
0.090619996,3.9752812
0.090622,3.9752812
0.090624,3.9752812
0.090626,3.9752812
0.090628,3.9752812
0.09063,3.9752812
0.090632,3.9752812
0.090634,3.9752812
0.090636,3.9752812
0.090638,3.9752812
0.09064,3.9752812
0.090642,3.9752812
0.090644,3.9752812
0.090646,3.9752812
0.090648,3.9752812
0.09065,3.9752812
0.090652,3.9752812
0.090654,3.9752812
0.090656,3.9752812
0.090658,3.9752812
0.09066,3.9752812
0.090662,3.9752812
0.090664,3.9752812
0.090665996,3.9752812
0.090668,3.9752812
0.09067,3.9752812
0.090672,3.9752812
0.090674,3.9752812
0.090676,3.9752812
0.090678,3.9752812
0.09068,3.9752812
0.090682,3.9752812
0.090684,3.9752812
0.090686,3.9752812
0.090688,3.9752812
0.09069,3.9752812
0.090692,3.9752812
0.090694,3.9752812
0.090696,3.9752812
0.090698,3.9752812
0.0907,3.9752812
0.090702,3.9752812
0.090704,3.9752812
0.090706,3.9752812
0.090708,3.9752812
0.09071,3.9752812
0.090712,3.9752812
0.090714,3.9752812
0.090716,3.9752812
0.090718,3.9752812
0.09072,3.9752812
0.090722,3.9752812
0.090724,3.9752812
0.090726,3.9752812
0.090728,3.9752812
0.09073,3.9752812
0.090732,3.9752812
0.090734,3.9752812
0.090736,3.9752812
0.090738,3.9752812
0.09074,3.9752812
0.090742,3.9752812
0.090743996,3.9752812
0.090746,3.9752812
0.090748,3.9752812
0.09075,3.9752812
0.090752,3.9752812
0.090754,3.9752812
0.090756,3.9752812
0.090758,3.9752812
0.09076,3.9752812
0.090762,3.9752812
0.090764,3.9752812
0.090766,3.9752812
0.090768,3.9752812
0.09077,3.9752812
0.090772,3.9752812
0.090774,3.9752812
0.090776,3.9752812
0.090778,3.9752812
0.09078,3.9752812
0.090782,3.9752812
0.090784,3.9752812
0.090786,3.9752812
0.090788,3.9752812
0.090789996,3.9752812
0.090792,3.9752812
0.090794,3.9752812
0.090796,3.9752812
0.090798,3.9752812
0.0908,3.9752812
0.090802,3.9752812
0.090804,3.9752812
0.090806,3.9752812
0.090808,3.9752812
0.09081,3.9752812
0.090812,3.9752812
0.090814,3.9752812
0.090816,3.9752812
0.090818,3.9752812
0.09082,3.9752812
0.090822,3.9752812
0.090824,3.9752812
0.090826,3.9752812
0.090828,3.9752812
0.09083,3.9752812
0.090832,3.9752812
0.090834,3.9752812
0.090836,3.9752812
0.090838,3.9752812
0.09084,3.9752812
0.090842,3.9752812
0.090844,3.9752812
0.090846,3.9752812
0.090848,3.9752812
0.09085,3.9752812
0.090852,3.9752812
0.090854,3.9752812
0.090856,3.9752812
0.090858,3.9752812
0.09086,3.9752812
0.090862,3.9752812
0.090864,3.9752812
0.090866,3.9752812
0.090867996,3.9752812
0.09087,3.9752812
0.090872,3.9752812
0.090874,3.9752812
0.090876,3.9752812
0.090878,3.9752812
0.09088,3.9752812
0.090882,3.9752812
0.090884,3.9752812
0.090886,3.9752812
0.090888,3.9752812
0.09089,3.9752812
0.090892,3.9752812
0.090894,3.9752812
0.090896,3.9752812
0.090898,3.9752812
0.0909,3.9752812
0.090902,3.9752812
0.090904,3.9752812
0.090906,3.9752812
0.090908,3.9752812
0.09091,3.9752812
0.090912,3.9752812
0.090913996,3.9752812
0.090916,3.9752812
0.090918,3.9752812
0.09092,3.9752812
0.090922,3.9752812
0.090924,3.9752812
0.090926,3.9752812
0.090928,3.9752812
0.09093,3.9752812
0.090932,3.9752812
0.090934,3.9752812
0.090936,3.9752812
0.090938,3.9752812
0.09094,3.9752812
0.090942,3.9752812
0.090944,3.9752812
0.090946,3.9752812
0.090948,3.9752812
0.09095,3.9752812
0.090952,3.9752812
0.090954,3.9752812
0.090956,3.9752812
0.090958,3.9752812
0.09096,3.9752812
0.090962,3.9752812
0.090964,3.9752812
0.090966,3.9752812
0.090968,3.9752812
0.09097,3.9752812
0.090972,3.9752812
0.090974,3.9752812
0.090976,3.9752812
0.090978,3.9752812
0.09098,3.9752812
0.090982,3.9752812
0.090984,3.9752812
0.090986,3.9752812
0.090988,3.9752812
0.09099,3.9752812
0.090991996,3.9752812
0.090994,3.9752812
0.090996,3.9752812
0.090998,3.9752812
0.091,3.9752812
0.091002,3.9752812
0.091004,3.9752812
0.091006,3.9752812
0.091008,3.9752812
0.09101,3.9752812
0.091012,3.9752812
0.091014,3.9752812
0.091016,3.9752812
0.091018,3.9752812
0.09102,3.9752812
0.091022,3.9752812
0.091024,3.9752812
0.091026,3.9752812
0.091028,3.9752812
0.09103,3.9752812
0.091032,3.9752812
0.091034,3.9752812
0.091036,3.9752812
0.091037996,3.9752812
0.09104,3.9752812
0.091042,3.9752812
0.091044,3.9752812
0.091046,3.9752812
0.091048,3.9752812
0.09105,3.9752812
0.091052,3.9752812
0.091054,3.9752812
0.091056,3.9752812
0.091058,3.9752812
0.09106,3.9752812
0.091062,3.9752812
0.091064,3.9752812
0.091066,3.9752812
0.091068,3.9752812
0.09107,3.9752812
0.091072,3.9752812
0.091074,3.9752812
0.091076,3.9752812
0.091078,3.9752812
0.09108,3.9752812
0.091082,3.9752812
0.091084,3.9752812
0.091086,3.9752812
0.091088,3.9752812
0.09109,3.9752812
0.091092,3.9752812
0.091094,3.9752812
0.091096,3.9752812
0.091098,3.9752812
0.0911,3.9752812
0.091102,3.9752812
0.091104,3.9752812
0.091106,3.9752812
0.091108,3.9752812
0.09111,3.9752812
0.091112,3.9752812
0.091114,3.9752812
0.091115996,3.9752812
0.091118,3.9752812
0.09112,3.9752812
0.091122,3.9752812
0.091124,3.9752812
0.091126,3.9752812
0.091128,3.9752812
0.09113,3.9752812
0.091132,3.9752812
0.091134,3.9752812
0.091136,3.9752812
0.091138,3.9752812
0.09114,3.9752812
0.091142,3.9752812
0.091144,3.9752812
0.091146,3.9752812
0.091148,3.9752812
0.09115,3.9752812
0.091152,3.9752812
0.091154,3.9752812
0.091156,3.9752812
0.091158,3.9752812
0.09116,3.9752812
0.091161996,3.9752812
0.091164,3.9752812
0.091166,3.9752812
0.091168,3.9752812
0.09117,3.9752812
0.091172,3.9752812
0.091174,3.9752812
0.091176,3.9752812
0.091178,3.9752812
0.09118,3.9752812
0.091182,3.9752812
0.091184,3.9752812
0.091186,3.9752812
0.091188,3.9752812
0.09119,3.9752812
0.091192,3.9752812
0.091194,3.9752812
0.091196,3.9752812
0.091198,3.9752812
0.0912,3.9752812
0.091202,3.9752812
0.091204,3.9752812
0.091206,3.9752812
0.091208,3.9752812
0.09121,3.9752812
0.091212,3.9752812
0.091214,3.9752812
0.091216,3.9752812
0.091218,3.9752812
0.09122,3.9752812
0.091222,3.9752812
0.091224,3.9752812
0.091226,3.9752812
0.091228,3.9752812
0.09123,3.9752812
0.091232,3.9752812
0.091234,3.9752812
0.091236,3.9752812
0.091238,3.9752812
0.091239996,3.9752812
0.091242,3.9752812
0.091244,3.9752812
0.091246,3.9752812
0.091248,3.9752812
0.09125,3.9752812
0.091252,3.9752812
0.091254,3.9752812
0.091256,3.9752812
0.091258,3.9752812
0.09126,3.9752812
0.091262,3.9752812
0.091264,3.9752812
0.091266,3.9752812
0.091268,3.9752812
0.09127,3.9752812
0.091272,3.9752812
0.091274,3.9752812
0.091276,3.9752812
0.091278,3.9752812
0.09128,3.9752812
0.091282,3.9752812
0.091284,3.9752812
0.091285996,3.9752812
0.091288,3.9752812
0.09129,3.9752812
0.091292,3.9752812
0.091294,3.9752812
0.091296,3.9752812
0.091298,3.9752812
0.0913,3.9752812
0.091302,3.9752812
0.091304,3.9752812
0.091306,3.9752812
0.091308,3.9752812
0.09131,3.9752812
0.091312,3.9752812
0.091314,3.9752812
0.091316,3.9752812
0.091318,3.9752812
0.09132,3.9752812
0.091322,3.9752812
0.091324,3.9752812
0.091326,3.9752812
0.091328,3.9752812
0.09133,3.9752812
0.091332,3.9752812
0.091334,3.9752812
0.091336,3.9752812
0.091338,3.9752812
0.09134,3.9752812
0.091342,3.9752812
0.091344,3.9752812
0.091346,3.9752812
0.091348,3.9752812
0.09135,3.9752812
0.091352,3.9752812
0.091354,3.9752812
0.091356,3.9752812
0.091358,3.9752812
0.09136,3.9752812
0.091362,3.9752812
0.091363996,3.9752812
0.091366,3.9752812
0.091368,3.9752812
0.09137,3.9752812
0.091372,3.9752812
0.091374,3.9752812
0.091376,3.9752812
0.091378,3.9752812
0.09138,3.9752812
0.091382,3.9752812
0.091384,3.9752812
0.091386,3.9752812
0.091388,3.9752812
0.09139,3.9752812
0.091392,3.9752812
0.091394,3.9752812
0.091396,3.9752812
0.091398,3.9752812
0.0914,3.9752812
0.091402,3.9752812
0.091404,3.9752812
0.091406,3.9752812
0.091408,3.9752812
0.091409996,3.9752812
0.091412,3.9752812
0.091414,3.9752812
0.091416,3.9752812
0.091418,3.9752812
0.09142,3.9752812
0.091422,3.9752812
0.091424,3.9752812
0.091426,3.9752812
0.091428,3.9752812
0.09143,3.9752812
0.091432,3.9752812
0.091434,3.9752812
0.091436,3.9752812
0.091438,3.9752812
0.09144,3.9752812
0.091442,3.9752812
0.091444,3.9752812
0.091446,3.9752812
0.091448,3.9752812
0.09145,3.9752812
0.091452,3.9752812
0.091454,3.92905
0.091456,2.727035
0.091458,2.727035
0.09146,2.727035
0.091462,2.727035
0.091464,2.727035
0.091466,2.727035
0.091468,2.727035
0.09147,2.727035
0.091472,2.727035
0.091474,2.6808028
0.091476,2.6808028
0.091478,2.6808028
0.09148,2.6808028
0.091482,2.6808028
0.091484,2.6808028
0.091486,2.6808028
0.091488,2.6808028
0.09149,2.6808028
0.091492,2.6808028
0.091494,2.6808028
0.091496,2.6808028
0.091498,2.6808028
0.0915,2.6808028
0.091502,2.6808028
0.091504,2.6808028
0.091506,2.6808028
0.091508,2.6808028
0.09151,2.6808028
0.091512,2.6808028
0.091514,2.6808028
0.091516,2.6808028
0.091518,2.6808028
0.09152,2.6808028
0.091522,2.6808028
0.091524,2.6808028
0.091526,2.6808028
0.091528,2.6808028
0.09153,2.6808028
0.091532,2.6808028
0.091533996,2.6808028
0.091536,2.6808028
0.091538,2.6808028
0.09154,2.6808028
0.091542,2.6808028
0.091544,2.6808028
0.091546,2.6808028
0.091548,2.6808028
0.09155,2.6808028
0.091552,2.6808028
0.091554,2.6808028
0.091556,2.6808028
0.091558,2.6808028
0.09156,2.6808028
0.091562,2.6808028
0.091564,2.6808028
0.091566,2.6808028
0.091568,2.6808028
0.09157,2.6808028
0.091572,2.6808028
0.091574,2.6808028
0.091576,2.6808028
0.091578,2.6808028
0.091579996,2.6808028
0.091582,2.6808028
0.091584,2.6808028
0.091586,2.6808028
0.091588,2.6808028
0.09159,2.6808028
0.091592,2.6808028
0.091594,2.6808028
0.091596,2.6808028
0.091598,2.6808028
0.0916,2.6808028
0.091602,2.6808028
0.091604,2.6808028
0.091606,2.6808028
0.091608,2.6808028
0.09161,2.6808028
0.091612,2.6808028
0.091614,2.6808028
0.091616,2.6808028
0.091618,2.6808028
0.09162,2.6808028
0.091622,2.6808028
0.091624,2.6808028
0.091626,2.6808028
0.091628,2.6808028
0.09163,2.6808028
0.091632,2.6808028
0.091634,2.6808028
0.091636,2.6808028
0.091638,2.6808028
0.09164,2.6808028
0.091642,2.6808028
0.091644,2.6808028
0.091646,2.6808028
0.091648,2.6808028
0.09165,2.6808028
0.091652,2.6808028
0.091654,2.6808028
0.091656,2.6808028
0.091657996,2.6808028
0.09166,2.6808028
0.091662,2.6808028
0.091664,2.6808028
0.091666,2.6808028
0.091668,2.6808028
0.09167,2.6808028
0.091672,2.6808028
0.091674,2.6808028
0.091676,2.6808028
0.091678,2.6808028
0.09168,2.6808028
0.091682,2.6808028
0.091684,2.6808028
0.091686,2.6808028
0.091688,2.6808028
0.09169,2.6808028
0.091692,2.6808028
0.091694,2.6808028
0.091696,2.6808028
0.091698,2.6808028
0.0917,2.6808028
0.091702,2.6808028
0.091703996,2.6808028
0.091706,2.6808028
0.091708,2.6808028
0.09171,2.6808028
0.091712,2.6808028
0.091714,2.6808028
0.091716,2.6808028
0.091718,2.6808028
0.09172,2.6808028
0.091722,2.6808028
0.091724,2.6808028
0.091726,2.6808028
0.091728,2.6808028
0.09173,2.6808028
0.091732,2.6808028
0.091734,2.6808028
0.091736,2.6808028
0.091738,2.6808028
0.09174,2.6808028
0.091742,2.6808028
0.091744,2.6808028
0.091746,2.6808028
0.091748,2.6808028
0.09175,2.6808028
0.091752,2.6808028
0.091754,2.6808028
0.091756,2.6808028
0.091758,2.6808028
0.09176,2.6808028
0.091762,2.6808028
0.091764,2.6808028
0.091766,2.6808028
0.091768,2.6808028
0.09177,2.6808028
0.091772,2.6808028
0.091774,2.6808028
0.091776,2.6808028
0.091778,2.6808028
0.09178,2.6808028
0.091781996,1.4787879
0.091784,1.4325566
0.091786,1.4325566
0.091788,1.4325566
0.09179,1.4325566
0.091792,1.4325566
0.091794,1.4325566
0.091796,1.4325566
0.091798,1.4325566
0.0918,1.4325566
0.091802,1.4325566
0.091804,1.4325566
0.091806,1.4325566
0.091808,1.4325566
0.09181,1.4325566
0.091812,1.4325566
0.091814,1.4325566
0.091816,1.4325566
0.091818,1.3863249
0.09182,1.4325566
0.091822,1.3863249
0.091824,1.3863249
0.091826,1.3863249
0.091827996,1.3863249
0.09183,1.3863249
0.091832,1.3863249
0.091834,1.3863249
0.091836,1.3863249
0.091838,1.3863249
0.09184,1.3863249
0.091842,1.3863249
0.091844,1.3863249
0.091846,1.3863249
0.091848,1.3863249
0.09185,1.3863249
0.091852,1.3863249
0.091854,1.3863249
0.091856,1.3863249
0.091858,1.3863249
0.09186,1.3863249
0.091862,1.3863249
0.091864,1.3863249
0.091866,1.3863249
0.091868,1.3863249
0.09187,1.3863249
0.091872,1.3863249
0.091874,1.3863249
0.091876,1.3863249
0.091878,1.3863249
0.09188,1.3863249
0.091882,1.3863249
0.091884,1.3863249
0.091886,1.3863249
0.091888,1.3863249
0.09189,1.3863249
0.091892,1.3863249
0.091894,1.3863249
0.091896,1.3863249
0.091898,1.3863249
0.0919,1.3863249
0.091902,1.3863249
0.091904,1.3863249
0.091905996,1.3863249
0.091908,1.3863249
0.09191,1.3863249
0.091912,1.3863249
0.091914,1.3863249
0.091916,1.3863249
0.091918,1.3863249
0.09192,1.3863249
0.091922,1.3863249
0.091924,1.3863249
0.091926,1.3863249
0.091928,1.3863249
0.09193,1.3863249
0.091932,1.3863249
0.091934,1.3863249
0.091936,1.3863249
0.091938,1.3863249
0.09194,1.3863249
0.091942,1.3863249
0.091944,1.3863249
0.091946,1.3863249
0.091948,1.3863249
0.09195,1.3863249
0.091951996,1.3863249
0.091954,1.3863249
0.091956,1.3863249
0.091958,1.3863249
0.09196,1.3863249
0.091962,1.3863249
0.091964,1.3863249
0.091966,1.3863249
0.091968,1.3863249
0.09197,1.3863249
0.091972,1.3863249
0.091974,1.3863249
0.091976,1.3863249
0.091978,1.3863249
0.09198,1.3863249
0.091982,1.3863249
0.091984,1.3863249
0.091986,1.3863249
0.091988,1.3863249
0.09199,1.3863249
0.091992,1.3863249
0.091994,1.3863249
0.091996,1.3863249
0.091998,1.3863249
0.092,1.3863249
0.092002,1.3863249
0.092004,1.3863249
0.092006,1.3863249
0.092008,1.3863249
0.09201,1.3863249
0.092012,1.3863249
0.092014,1.3863249
0.092016,1.3863249
0.092018,1.3863249
0.09202,1.3863249
0.092022,1.3863249
0.092024,1.3863249
0.092026,1.3863249
0.092028,1.3863249
0.092029996,1.3863249
0.092032,1.3863249
0.092034,1.3863249
0.092036,1.3863249
0.092038,1.3863249
0.09204,1.3863249
0.092042,1.3863249
0.092044,1.3863249
0.092046,1.3863249
0.092048,1.3863249
0.09205,1.3863249
0.092052,1.3863249
0.092054,1.3863249
0.092056,1.3863249
0.092058,1.3863249
0.09206,1.3863249
0.092062,1.3863249
0.092064,1.3863249
0.092066,1.3863249
0.092068,1.3863249
0.09207,1.3863249
0.092072,1.3863249
0.092074,1.3863249
0.092075996,1.3863249
0.092078,1.3863249
0.09208,1.3863249
0.092082,1.3863249
0.092084,1.3863249
0.092086,1.3863249
0.092088,1.3863249
0.09209,1.3863249
0.092092,1.3863249
0.092094,1.3863249
0.092096,1.3863249
0.092098,1.3863249
0.0921,1.3863249
0.092102,1.3863249
0.092104,1.3863249
0.092106,1.3863249
0.092108,1.3863249
0.09211,1.3863249
0.092112,1.3863249
0.092114,1.3863249
0.092116,1.3863249
0.092118,1.3863249
0.09212,1.3863249
0.092122,1.3863249
0.092124,1.3863249
0.092126,1.3863249
0.092128,1.3863249
0.09213,1.3863249
0.092132,1.3863249
0.092134,1.3863249
0.092136,0.27677202
0.092138,0.13807821
0.09214,0.13807821
0.092142,0.13807821
0.092144,0.13807821
0.092146,0.13807821
0.092148,0.13807821
0.09215,0.13807821
0.092152,0.13807821
0.092153996,0.13807821
0.092156,0.13807821
0.092158,0.13807821
0.09216,0.091846466
0.092162,0.091846466
0.092164,0.091846466
0.092166,0.091846466
0.092168,0.091846466
0.09217,0.091846466
0.092172,0.091846466
0.092174,0.091846466
0.092176,0.091846466
0.092178,0.091846466
0.09218,0.091846466
0.092182,0.091846466
0.092184,0.091846466
0.092186,0.091846466
0.092188,0.091846466
0.09219,0.091846466
0.092192,0.091846466
0.092194,0.091846466
0.092196,0.091846466
0.092198,0.091846466
0.092199996,0.091846466
0.092202,0.091846466
0.092204,0.091846466
0.092206,0.091846466
0.092208,0.091846466
0.09221,0.091846466
0.092212,0.091846466
0.092214,0.091846466
0.092216,0.091846466
0.092218,0.091846466
0.09222,0.091846466
0.092222,0.091846466
0.092224,0.091846466
0.092226,0.091846466
0.092228,0.091846466
0.09223,0.091846466
0.092232,0.091846466
0.092234,0.091846466
0.092236,0.091846466
0.092238,0.091846466
0.09224,0.091846466
0.092242,0.091846466
0.092244,0.091846466
0.092246,0.091846466
0.092248,0.091846466
0.09225,0.091846466
0.092252,0.091846466
0.092254,0.091846466
0.092256,0.091846466
0.092258,0.091846466
0.09226,0.091846466
0.092262,0.091846466
0.092264,0.091846466
0.092266,0.091846466
0.092268,0.091846466
0.09227,0.091846466
0.092272,0.091846466
0.092274,0.091846466
0.092276,0.091846466
0.092277996,0.091846466
0.09228,0.091846466
0.092282,0.091846466
0.092284,0.091846466
0.092286,0.091846466
0.092288,0.091846466
0.09229,0.091846466
0.092292,0.091846466
0.092294,0.091846466
0.092296,0.091846466
0.092298,0.091846466
0.0923,0.091846466
0.092302,0.091846466
0.092304,0.091846466
0.092306,0.091846466
0.092308,0.091846466
0.09231,0.091846466
0.092312,0.091846466
0.092314,0.091846466
0.092316,0.091846466
0.092318,0.091846466
0.09232,0.091846466
0.092322,0.091846466
0.092323996,0.091846466
0.092326,0.091846466
0.092328,0.091846466
0.09233,0.091846466
0.092332,0.091846466
0.092334,0.091846466
0.092336,0.091846466
0.092338,0.091846466
0.09234,0.091846466
0.092342,0.091846466
0.092344,0.091846466
0.092346,0.091846466
0.092348,0.091846466
0.09235,0.091846466
0.092352,0.091846466
0.092354,0.091846466
0.092356,0.091846466
0.092358,0.091846466
0.09236,0.091846466
0.092362,0.091846466
0.092364,0.091846466
0.092366,0.091846466
0.092368,0.091846466
0.09237,0.091846466
0.092372,0.091846466
0.092374,0.091846466
0.092376,0.091846466
0.092378,0.091846466
0.09238,0.091846466
0.092382,0.091846466
0.092384,0.091846466
0.092386,0.091846466
0.092388,0.091846466
0.09239,0.091846466
0.092392,0.091846466
0.092394,0.091846466
0.092396,0.091846466
0.092398,0.091846466
0.0924,0.091846466
0.092401996,0.091846466
0.092404,0.091846466
0.092406,0.091846466
0.092408,0.091846466
0.09241,0.091846466
0.092412,0.091846466
0.092414,0.091846466
0.092416,0.091846466
0.092418,0.091846466
0.09242,0.091846466
0.092422,0.091846466
0.092424,0.091846466
0.092426,0.091846466
0.092428,0.091846466
0.09243,0.091846466
0.092432,0.091846466
0.092434,0.091846466
0.092436,0.091846466
0.092438,0.091846466
0.09244,0.091846466
0.092442,0.091846466
0.092444,0.091846466
0.092446,0.091846466
0.092447996,0.091846466
0.09245,0.091846466
0.092452,0.091846466
0.092454,0.091846466
0.092456,0.091846466
0.092458,0.091846466
0.09246,0.091846466
0.092462,0.091846466
0.092464,0.091846466
0.092466,0.091846466
0.092468,0.091846466
0.09247,0.091846466
0.092472,0.091846466
0.092474,0.091846466
0.092476,0.091846466
0.092478,0.091846466
0.09248,0.091846466
0.092482,0.091846466
0.092484,0.091846466
0.092486,0.091846466
0.092488,0.091846466
0.09249,0.091846466
0.092492,0.091846466
0.092494,0.091846466
0.092496,0.091846466
0.092498,0.091846466
0.0925,0.091846466
0.092502,0.091846466
0.092504,0.091846466
0.092506,0.091846466
0.092508,0.091846466
0.09251,0.091846466
0.092512,0.091846466
0.092514,0.091846466
0.092516,0.091846466
0.092518,0.091846466
0.09252,0.091846466
0.092522,0.091846466
0.092524,0.091846466
0.092525996,0.091846466
0.092528,0.091846466
0.09253,0.091846466
0.092532,0.091846466
0.092534,0.091846466
0.092536,0.091846466
0.092538,0.091846466
0.09254,0.091846466
0.092542,0.091846466
0.092544,0.091846466
0.092546,0.091846466
0.092548,0.091846466
0.09255,0.091846466
0.092552,0.091846466
0.092554,0.091846466
0.092556,0.091846466
0.092558,0.091846466
0.09256,0.091846466
0.092562,0.091846466
0.092564,0.091846466
0.092566,0.091846466
0.092568,0.091846466
0.09257,0.091846466
0.092571996,0.091846466
0.092574,0.091846466
0.092576,0.091846466
0.092578,0.091846466
0.09258,0.091846466
0.092582,0.091846466
0.092584,0.091846466
0.092586,0.091846466
0.092588,0.091846466
0.09259,0.091846466
0.092592,0.091846466
0.092594,0.091846466
0.092596,0.091846466
0.092598,0.091846466
0.0926,0.091846466
0.092602,0.091846466
0.092604,0.091846466
0.092606,0.091846466
0.092608,0.091846466
0.09261,0.091846466
0.092612,0.091846466
0.092614,0.091846466
0.092616,0.091846466
0.092618,0.091846466
0.09262,0.091846466
0.092622,0.091846466
0.092624,0.091846466
0.092626,0.091846466
0.092628,0.091846466
0.09263,0.091846466
0.092632,0.091846466
0.092634,0.091846466
0.092636,0.091846466
0.092638,0.091846466
0.09264,0.091846466
0.092642,0.091846466
0.092644,0.091846466
0.092646,0.091846466
0.092648,0.091846466
0.09265,0.091846466
0.092652,0.091846466
0.092654,0.091846466
0.092656,0.091846466
0.092658,0.091846466
0.09266,0.091846466
0.092662,0.091846466
0.092664,0.091846466
0.092666,0.091846466
0.092668,0.091846466
0.09267,0.091846466
0.092672,0.091846466
0.092674,0.091846466
0.092676,0.091846466
0.092678,0.091846466
0.09268,0.091846466
0.092682,0.091846466
0.092684,0.091846466
0.092686,0.091846466
0.092688,0.091846466
0.09269,0.091846466
0.092692,0.091846466
0.092694,0.091846466
0.092695996,0.091846466
0.092698,0.091846466
0.0927,0.091846466
0.092702,0.091846466
0.092704,0.091846466
0.092706,0.091846466
0.092708,0.091846466
0.09271,0.091846466
0.092712,0.091846466
0.092714,0.091846466
0.092716,0.091846466
0.092718,0.091846466
0.09272,0.091846466
0.092722,0.091846466
0.092724,0.091846466
0.092726,0.091846466
0.092728,0.091846466
0.09273,0.091846466
0.092732,0.091846466
0.092734,0.091846466
0.092736,0.091846466
0.092738,0.091846466
0.09274,0.091846466
0.092741996,0.091846466
0.092744,0.091846466
0.092746,0.091846466
0.092748,0.091846466
0.09275,0.091846466
0.092752,0.091846466
0.092754,0.091846466
0.092756,0.091846466
0.092758,0.091846466
0.09276,0.091846466
0.092762,0.091846466
0.092764,0.091846466
0.092766,0.091846466
0.092768,0.091846466
0.09277,0.091846466
0.092772,0.091846466
0.092774,0.091846466
0.092776,0.091846466
0.092778,0.091846466
0.09278,0.091846466
0.092782,0.091846466
0.092784,0.091846466
0.092786,0.091846466
0.092788,0.091846466
0.09279,0.091846466
0.092792,0.091846466
0.092794,0.091846466
0.092796,0.091846466
0.092798,0.091846466
0.0928,0.091846466
0.092802,0.091846466
0.092804,0.091846466
0.092806,0.091846466
0.092808,0.091846466
0.09281,0.091846466
0.092812,0.091846466
0.092814,0.091846466
0.092816,0.091846466
0.092818,0.091846466
0.092819996,0.091846466
0.092822,0.091846466
0.092824,0.091846466
0.092826,0.091846466
0.092828,0.091846466
0.09283,0.091846466
0.092832,0.091846466
0.092834,0.091846466
0.092836,0.091846466
0.092838,0.091846466
0.09284,0.091846466
0.092842,0.091846466
0.092844,0.091846466
0.092846,0.091846466
0.092848,0.091846466
0.09285,0.091846466
0.092852,0.091846466
0.092854,0.091846466
0.092856,0.091846466
0.092858,0.091846466
0.09286,0.091846466
0.092862,0.091846466
0.092864,0.091846466
0.092865996,0.091846466
0.092868,0.091846466
0.09287,0.091846466
0.092872,0.091846466
0.092874,0.091846466
0.092876,0.091846466
0.092878,0.091846466
0.09288,0.091846466
0.092882,0.091846466
0.092884,0.091846466
0.092886,0.091846466
0.092888,0.091846466
0.09289,0.091846466
0.092892,0.091846466
0.092894,0.091846466
0.092896,0.091846466
0.092898,0.091846466
0.0929,0.091846466
0.092902,0.091846466
0.092904,0.091846466
0.092906,0.091846466
0.092908,0.091846466
0.09291,0.091846466
0.092912,0.091846466
0.092914,0.091846466
0.092916,0.091846466
0.092918,0.091846466
0.09292,0.091846466
0.092922,0.091846466
0.092924,0.091846466
0.092926,0.091846466
0.092928,0.091846466
0.09293,0.091846466
0.092932,0.091846466
0.092934,0.091846466
0.092936,0.091846466
0.092938,0.091846466
0.09294,0.091846466
0.092942,0.091846466
0.092943996,0.091846466
0.092946,0.091846466
0.092948,0.091846466
0.09295,0.091846466
0.092952,0.091846466
0.092954,0.091846466
0.092956,0.091846466
0.092958,0.091846466
0.09296,0.091846466
0.092962,0.091846466
0.092964,0.091846466
0.092966,0.091846466
0.092968,0.091846466
0.09297,0.091846466
0.092972,0.091846466
0.092974,0.091846466
0.092976,0.091846466
0.092978,0.13807821
0.09298,1.3400936
0.092982,1.3400936
0.092984,1.3400936
0.092986,1.3863249
0.092988,1.3863249
0.092989996,1.3863249
0.092992,1.3863249
0.092994,1.3863249
0.092996,1.3863249
0.092998,1.3863249
0.093,1.3863249
0.093002,1.3863249
0.093004,1.3863249
0.093006,1.3863249
0.093008,1.3863249
0.09301,1.3863249
0.093012,1.3863249
0.093014,1.3863249
0.093016,1.3863249
0.093018,1.3863249
0.09302,1.3863249
0.093022,1.3863249
0.093024,1.3863249
0.093026,1.3863249
0.093028,1.3863249
0.09303,1.3863249
0.093032,1.3863249
0.093034,1.3863249
0.093036,1.3863249
0.093038,1.3863249
0.09304,1.3863249
0.093042,1.3863249
0.093044,1.3863249
0.093046,1.3863249
0.093048,1.3863249
0.09305,1.3863249
0.093052,1.3863249
0.093054,1.3863249
0.093056,1.3863249
0.093058,1.3863249
0.09306,1.3863249
0.093062,1.3863249
0.093064,1.3863249
0.093066,1.3863249
0.093067996,1.3863249
0.09307,1.3863249
0.093072,1.3863249
0.093074,1.3863249
0.093076,1.3863249
0.093078,1.3863249
0.09308,1.3863249
0.093082,1.3863249
0.093084,1.3863249
0.093086,1.3863249
0.093088,1.3863249
0.09309,1.3863249
0.093092,1.3863249
0.093094,1.3863249
0.093096,1.3863249
0.093098,1.3863249
0.0931,1.3863249
0.093102,1.3863249
0.093104,1.3863249
0.093106,1.3863249
0.093108,1.3863249
0.09311,1.3863249
0.093112,1.3863249
0.093113996,1.3863249
0.093116,1.3863249
0.093118,1.3863249
0.09312,1.3863249
0.093122,1.3863249
0.093124,1.3863249
0.093126,1.3863249
0.093128,1.3863249
0.09313,1.3863249
0.093132,1.3863249
0.093134,1.3863249
0.093136,1.3863249
0.093138,1.3863249
0.09314,1.3863249
0.093142,1.3863249
0.093144,1.3863249
0.093146,1.3863249
0.093148,1.3863249
0.09315,1.3863249
0.093152,1.3863249
0.093154,1.3863249
0.093156,1.3863249
0.093158,1.3863249
0.09316,1.3863249
0.093162,1.3863249
0.093164,1.3863249
0.093166,1.3863249
0.093168,1.3863249
0.09317,1.3863249
0.093172,1.3863249
0.093174,1.3863249
0.093176,1.3863249
0.093178,1.3863249
0.09318,1.3863249
0.093182,1.3863249
0.093184,1.3863249
0.093186,1.3863249
0.093188,1.3863249
0.09319,1.3863249
0.093191996,1.3863249
0.093194,1.3863249
0.093196,1.3863249
0.093198,1.3863249
0.0932,1.3863249
0.093202,1.3863249
0.093204,1.3863249
0.093206,1.3863249
0.093208,1.3863249
0.09321,1.3863249
0.093212,1.3863249
0.093214,1.3863249
0.093216,1.3863249
0.093218,1.3863249
0.09322,1.3863249
0.093222,1.3863249
0.093224,1.3863249
0.093226,1.3863249
0.093228,1.3863249
0.09323,1.3863249
0.093232,1.3863249
0.093234,1.3863249
0.093236,1.3863249
0.093237996,1.3863249
0.09324,1.3863249
0.093242,1.3863249
0.093244,1.3863249
0.093246,1.3863249
0.093248,1.3863249
0.09325,1.3863249
0.093252,1.3863249
0.093254,1.3863249
0.093256,1.3863249
0.093258,1.3863249
0.09326,1.3863249
0.093262,1.3863249
0.093264,1.3863249
0.093266,1.3863249
0.093268,1.3863249
0.09327,1.3863249
0.093272,1.3863249
0.093274,1.3863249
0.093276,1.3863249
0.093278,1.3863249
0.09328,1.3863249
0.093282,1.3863249
0.093284,1.3863249
0.093286,1.3863249
0.093288,1.3863249
0.09329,1.3863249
0.093292,1.3863249
0.093294,1.3863249
0.093296,1.3863249
0.093298,1.3863249
0.0933,1.3863249
0.093302,1.3863249
0.093304,1.3863249
0.093306,1.3863249
0.093308,1.3863249
0.09331,1.3863249
0.093312,1.3863249
0.093314,1.3863249
0.093315996,1.3863249
0.093318,1.3863249
0.09332,1.3863249
0.093322,1.3863249
0.093324,1.3863249
0.093326,1.3863249
0.093328,1.3863249
0.09333,1.3863249
0.093332,1.8948698
0.093334,2.5883412
0.093336,2.6345725
0.093338,2.6345725
0.09334,2.6345725
0.093342,2.6345725
0.093344,2.6345725
0.093346,2.6345725
0.093348,2.6345725
0.09335,2.6808028
0.093352,2.6808028
0.093354,2.6808028
0.093356,2.6808028
0.093358,2.6808028
0.09336,2.6808028
0.093361996,2.6808028
0.093364,2.6808028
0.093366,2.6808028
0.093368,2.6808028
0.09337,2.6808028
0.093372,2.6808028
0.093374,2.6808028
0.093376,2.6808028
0.093378,2.6808028
0.09338,2.6808028
0.093382,2.6808028
0.093384,2.6808028
0.093386,2.6808028
0.093388,2.6808028
0.09339,2.6808028
0.093392,2.6808028
0.093394,2.6808028
0.093396,2.6808028
0.093398,2.6808028
0.0934,2.6808028
0.093402,2.6808028
0.093404,2.6808028
0.093406,2.6808028
0.093408,2.6808028
0.09341,2.6808028
0.093412,2.6808028
0.093414,2.6808028
0.093416,2.6808028
0.093418,2.6808028
0.09342,2.6808028
0.093422,2.6808028
0.093424,2.6808028
0.093426,2.6808028
0.093428,2.6808028
0.09343,2.6808028
0.093432,2.6808028
0.093434,2.6808028
0.093436,2.6808028
0.093438,2.6808028
0.093439996,2.6808028
0.093442,2.6808028
0.093444,2.6808028
0.093446,2.6808028
0.093448,2.6808028
0.09345,2.6808028
0.093452,2.6808028
0.093454,2.6808028
0.093456,2.6808028
0.093458,2.6808028
0.09346,2.6808028
0.093462,2.6808028
0.093464,2.6808028
0.093466,2.6808028
0.093468,2.6808028
0.09347,2.6808028
0.093472,2.6808028
0.093474,2.6808028
0.093476,2.6808028
0.093478,2.6808028
0.09348,2.6808028
0.093482,2.6808028
0.093484,2.6808028
0.093485996,2.6808028
0.093488,2.6808028
0.09349,2.6808028
0.093492,2.6808028
0.093494,2.6808028
0.093496,2.6808028
0.093498,2.6808028
0.0935,2.6808028
0.093502,2.6808028
0.093504,2.6808028
0.093506,2.6808028
0.093508,2.6808028
0.09351,2.6808028
0.093512,2.6808028
0.093514,2.6808028
0.093516,2.6808028
0.093518,2.6808028
0.09352,2.6808028
0.093522,2.6808028
0.093524,2.6808028
0.093526,2.6808028
0.093528,2.6808028
0.09353,2.6808028
0.093532,2.6808028
0.093534,2.6808028
0.093536,2.6808028
0.093538,2.6808028
0.09354,2.6808028
0.093542,2.6808028
0.093544,2.6808028
0.093546,2.6808028
0.093548,2.6808028
0.09355,2.6808028
0.093552,2.6808028
0.093554,2.6808028
0.093556,2.6808028
0.093558,2.6808028
0.09356,2.6808028
0.093562,2.6808028
0.093563996,2.6808028
0.093566,2.6808028
0.093568,2.6808028
0.09357,2.6808028
0.093572,2.6808028
0.093574,2.6808028
0.093576,2.6808028
0.093578,2.6808028
0.09358,2.6808028
0.093582,2.6808028
0.093584,2.6808028
0.093586,2.6808028
0.093588,2.6808028
0.09359,2.6808028
0.093592,2.6808028
0.093594,2.6808028
0.093596,2.6808028
0.093598,2.6808028
0.0936,2.6808028
0.093602,2.6808028
0.093604,2.6808028
0.093606,2.6808028
0.093608,2.6808028
0.093609996,2.6808028
0.093612,2.6808028
0.093614,2.6808028
0.093616,2.6808028
0.093618,2.6808028
0.09362,2.6808028
0.093622,2.6808028
0.093624,2.6808028
0.093626,2.6808028
0.093628,2.6808028
0.09363,2.6808028
0.093632,2.6808028
0.093634,2.6808028
0.093636,2.6808028
0.093638,2.6808028
0.09364,2.6808028
0.093642,2.6808028
0.093644,2.6808028
0.093646,2.6808028
0.093648,2.6808028
0.09365,2.6808028
0.093652,2.6808028
0.093654,2.6808028
0.093656,2.6808028
0.093658,2.6808028
0.09366,3.8365874
0.093662,3.92905
0.093664,3.92905
0.093666,3.92905
0.093668,3.92905
0.09367,3.9752812
0.093672,3.9752812
0.093674,3.9752812
0.093676,3.9752812
0.093678,3.9752812
0.09368,3.9752812
0.093682,3.9752812
0.093684,3.9752812
0.093686,3.9752812
0.093687996,3.9752812
0.09369,3.9752812
0.093692,3.9752812
0.093694,3.9752812
0.093696,3.9752812
0.093698,3.9752812
0.0937,3.9752812
0.093702,3.9752812
0.093704,3.9752812
0.093706,3.9752812
0.093708,3.9752812
0.09371,3.9752812
0.093712,3.9752812
0.093714,3.9752812
0.093716,3.9752812
0.093718,3.9752812
0.09372,3.9752812
0.093722,3.9752812
0.093724,3.9752812
0.093726,3.9752812
0.093728,3.9752812
0.09373,3.9752812
0.093732,3.9752812
0.093733996,3.9752812
0.093736,3.9752812
0.093738,3.9752812
0.09374,3.9752812
0.093742,3.9752812
0.093744,3.9752812
0.093746,3.9752812
0.093748,3.9752812
0.09375,3.9752812
0.093752,3.9752812
0.093754,3.9752812
0.093756,3.9752812
0.093758,3.9752812
0.09376,3.9752812
0.093762,3.9752812
0.093764,3.9752812
0.093766,3.9752812
0.093768,3.9752812
0.09377,3.9752812
0.093772,3.9752812
0.093774,3.9752812
0.093776,3.9752812
0.093778,3.9752812
0.09378,3.9752812
0.093782,3.9752812
0.093784,3.9752812
0.093786,3.9752812
0.093788,3.9752812
0.09379,3.9752812
0.093792,3.9752812
0.093794,3.9752812
0.093796,3.9752812
0.093798,3.9752812
0.0938,3.9752812
0.093802,3.9752812
0.093804,3.9752812
0.093806,3.9752812
0.093808,3.9752812
0.09381,3.9752812
0.093812,3.9752812
0.093814,3.9752812
0.093816,3.9752812
0.093818,3.9752812
0.09382,3.9752812
0.093822,3.9752812
0.093824,3.9752812
0.093826,3.9752812
0.093828,3.9752812
0.09383,3.9752812
0.093832,3.9752812
0.093834,3.9752812
0.093836,3.9752812
0.093838,3.9752812
0.09384,3.9752812
0.093842,3.9752812
0.093844,3.9752812
0.093846,3.9752812
0.093848,3.9752812
0.09385,3.9752812
0.093852,3.9752812
0.093854,3.9752812
0.093856,3.9752812
0.093857996,3.9752812
0.09386,3.9752812
0.093862,3.9752812
0.093864,3.9752812
0.093866,3.9752812
0.093868,3.9752812
0.09387,3.9752812
0.093872,3.9752812
0.093874,3.9752812
0.093876,3.9752812
0.093878,3.9752812
0.09388,3.9752812
0.093882,3.9752812
0.093884,3.9752812
0.093886,3.9752812
0.093888,3.9752812
0.09389,3.9752812
0.093892,3.9752812
0.093894,3.9752812
0.093896,3.9752812
0.093898,3.9752812
0.0939,3.9752812
0.093902,3.9752812
0.093903996,3.9752812
0.093906,3.9752812
0.093908,3.9752812
0.09391,3.9752812
0.093912,3.9752812
0.093914,3.9752812
0.093916,3.9752812
0.093918,3.9752812
0.09392,3.9752812
0.093922,3.9752812
0.093924,3.9752812
0.093926,3.9752812
0.093928,3.9752812
0.09393,3.9752812
0.093932,3.9752812
0.093934,3.9752812
0.093936,3.9752812
0.093938,3.9752812
0.09394,3.9752812
0.093942,3.9752812
0.093944,3.9752812
0.093946,3.9752812
0.093948,3.9752812
0.09395,3.9752812
0.093952,3.9752812
0.093954,3.9752812
0.093956,3.9752812
0.093958,3.9752812
0.09396,3.9752812
0.093962,3.9752812
0.093964,3.9752812
0.093966,3.9752812
0.093968,3.9752812
0.09397,3.9752812
0.093972,3.9752812
0.093974,3.9752812
0.093976,3.9752812
0.093978,3.9752812
0.09398,3.9752812
0.093981996,3.9752812
0.093984,3.9752812
0.093986,3.9752812
0.093988,3.9752812
0.09399,3.9752812
0.093992,3.9752812
0.093994,3.9752812
0.093996,3.9752812
0.093998,3.9752812
0.094,3.9752812
0.094002,3.9752812
0.094004,3.9752812
0.094006,3.9752812
0.094008,3.9752812
0.09401,3.9752812
0.094012,3.9752812
0.094014,3.9752812
0.094016,3.9752812
0.094018,3.9752812
0.09402,3.9752812
0.094022,3.9752812
0.094024,3.9752812
0.094026,3.9752812
0.094027996,3.9752812
0.09403,3.9752812
0.094032,3.9752812
0.094034,3.9752812
0.094036,3.9752812
0.094038,3.9752812
0.09404,3.9752812
0.094042,3.9752812
0.094044,3.9752812
0.094046,3.9752812
0.094048,3.9752812
0.09405,3.9752812
0.094052,3.9752812
0.094054,3.9752812
0.094056,3.9752812
0.094058,3.9752812
0.09406,3.9752812
0.094062,3.9752812
0.094064,3.9752812
0.094066,3.9752812
0.094068,3.9752812
0.09407,3.9752812
0.094072,3.9752812
0.094074,3.9752812
0.094076,3.9752812
0.094078,3.9752812
0.09408,3.9752812
0.094082,3.9752812
0.094084,3.9752812
0.094086,3.9752812
0.094088,3.9752812
0.09409,3.9752812
0.094092,3.9752812
0.094094,3.9752812
0.094096,3.9752812
0.094098,3.9752812
0.0941,3.9752812
0.094102,3.9752812
0.094104,3.9752812
0.094105996,3.9752812
0.094108,3.9752812
0.09411,3.9752812
0.094112,3.9752812
0.094114,3.9752812
0.094116,3.9752812
0.094118,3.9752812
0.09412,3.9752812
0.094122,3.9752812
0.094124,3.9752812
0.094126,3.9752812
0.094128,3.9752812
0.09413,3.9752812
0.094132,3.9752812
0.094134,3.9752812
0.094136,3.9752812
0.094138,3.9752812
0.09414,3.9752812
0.094142,3.9752812
0.094144,3.9752812
0.094146,3.9752812
0.094148,3.9752812
0.09415,3.9752812
0.094151996,3.9752812
0.094154,3.9752812
0.094156,3.9752812
0.094158,3.9752812
0.09416,3.9752812
0.094162,3.9752812
0.094164,3.9752812
0.094166,3.9752812
0.094168,3.9752812
0.09417,3.9752812
0.094172,3.9752812
0.094174,3.9752812
0.094176,3.9752812
0.094178,3.9752812
0.09418,3.9752812
0.094182,3.9752812
0.094184,3.9752812
0.094186,3.9752812
0.094188,3.9752812
0.09419,3.9752812
0.094192,3.9752812
0.094194,3.9752812
0.094196,3.9752812
0.094198,3.9752812
0.0942,3.9752812
0.094202,3.9752812
0.094204,3.9752812
0.094206,3.9752812
0.094208,3.9752812
0.09421,3.9752812
0.094212,3.9752812
0.094214,3.9752812
0.094216,3.9752812
0.094218,3.9752812
0.09422,3.9752812
0.094222,3.9752812
0.094224,3.9752812
0.094226,3.9752812
0.094228,3.9752812
0.094229996,3.9752812
0.094232,3.9752812
0.094234,3.9752812
0.094236,3.9752812
0.094238,3.9752812
0.09424,3.9752812
0.094242,3.9752812
0.094244,3.9752812
0.094246,3.9752812
0.094248,3.9752812
0.09425,3.9752812
0.094252,3.9752812
0.094254,3.9752812
0.094256,3.9752812
0.094258,3.9752812
0.09426,3.9752812
0.094262,3.9752812
0.094264,3.9752812
0.094266,3.9752812
0.094268,3.9752812
0.09427,3.9752812
0.094272,3.9752812
0.094274,3.9752812
0.094275996,3.9752812
0.094278,3.9752812
0.09428,3.9752812
0.094282,3.9752812
0.094284,3.9752812
0.094286,3.9752812
0.094288,3.9752812
0.09429,3.9752812
0.094292,3.9752812
0.094294,3.9752812
0.094296,3.9752812
0.094298,3.9752812
0.0943,3.9752812
0.094302,3.9752812
0.094304,3.9752812
0.094306,3.9752812
0.094308,3.9752812
0.09431,3.9752812
0.094312,3.9752812
0.094314,3.9752812
0.094316,3.9752812
0.094318,3.9752812
0.09432,3.9752812
0.094322,3.9752812
0.094324,3.9752812
0.094326,3.9752812
0.094328,3.9752812
0.09433,3.9752812
0.094332,3.9752812
0.094334,3.9752812
0.094336,3.9752812
0.094338,3.9752812
0.09434,3.9752812
0.094342,3.9752812
0.094344,3.9752812
0.094346,3.9752812
0.094348,3.9752812
0.09435,3.9752812
0.094352,3.9752812
0.094353996,3.9752812
0.094356,3.9752812
0.094358,3.9752812
0.09436,3.9752812
0.094362,3.9752812
0.094364,3.9752812
0.094366,3.9752812
0.094368,3.9752812
0.09437,3.9752812
0.094372,3.9752812
0.094374,3.9752812
0.094376,3.9752812
0.094378,3.9752812
0.09438,3.9752812
0.094382,3.9752812
0.094384,3.9752812
0.094386,3.9752812
0.094388,3.9752812
0.09439,3.9752812
0.094392,3.9752812
0.094394,3.9752812
0.094396,3.9752812
0.094398,3.9752812
0.094399996,3.9752812
0.094402,3.9752812
0.094404,3.9752812
0.094406,3.9752812
0.094408,3.9752812
0.09441,3.9752812
0.094412,3.9752812
0.094414,3.9752812
0.094416,3.9752812
0.094418,3.9752812
0.09442,3.9752812
0.094422,3.9752812
0.094424,3.9752812
0.094426,3.9752812
0.094428,3.9752812
0.09443,3.9752812
0.094432,3.9752812
0.094434,3.9752812
0.094436,3.9752812
0.094438,3.9752812
0.09444,3.9752812
0.094442,3.9752812
0.094444,3.9752812
0.094446,3.9752812
0.094448,3.9752812
0.09445,3.9752812
0.094452,3.9752812
0.094454,3.9752812
0.094456,3.9752812
0.094458,3.9752812
0.09446,3.9752812
0.094462,3.9752812
0.094464,3.9752812
0.094466,3.9752812
0.094468,3.9752812
0.09447,3.9752812
0.094472,3.9752812
0.094474,3.9752812
0.094476,3.9752812
0.094477996,3.9752812
0.09448,3.9752812
0.094482,3.9752812
0.094484,3.9752812
0.094486,3.9752812
0.094488,3.9752812
0.09449,3.9752812
0.094492,3.9752812
0.094494,3.9752812
0.094496,3.9752812
0.094498,3.9752812
0.0945,3.9752812
0.094502,3.9752812
0.094504,3.9752812
0.094506,3.9752812
0.094508,3.9752812
0.09451,3.9752812
0.094512,3.9752812
0.094514,3.9752812
0.094516,3.9752812
0.094518,3.9752812
0.09452,3.9752812
0.094522,3.9752812
0.094523996,3.9752812
0.094526,3.9752812
0.094528,3.9752812
0.09453,3.9752812
0.094532,3.9752812
0.094534,3.9752812
0.094536,3.9752812
0.094538,3.9752812
0.09454,3.9752812
0.094542,3.9752812
0.094544,3.9752812
0.094546,3.9752812
0.094548,3.9752812
0.09455,3.9752812
0.094552,3.9752812
0.094554,3.9752812
0.094556,3.9752812
0.094558,3.9752812
0.09456,3.9752812
0.094562,3.9752812
0.094564,3.9752812
0.094566,3.9752812
0.094568,3.9752812
0.09457,3.9752812
0.094572,3.9752812
0.094574,3.9752812
0.094576,3.9752812
0.094578,3.9752812
0.09458,3.9752812
0.094582,3.9752812
0.094584,3.9752812
0.094586,3.9752812
0.094588,3.9752812
0.09459,3.9752812
0.094592,3.9752812
0.094594,3.9752812
0.094596,3.9752812
0.094598,3.9752812
0.0946,3.9752812
0.094601996,3.9752812
0.094604,3.9752812
0.094606,3.9752812
0.094608,3.9752812
0.09461,3.9752812
0.094612,3.9752812
0.094614,3.9752812
0.094616,3.9752812
0.094618,3.9752812
0.09462,3.9752812
0.094622,3.9752812
0.094624,3.9752812
0.094626,3.9752812
0.094628,3.9752812
0.09463,3.9752812
0.094632,3.9752812
0.094634,3.9752812
0.094636,3.9752812
0.094638,3.9752812
0.09464,3.9752812
0.094642,3.9752812
0.094644,3.9752812
0.094646,3.9752812
0.094647996,3.9752812
0.09465,3.9752812
0.094652,3.9752812
0.094654,3.9752812
0.094656,3.9752812
0.094658,3.9752812
0.09466,3.9752812
0.094662,3.9752812
0.094664,3.9752812
0.094666,3.9752812
0.094668,3.9752812
0.09467,3.9752812
0.094672,3.9752812
0.094674,3.9752812
0.094676,3.9752812
0.094678,3.9752812
0.09468,3.9752812
0.094682,3.9752812
0.094684,3.9752812
0.094686,3.9752812
0.094688,3.9752812
0.09469,3.9752812
0.094692,3.9752812
0.094694,3.9752812
0.094696,3.9752812
0.094698,3.9752812
0.0947,3.9752812
0.094702,3.9752812
0.094704,3.9752812
0.094706,3.9752812
0.094708,3.9752812
0.09471,3.9752812
0.094712,3.9752812
0.094714,3.9752812
0.094716,3.9752812
0.094718,3.9752812
0.09472,3.9752812
0.094722,3.9752812
0.094724,3.9752812
0.094725996,3.9752812
0.094728,3.9752812
0.09473,3.9752812
0.094732,3.9752812
0.094734,3.9752812
0.094736,3.9752812
0.094738,3.9752812
0.09474,3.9752812
0.094742,3.9752812
0.094744,3.9752812
0.094746,3.9752812
0.094748,3.9752812
0.09475,3.9752812
0.094752,3.9752812
0.094754,3.9752812
0.094756,3.9752812
0.094758,3.9752812
0.09476,3.9752812
0.094762,3.9752812
0.094764,3.9752812
0.094766,3.9752812
0.094768,3.9752812
0.09477,3.9752812
0.094771996,3.9752812
0.094774,3.9752812
0.094776,3.9752812
0.094778,3.9752812
0.09478,3.9752812
0.094782,3.9752812
0.094784,3.9752812
0.094786,3.9752812
0.094788,3.9752812
0.09479,3.9752812
0.094792,3.9752812
0.094794,3.9752812
0.094796,3.9752812
0.094798,3.9752812
0.0948,3.9752812
0.094802,3.0044227
0.094804,2.727035
0.094806,2.727035
0.094808,2.727035
0.09481,2.727035
0.094812,2.727035
0.094814,2.727035
0.094816,2.727035
0.094818,2.727035
0.09482,2.6808028
0.094822,2.727035
0.094824,2.6808028
0.094826,2.6808028
0.094828,2.6808028
0.09483,2.6808028
0.094832,2.6808028
0.094834,2.6808028
0.094836,2.6808028
0.094838,2.6808028
0.09484,2.6808028
0.094842,2.6808028
0.094844,2.6808028
0.094846,2.6808028
0.094848,2.6808028
0.094849996,2.6808028
0.094852,2.6808028
0.094854,2.6808028
0.094856,2.6808028
0.094858,2.6808028
0.09486,2.6808028
0.094862,2.6808028
0.094864,2.6808028
0.094866,2.6808028
0.094868,2.6808028
0.09487,2.6808028
0.094872,2.6808028
0.094874,2.6808028
0.094876,2.6808028
0.094878,2.6808028
0.09488,2.6808028
0.094882,2.6808028
0.094884,2.6808028
0.094886,2.6808028
0.094888,2.6808028
0.09489,2.6808028
0.094892,2.6808028
0.094894,2.6808028
0.094895996,2.6808028
0.094898,2.6808028
0.0949,2.6808028
0.094902,2.6808028
0.094904,2.6808028
0.094906,2.6808028
0.094908,2.6808028
0.09491,2.6808028
0.094912,2.6808028
0.094914,2.6808028
0.094916,2.6808028
0.094918,2.6808028
0.09492,2.6808028
0.094922,2.6808028
0.094924,2.6808028
0.094926,2.6808028
0.094928,2.6808028
0.09493,2.6808028
0.094932,2.6808028
0.094934,2.6808028
0.094936,2.6808028
0.094938,2.6808028
0.09494,2.6808028
0.094941996,2.6808028
0.094944,2.6808028
0.094946,2.6808028
0.094948,2.6808028
0.09495,2.6808028
0.094952,2.6808028
0.094954,2.6808028
0.094956,2.6808028
0.094958,2.6808028
0.09496,2.6808028
0.094962,2.6808028
0.094964,2.6808028
0.094966,2.6808028
0.094968,2.6808028
0.09497,2.6808028
0.094972,2.6808028
0.094974,2.6808028
0.094976,2.6808028
0.094978,2.6808028
0.09498,2.6808028
0.094982,2.6808028
0.094984,2.6808028
0.094986,2.6808028
0.094988,2.6808028
0.09499,2.6808028
0.094992,2.6808028
0.094994,2.6808028
0.094996,2.6808028
0.094998,2.6808028
0.095,2.6808028
0.095002,2.6808028
0.095004,2.6808028
0.095006,2.6808028
0.095008,2.6808028
0.09501,2.6808028
0.095012,2.6808028
0.095014,2.6808028
0.095016,2.6808028
0.095018,2.6808028
0.095019996,2.6808028
0.095022,2.6808028
0.095024,2.6808028
0.095026,2.6808028
0.095028,2.6808028
0.09503,2.6808028
0.095032,2.6808028
0.095034,2.6808028
0.095036,2.6808028
0.095038,2.6808028
0.09504,2.6808028
0.095042,2.6808028
0.095044,2.6808028
0.095046,2.6808028
0.095048,2.6808028
0.09505,2.6808028
0.095052,2.6808028
0.095054,2.6808028
0.095056,2.6808028
0.095058,2.6808028
0.09506,2.6808028
0.095062,2.6808028
0.095064,2.6808028
0.095065996,2.6808028
0.095068,2.6808028
0.09507,2.6808028
0.095072,2.6808028
0.095074,2.6808028
0.095076,2.6808028
0.095078,2.6808028
0.09508,2.6808028
0.095082,2.6808028
0.095084,2.6808028
0.095086,2.6808028
0.095088,2.6808028
0.09509,2.6808028
0.095092,2.6808028
0.095094,2.6808028
0.095096,2.6808028
0.095098,2.6808028
0.0951,2.6808028
0.095102,2.6808028
0.095104,2.6808028
0.095106,2.6808028
0.095108,2.6808028
0.09511,2.6808028
0.095112,2.6808028
0.095114,2.6808028
0.095116,2.6808028
0.095118,2.6808028
0.09512,2.6808028
0.095122,2.6808028
0.095124,2.6808028
0.095126,2.6808028
0.095128,2.3109517
0.09513,1.4787879
0.095132,1.4325566
0.095134,1.4325566
0.095136,1.4325566
0.095138,1.4325566
0.09514,1.4325566
0.095142,1.4325566
0.095143996,1.4325566
0.095146,1.4325566
0.095148,1.4325566
0.09515,1.4325566
0.095152,1.4325566
0.095154,1.4325566
0.095156,1.4325566
0.095158,1.4325566
0.09516,1.4325566
0.095162,1.4325566
0.095164,1.3863249
0.095166,1.3863249
0.095168,1.4325566
0.09517,1.3863249
0.095172,1.3863249
0.095174,1.3863249
0.095176,1.3863249
0.095178,1.3863249
0.09518,1.3863249
0.095182,1.3863249
0.095184,1.3863249
0.095186,1.3863249
0.095188,1.3863249
0.095189996,1.3863249
0.095192,1.3863249
0.095194,1.3863249
0.095196,1.3863249
0.095198,1.3863249
0.0952,1.3863249
0.095202,1.3863249
0.095204,1.3863249
0.095206,1.3863249
0.095208,1.3863249
0.09521,1.3863249
0.095212,1.3863249
0.095214,1.3863249
0.095216,1.3863249
0.095218,1.3863249
0.09522,1.3863249
0.095222,1.3863249
0.095224,1.3863249
0.095226,1.3863249
0.095228,1.3863249
0.09523,1.3863249
0.095232,1.3863249
0.095234,1.3863249
0.095236,1.3863249
0.095238,1.3863249
0.09524,1.3863249
0.095242,1.3863249
0.095244,1.3863249
0.095246,1.3863249
0.095248,1.3863249
0.09525,1.3863249
0.095252,1.3863249
0.095254,1.3863249
0.095256,1.3863249
0.095258,1.3863249
0.09526,1.3863249
0.095262,1.3863249
0.095264,1.3863249
0.095266,1.3863249
0.095267996,1.3863249
0.09527,1.3863249
0.095272,1.3863249
0.095274,1.3863249
0.095276,1.3863249
0.095278,1.3863249
0.09528,1.3863249
0.095282,1.3863249
0.095284,1.3863249
0.095286,1.3863249
0.095288,1.3863249
0.09529,1.3863249
0.095292,1.3863249
0.095294,1.3863249
0.095296,1.3863249
0.095298,1.3863249
0.0953,1.3863249
0.095302,1.3863249
0.095304,1.3863249
0.095306,1.3863249
0.095308,1.3863249
0.09531,1.3863249
0.095312,1.3863249
0.095313996,1.3863249
0.095316,1.3863249
0.095318,1.3863249
0.09532,1.3863249
0.095322,1.3863249
0.095324,1.3863249
0.095326,1.3863249
0.095328,1.3863249
0.09533,1.3863249
0.095332,1.3863249
0.095334,1.3863249
0.095336,1.3863249
0.095338,1.3863249
0.09534,1.3863249
0.095342,1.3863249
0.095344,1.3863249
0.095346,1.3863249
0.095348,1.3863249
0.09535,1.3863249
0.095352,1.3863249
0.095354,1.3863249
0.095356,1.3863249
0.095358,1.3863249
0.09536,1.3863249
0.095362,1.3863249
0.095364,1.3863249
0.095366,1.3863249
0.095368,1.3863249
0.09537,1.3863249
0.095372,1.3863249
0.095374,1.3863249
0.095376,1.3863249
0.095378,1.3863249
0.09538,1.3863249
0.095382,1.3863249
0.095384,1.3863249
0.095386,1.3863249
0.095388,1.3863249
0.09539,1.3863249
0.095391996,1.3863249
0.095394,1.3863249
0.095396,1.3863249
0.095398,1.3863249
0.0954,1.3863249
0.095402,1.3863249
0.095404,1.3863249
0.095406,1.3863249
0.095408,1.3863249
0.09541,1.3863249
0.095412,1.3863249
0.095414,1.3863249
0.095416,1.3863249
0.095418,1.3863249
0.09542,1.3863249
0.095422,1.3863249
0.095424,1.3863249
0.095426,1.3863249
0.095428,1.3863249
0.09543,1.3863249
0.095432,1.3863249
0.095434,1.3863249
0.095436,1.3863249
0.095437996,1.3863249
0.09544,1.3863249
0.095442,1.3863249
0.095444,1.3863249
0.095446,1.3863249
0.095448,1.3863249
0.09545,1.3863249
0.095452,1.3863249
0.095454,1.3863249
0.095456,1.3863249
0.095458,1.3863249
0.09546,1.3863249
0.095462,1.3863249
0.095464,1.3863249
0.095466,1.3863249
0.095468,1.3863249
0.09547,1.3863249
0.095472,1.3863249
0.095474,1.3863249
0.095476,1.3863249
0.095478,1.3863249
0.09548,1.3863249
0.095482,0.7853174
0.095484,0.13807821
0.095486,0.13807821
0.095488,0.13807821
0.09549,0.13807821
0.095492,0.13807821
0.095494,0.13807821
0.095496,0.13807821
0.095498,0.13807821
0.0955,0.13807821
0.095502,0.13807821
0.095504,0.091846466
0.095506,0.13807821
0.095508,0.091846466
0.09551,0.091846466
0.095512,0.091846466
0.095514,0.091846466
0.095515996,0.091846466
0.095518,0.091846466
0.09552,0.091846466
0.095522,0.091846466
0.095524,0.091846466
0.095526,0.091846466
0.095528,0.091846466
0.09553,0.091846466
0.095532,0.091846466
0.095534,0.091846466
0.095536,0.091846466
0.095538,0.091846466
0.09554,0.091846466
0.095542,0.091846466
0.095544,0.091846466
0.095546,0.091846466
0.095548,0.091846466
0.09555,0.091846466
0.095552,0.091846466
0.095554,0.091846466
0.095556,0.091846466
0.095558,0.091846466
0.09556,0.091846466
0.095561996,0.091846466
0.095564,0.091846466
0.095566,0.091846466
0.095568,0.091846466
0.09557,0.091846466
0.095572,0.091846466
0.095574,0.091846466
0.095576,0.091846466
0.095578,0.091846466
0.09558,0.091846466
0.095582,0.091846466
0.095584,0.091846466
0.095586,0.091846466
0.095588,0.091846466
0.09559,0.091846466
0.095592,0.091846466
0.095594,0.091846466
0.095596,0.091846466
0.095598,0.091846466
0.0956,0.091846466
0.095602,0.091846466
0.095604,0.091846466
0.095606,0.091846466
0.095608,0.091846466
0.09561,0.091846466
0.095612,0.091846466
0.095614,0.091846466
0.095616,0.091846466
0.095618,0.091846466
0.09562,0.091846466
0.095622,0.091846466
0.095624,0.091846466
0.095626,0.091846466
0.095628,0.091846466
0.09563,0.091846466
0.095632,0.091846466
0.095634,0.091846466
0.095636,0.091846466
0.095638,0.091846466
0.095639996,0.091846466
0.095642,0.091846466
0.095644,0.091846466
0.095646,0.091846466
0.095648,0.091846466
0.09565,0.091846466
0.095652,0.091846466
0.095654,0.091846466
0.095656,0.091846466
0.095658,0.091846466
0.09566,0.091846466
0.095662,0.091846466
0.095664,0.091846466
0.095666,0.091846466
0.095668,0.091846466
0.09567,0.091846466
0.095672,0.091846466
0.095674,0.091846466
0.095676,0.091846466
0.095678,0.091846466
0.09568,0.091846466
0.095682,0.091846466
0.095684,0.091846466
0.095685996,0.091846466
0.095688,0.091846466
0.09569,0.091846466
0.095692,0.091846466
0.095694,0.091846466
0.095696,0.091846466
0.095698,0.091846466
0.0957,0.091846466
0.095702,0.091846466
0.095704,0.091846466
0.095706,0.091846466
0.095708,0.091846466
0.09571,0.091846466
0.095712,0.091846466
0.095714,0.091846466
0.095716,0.091846466
0.095718,0.091846466
0.09572,0.091846466
0.095722,0.091846466
0.095724,0.091846466
0.095726,0.091846466
0.095728,0.091846466
0.09573,0.091846466
0.095732,0.091846466
0.095734,0.091846466
0.095736,0.091846466
0.095738,0.091846466
0.09574,0.091846466
0.095742,0.091846466
0.095744,0.091846466
0.095746,0.091846466
0.095748,0.091846466
0.09575,0.091846466
0.095752,0.091846466
0.095754,0.091846466
0.095756,0.091846466
0.095758,0.091846466
0.09576,0.091846466
0.095762,0.091846466
0.095763996,0.091846466
0.095766,0.091846466
0.095768,0.091846466
0.09577,0.091846466
0.095772,0.091846466
0.095774,0.091846466
0.095776,0.091846466
0.095778,0.091846466
0.09578,0.091846466
0.095782,0.091846466
0.095784,0.091846466
0.095786,0.091846466
0.095788,0.091846466
0.09579,0.091846466
0.095792,0.091846466
0.095794,0.091846466
0.095796,0.091846466
0.095798,0.091846466
0.0958,0.091846466
0.095802,0.091846466
0.095804,0.091846466
0.095806,0.091846466
0.095808,0.091846466
0.095809996,0.091846466
0.095812,0.091846466
0.095814,0.091846466
0.095816,0.091846466
0.095818,0.091846466
0.09582,0.091846466
0.095822,0.091846466
0.095824,0.091846466
0.095826,0.091846466
0.095828,0.091846466
0.09583,0.091846466
0.095832,0.091846466
0.095834,0.091846466
0.095836,0.091846466
0.095838,0.091846466
0.09584,0.091846466
0.095842,0.091846466
0.095844,0.091846466
0.095846,0.091846466
0.095848,0.091846466
0.09585,0.091846466
0.095852,0.091846466
0.095854,0.091846466
0.095856,0.091846466
0.095858,0.091846466
0.09586,0.091846466
0.095862,0.091846466
0.095864,0.091846466
0.095866,0.091846466
0.095868,0.091846466
0.09587,0.091846466
0.095872,0.091846466
0.095874,0.091846466
0.095876,0.091846466
0.095878,0.091846466
0.09588,0.091846466
0.095882,0.091846466
0.095884,0.091846466
0.095886,0.091846466
0.095887996,0.091846466
0.09589,0.091846466
0.095892,0.091846466
0.095894,0.091846466
0.095896,0.091846466
0.095898,0.091846466
0.0959,0.091846466
0.095902,0.091846466
0.095904,0.091846466
0.095906,0.091846466
0.095908,0.091846466
0.09591,0.091846466
0.095912,0.091846466
0.095914,0.091846466
0.095916,0.091846466
0.095918,0.091846466
0.09592,0.091846466
0.095922,0.091846466
0.095924,0.091846466
0.095926,0.091846466
0.095928,0.091846466
0.09593,0.091846466
0.095932,0.091846466
0.095933996,0.091846466
0.095936,0.091846466
0.095938,0.091846466
0.09594,0.091846466
0.095942,0.091846466
0.095944,0.091846466
0.095946,0.091846466
0.095948,0.091846466
0.09595,0.091846466
0.095952,0.091846466
0.095954,0.091846466
0.095956,0.091846466
0.095958,0.091846466
0.09596,0.091846466
0.095962,0.091846466
0.095964,0.091846466
0.095966,0.091846466
0.095968,0.091846466
0.09597,0.091846466
0.095972,0.091846466
0.095974,0.091846466
0.095976,0.091846466
0.095978,0.091846466
0.09598,0.091846466
0.095982,0.091846466
0.095984,0.091846466
0.095986,0.091846466
0.095988,0.091846466
0.09599,0.091846466
0.095992,0.091846466
0.095994,0.091846466
0.095996,0.091846466
0.095998,0.091846466
0.096,0.091846466
0.096002,0.091846466
0.096004,0.091846466
0.096006,0.091846466
0.096008,0.091846466
0.09601,0.091846466
0.096011996,0.091846466
0.096014,0.091846466
0.096016,0.091846466
0.096018,0.091846466
0.09602,0.091846466
0.096022,0.091846466
0.096024,0.091846466
0.096026,0.091846466
0.096028,0.091846466
0.09603,0.091846466
0.096032,0.091846466
0.096034,0.091846466
0.096036,0.091846466
0.096038,0.091846466
0.09604,0.091846466
0.096042,0.091846466
0.096044,0.091846466
0.096046,0.091846466
0.096048,0.091846466
0.09605,0.091846466
0.096052,0.091846466
0.096054,0.091846466
0.096056,0.091846466
0.096057996,0.091846466
0.09606,0.091846466
0.096062,0.091846466
0.096064,0.091846466
0.096066,0.091846466
0.096068,0.091846466
0.09607,0.091846466
0.096072,0.091846466
0.096074,0.091846466
0.096076,0.091846466
0.096078,0.091846466
0.09608,0.091846466
0.096082,0.091846466
0.096084,0.091846466
0.096086,0.091846466
0.096088,0.091846466
0.09609,0.091846466
0.096092,0.091846466
0.096094,0.091846466
0.096096,0.091846466
0.096098,0.091846466
0.0961,0.091846466
0.096102,0.091846466
0.096103996,0.091846466
0.096106,0.091846466
0.096108,0.091846466
0.09611,0.091846466
0.096112,0.091846466
0.096114,0.091846466
0.096116,0.091846466
0.096118,0.091846466
0.09612,0.091846466
0.096122,0.091846466
0.096124,0.091846466
0.096126,0.091846466
0.096128,0.091846466
0.09613,0.091846466
0.096132,0.091846466
0.096134,0.091846466
0.096136,0.091846466
0.096138,0.091846466
0.09614,0.091846466
0.096142,0.091846466
0.096144,0.091846466
0.096146,0.091846466
0.096148,0.091846466
0.09615,0.091846466
0.096152,0.091846466
0.096154,0.091846466
0.096156,0.091846466
0.096158,0.091846466
0.09616,0.091846466
0.096162,0.091846466
0.096164,0.091846466
0.096166,0.091846466
0.096168,0.091846466
0.09617,0.091846466
0.096172,0.091846466
0.096174,0.091846466
0.096176,0.091846466
0.096178,0.091846466
0.09618,0.091846466
0.096181996,0.091846466
0.096184,0.091846466
0.096186,0.091846466
0.096188,0.091846466
0.09619,0.091846466
0.096192,0.091846466
0.096194,0.091846466
0.096196,0.091846466
0.096198,0.091846466
0.0962,0.091846466
0.096202,0.091846466
0.096204,0.091846466
0.096206,0.091846466
0.096208,0.091846466
0.09621,0.091846466
0.096212,0.091846466
0.096214,0.091846466
0.096216,0.091846466
0.096218,0.091846466
0.09622,0.091846466
0.096222,0.091846466
0.096224,0.091846466
0.096226,0.091846466
0.096227996,0.091846466
0.09623,0.091846466
0.096232,0.091846466
0.096234,0.091846466
0.096236,0.091846466
0.096238,0.091846466
0.09624,0.091846466
0.096242,0.091846466
0.096244,0.091846466
0.096246,0.091846466
0.096248,0.091846466
0.09625,0.091846466
0.096252,0.091846466
0.096254,0.091846466
0.096256,0.091846466
0.096258,0.091846466
0.09626,0.091846466
0.096262,0.091846466
0.096264,0.091846466
0.096266,0.091846466
0.096268,0.091846466
0.09627,0.091846466
0.096272,0.091846466
0.096274,0.091846466
0.096276,0.091846466
0.096278,0.091846466
0.09628,0.091846466
0.096282,0.091846466
0.096284,0.091846466
0.096286,0.091846466
0.096288,0.091846466
0.09629,0.091846466
0.096292,0.091846466
0.096294,0.091846466
0.096296,0.091846466
0.096298,0.091846466
0.0963,1.3400936
0.096302,1.3400936
0.096304,1.3400936
0.096305996,1.3863249
0.096308,1.3863249
0.09631,1.3863249
0.096312,1.3863249
0.096314,1.3863249
0.096316,1.3863249
0.096318,1.3863249
0.09632,1.3863249
0.096322,1.3863249
0.096324,1.3863249
0.096326,1.3863249
0.096328,1.3863249
0.09633,1.3863249
0.096332,1.3863249
0.096334,1.3863249
0.096336,1.3863249
0.096338,1.3863249
0.09634,1.3863249
0.096342,1.3863249
0.096344,1.3863249
0.096346,1.3863249
0.096348,1.3863249
0.09635,1.3863249
0.096351996,1.3863249
0.096354,1.3863249
0.096356,1.3863249
0.096358,1.3863249
0.09636,1.3863249
0.096362,1.3863249
0.096364,1.3863249
0.096366,1.3863249
0.096368,1.3863249
0.09637,1.3863249
0.096372,1.3863249
0.096374,1.3863249
0.096376,1.3863249
0.096378,1.3863249
0.09638,1.3863249
0.096382,1.3863249
0.096384,1.3863249
0.096386,1.3863249
0.096388,1.3863249
0.09639,1.3863249
0.096392,1.3863249
0.096394,1.3863249
0.096396,1.3863249
0.096398,1.3863249
0.0964,1.3863249
0.096402,1.3863249
0.096404,1.3863249
0.096406,1.3863249
0.096408,1.3863249
0.09641,1.3863249
0.096412,1.3863249
0.096414,1.3863249
0.096416,1.3863249
0.096418,1.3863249
0.09642,1.3863249
0.096422,1.3863249
0.096424,1.3863249
0.096426,1.3863249
0.096428,1.3863249
0.096429996,1.3863249
0.096432,1.3863249
0.096434,1.3863249
0.096436,1.3863249
0.096438,1.3863249
0.09644,1.3863249
0.096442,1.3863249
0.096444,1.3863249
0.096446,1.3863249
0.096448,1.3863249
0.09645,1.3863249
0.096452,1.3863249
0.096454,1.3863249
0.096456,1.3863249
0.096458,1.3863249
0.09646,1.3863249
0.096462,1.3863249
0.096464,1.3863249
0.096466,1.3863249
0.096468,1.3863249
0.09647,1.3863249
0.096472,1.3863249
0.096474,1.3863249
0.096475996,1.3863249
0.096478,1.3863249
0.09648,1.3863249
0.096482,1.3863249
0.096484,1.3863249
0.096486,1.3863249
0.096488,1.3863249
0.09649,1.3863249
0.096492,1.3863249
0.096494,1.3863249
0.096496,1.3863249
0.096498,1.3863249
0.0965,1.3863249
0.096502,1.3863249
0.096504,1.3863249
0.096506,1.3863249
0.096508,1.3863249
0.09651,1.3863249
0.096512,1.3863249
0.096514,1.3863249
0.096516,1.3863249
0.096518,1.3863249
0.09652,1.3863249
0.096522,1.3863249
0.096524,1.3863249
0.096526,1.3863249
0.096528,1.3863249
0.09653,1.3863249
0.096532,1.3863249
0.096534,1.3863249
0.096536,1.3863249
0.096538,1.3863249
0.09654,1.3863249
0.096542,1.3863249
0.096544,1.3863249
0.096546,1.3863249
0.096548,1.3863249
0.09655,1.3863249
0.096552,1.3863249
0.096553996,1.3863249
0.096556,1.3863249
0.096558,1.3863249
0.09656,1.3863249
0.096562,1.3863249
0.096564,1.3863249
0.096566,1.3863249
0.096568,1.3863249
0.09657,1.3863249
0.096572,1.3863249
0.096574,1.3863249
0.096576,1.3863249
0.096578,1.3863249
0.09658,1.3863249
0.096582,1.3863249
0.096584,1.3863249
0.096586,1.3863249
0.096588,1.3863249
0.09659,1.3863249
0.096592,1.3863249
0.096594,1.3863249
0.096596,1.3863249
0.096598,1.3863249
0.096599996,1.3863249
0.096602,1.3863249
0.096604,1.3863249
0.096606,1.3863249
0.096608,1.3863249
0.09661,1.3863249
0.096612,1.3863249
0.096614,1.3863249
0.096616,1.3863249
0.096618,1.3863249
0.09662,1.3863249
0.096622,1.3863249
0.096624,1.3863249
0.096626,1.3863249
0.096628,1.3863249
0.09663,1.3863249
0.096632,1.3863249
0.096634,1.3863249
0.096636,1.3863249
0.096638,1.3863249
0.09664,1.3863249
0.096642,1.3863249
0.096644,1.3863249
0.096646,1.3863249
0.096648,1.3863249
0.09665,1.3863249
0.096652,1.8486385
0.096654,2.5883412
0.096656,2.6345725
0.096658,2.6345725
0.09666,2.6345725
0.096662,2.6345725
0.096664,2.6345725
0.096666,2.6345725
0.096668,2.6345725
0.09667,2.6808028
0.096672,2.6808028
0.096674,2.6808028
0.096676,2.6808028
0.096677996,2.6808028
0.09668,2.6808028
0.096682,2.6808028
0.096684,2.6808028
0.096686,2.6808028
0.096688,2.6808028
0.09669,2.6808028
0.096692,2.6808028
0.096694,2.6808028
0.096696,2.6808028
0.096698,2.6808028
0.0967,2.6808028
0.096702,2.6808028
0.096704,2.6808028
0.096706,2.6808028
0.096708,2.6808028
0.09671,2.6808028
0.096712,2.6808028
0.096714,2.6808028
0.096716,2.6808028
0.096718,2.6808028
0.09672,2.6808028
0.096722,2.6808028
0.096723996,2.6808028
0.096726,2.6808028
0.096728,2.6808028
0.09673,2.6808028
0.096732,2.6808028
0.096734,2.6808028
0.096736,2.6808028
0.096738,2.6808028
0.09674,2.6808028
0.096742,2.6808028
0.096744,2.6808028
0.096746,2.6808028
0.096748,2.6808028
0.09675,2.6808028
0.096752,2.6808028
0.096754,2.6808028
0.096756,2.6808028
0.096758,2.6808028
0.09676,2.6808028
0.096762,2.6808028
0.096764,2.6808028
0.096766,2.6808028
0.096768,2.6808028
0.09677,2.6808028
0.096772,2.6808028
0.096774,2.6808028
0.096776,2.6808028
0.096778,2.6808028
0.09678,2.6808028
0.096782,2.6808028
0.096784,2.6808028
0.096786,2.6808028
0.096788,2.6808028
0.09679,2.6808028
0.096792,2.6808028
0.096794,2.6808028
0.096796,2.6808028
0.096798,2.6808028
0.0968,2.6808028
0.096801996,2.6808028
0.096804,2.6808028
0.096806,2.6808028
0.096808,2.6808028
0.09681,2.6808028
0.096812,2.6808028
0.096814,2.6808028
0.096816,2.6808028
0.096818,2.6808028
0.09682,2.6808028
0.096822,2.6808028
0.096824,2.6808028
0.096826,2.6808028
0.096828,2.6808028
0.09683,2.6808028
0.096832,2.6808028
0.096834,2.6808028
0.096836,2.6808028
0.096838,2.6808028
0.09684,2.6808028
0.096842,2.6808028
0.096844,2.6808028
0.096846,2.6808028
0.096847996,2.6808028
0.09685,2.6808028
0.096852,2.6808028
0.096854,2.6808028
0.096856,2.6808028
0.096858,2.6808028
0.09686,2.6808028
0.096862,2.6808028
0.096864,2.6808028
0.096866,2.6808028
0.096868,2.6808028
0.09687,2.6808028
0.096872,2.6808028
0.096874,2.6808028
0.096876,2.6808028
0.096878,2.6808028
0.09688,2.6808028
0.096882,2.6808028
0.096884,2.6808028
0.096886,2.6808028
0.096888,2.6808028
0.09689,2.6808028
0.096892,2.6808028
0.096894,2.6808028
0.096896,2.6808028
0.096898,2.6808028
0.0969,2.6808028
0.096902,2.6808028
0.096904,2.6808028
0.096906,2.6808028
0.096908,2.6808028
0.09691,2.6808028
0.096912,2.6808028
0.096914,2.6808028
0.096916,2.6808028
0.096918,2.6808028
0.09692,2.6808028
0.096922,2.6808028
0.096924,2.6808028
0.096925996,2.6808028
0.096928,2.6808028
0.09693,2.6808028
0.096932,2.6808028
0.096934,2.6808028
0.096936,2.6808028
0.096938,2.6808028
0.09694,2.6808028
0.096942,2.6808028
0.096944,2.6808028
0.096946,2.6808028
0.096948,2.6808028
0.09695,2.6808028
0.096952,2.6808028
0.096954,2.6808028
0.096956,2.6808028
0.096958,2.6808028
0.09696,2.6808028
0.096962,2.6808028
0.096964,2.6808028
0.096966,2.6808028
0.096968,2.6808028
0.09697,2.6808028
0.096971996,2.6808028
0.096974,2.6808028
0.096976,2.6808028
0.096978,2.6808028
0.09698,3.8365874
0.096982,3.92905
0.096984,3.92905
0.096986,3.92905
0.096988,3.92905
0.09699,3.9752812
0.096992,3.9752812
0.096994,3.9752812
0.096996,3.9752812
0.096998,3.9752812
0.097,3.9752812
0.097002,3.9752812
0.097004,3.9752812
0.097006,3.9752812
0.097008,3.9752812
0.09701,3.9752812
0.097012,3.9752812
0.097014,3.9752812
0.097016,3.9752812
0.097018,3.9752812
0.09702,3.9752812
0.097022,3.9752812
0.097024,3.9752812
0.097026,3.9752812
0.097028,3.9752812
0.09703,3.9752812
0.097032,3.9752812
0.097034,3.9752812
0.097036,3.9752812
0.097038,3.9752812
0.09704,3.9752812
0.097042,3.9752812
0.097044,3.9752812
0.097046,3.9752812
0.097048,3.9752812
0.097049996,3.9752812
0.097052,3.9752812
0.097054,3.9752812
0.097056,3.9752812
0.097058,3.9752812
0.09706,3.9752812
0.097062,3.9752812
0.097064,3.9752812
0.097066,3.9752812
0.097068,3.9752812
0.09707,3.9752812
0.097072,3.9752812
0.097074,3.9752812
0.097076,3.9752812
0.097078,3.9752812
0.09708,3.9752812
0.097082,3.9752812
0.097084,3.9752812
0.097086,3.9752812
0.097088,3.9752812
0.09709,3.9752812
0.097092,3.9752812
0.097094,3.9752812
0.097095996,3.9752812
0.097098,3.9752812
0.0971,3.9752812
0.097102,3.9752812
0.097104,3.9752812
0.097106,3.9752812
0.097108,3.9752812
0.09711,3.9752812
0.097112,3.9752812
0.097114,3.9752812
0.097116,3.9752812
0.097118,3.9752812
0.09712,3.9752812
0.097122,3.9752812
0.097124,3.9752812
0.097126,3.9752812
0.097128,3.9752812
0.09713,3.9752812
0.097132,3.9752812
0.097134,3.9752812
0.097136,3.9752812
0.097138,3.9752812
0.09714,3.9752812
0.097142,3.9752812
0.097144,3.9752812
0.097146,3.9752812
0.097148,3.9752812
0.09715,3.9752812
0.097152,3.9752812
0.097154,3.9752812
0.097156,3.9752812
0.097158,3.9752812
0.09716,3.9752812
0.097162,3.9752812
0.097164,3.9752812
0.097166,3.9752812
0.097168,3.9752812
0.09717,3.9752812
0.097172,3.9752812
0.097173996,3.9752812
0.097176,3.9752812
0.097178,3.9752812
0.09718,3.9752812
0.097182,3.9752812
0.097184,3.9752812
0.097186,3.9752812
0.097188,3.9752812
0.09719,3.9752812
0.097192,3.9752812
0.097194,3.9752812
0.097196,3.9752812
0.097198,3.9752812
0.0972,3.9752812
0.097202,3.9752812
0.097204,3.9752812
0.097206,3.9752812
0.097208,3.9752812
0.09721,3.9752812
0.097212,3.9752812
0.097214,3.9752812
0.097216,3.9752812
0.097218,3.9752812
0.097219996,3.9752812
0.097222,3.9752812
0.097224,3.9752812
0.097226,3.9752812
0.097228,3.9752812
0.09723,3.9752812
0.097232,3.9752812
0.097234,3.9752812
0.097236,3.9752812
0.097238,3.9752812
0.09724,3.9752812
0.097242,3.9752812
0.097244,3.9752812
0.097246,3.9752812
0.097248,3.9752812
0.09725,3.9752812
0.097252,3.9752812
0.097254,3.9752812
0.097256,3.9752812
0.097258,3.9752812
0.09726,3.9752812
0.097262,3.9752812
0.097264,3.9752812
0.097265996,3.9752812
0.097268,3.9752812
0.09727,3.9752812
0.097272,3.9752812
0.097274,3.9752812
0.097276,3.9752812
0.097278,3.9752812
0.09728,3.9752812
0.097282,3.9752812
0.097284,3.9752812
0.097286,3.9752812
0.097288,3.9752812
0.09729,3.9752812
0.097292,3.9752812
0.097294,3.9752812
0.097296,3.9752812
0.097298,3.9752812
0.0973,3.9752812
0.097302,3.9752812
0.097304,3.9752812
0.097306,3.9752812
0.097308,3.9752812
0.09731,3.9752812
0.097312,3.9752812
0.097314,3.9752812
0.097316,3.9752812
0.097318,3.9752812
0.09732,3.9752812
0.097322,3.9752812
0.097324,3.9752812
0.097326,3.9752812
0.097328,3.9752812
0.09733,3.9752812
0.097332,3.9752812
0.097334,3.9752812
0.097336,3.9752812
0.097338,3.9752812
0.09734,3.9752812
0.097342,3.9752812
0.097343996,3.9752812
0.097346,3.9752812
0.097348,3.9752812
0.09735,3.9752812
0.097352,3.9752812
0.097354,3.9752812
0.097356,3.9752812
0.097358,3.9752812
0.09736,3.9752812
0.097362,3.9752812
0.097364,3.9752812
0.097366,3.9752812
0.097368,3.9752812
0.09737,3.9752812
0.097372,3.9752812
0.097374,3.9752812
0.097376,3.9752812
0.097378,3.9752812
0.09738,3.9752812
0.097382,3.9752812
0.097384,3.9752812
0.097386,3.9752812
0.097388,3.9752812
0.097389996,3.9752812
0.097392,3.9752812
0.097394,3.9752812
0.097396,3.9752812
0.097398,3.9752812
0.0974,3.9752812
0.097402,3.9752812
0.097404,3.9752812
0.097406,3.9752812
0.097408,3.9752812
0.09741,3.9752812
0.097412,3.9752812
0.097414,3.9752812
0.097416,3.9752812
0.097418,3.9752812
0.09742,3.9752812
0.097422,3.9752812
0.097424,3.9752812
0.097426,3.9752812
0.097428,3.9752812
0.09743,3.9752812
0.097432,3.9752812
0.097434,3.9752812
0.097436,3.9752812
0.097438,3.9752812
0.09744,3.9752812
0.097442,3.9752812
0.097444,3.9752812
0.097446,3.9752812
0.097448,3.9752812
0.09745,3.9752812
0.097452,3.9752812
0.097454,3.9752812
0.097456,3.9752812
0.097458,3.9752812
0.09746,3.9752812
0.097462,3.9752812
0.097464,3.9752812
0.097466,3.9752812
0.097467996,3.9752812
0.09747,3.9752812
0.097472,3.9752812
0.097474,3.9752812
0.097476,3.9752812
0.097478,3.9752812
0.09748,3.9752812
0.097482,3.9752812
0.097484,3.9752812
0.097486,3.9752812
0.097488,3.9752812
0.09749,3.9752812
0.097492,3.9752812
0.097494,3.9752812
0.097496,3.9752812
0.097498,3.9752812
0.0975,3.9752812
0.097502,3.9752812
0.097504,3.9752812
0.097506,3.9752812
0.097508,3.9752812
0.09751,3.9752812
0.097512,3.9752812
0.097513996,3.9752812
0.097516,3.9752812
0.097518,3.9752812
0.09752,3.9752812
0.097522,3.9752812
0.097524,3.9752812
0.097526,3.9752812
0.097528,3.9752812
0.09753,3.9752812
0.097532,3.9752812
0.097534,3.9752812
0.097536,3.9752812
0.097538,3.9752812
0.09754,3.9752812
0.097542,3.9752812
0.097544,3.9752812
0.097546,3.9752812
0.097548,3.9752812
0.09755,3.9752812
0.097552,3.9752812
0.097554,3.9752812
0.097556,3.9752812
0.097558,3.9752812
0.09756,3.9752812
0.097562,3.9752812
0.097564,3.9752812
0.097566,3.9752812
0.097568,3.9752812
0.09757,3.9752812
0.097572,3.9752812
0.097574,3.9752812
0.097576,3.9752812
0.097578,3.9752812
0.09758,3.9752812
0.097582,3.9752812
0.097584,3.9752812
0.097586,3.9752812
0.097588,3.9752812
0.09759,3.9752812
0.097591996,3.9752812
0.097594,3.9752812
0.097596,3.9752812
0.097598,3.9752812
0.0976,3.9752812
0.097602,3.9752812
0.097604,3.9752812
0.097606,3.9752812
0.097608,3.9752812
0.09761,3.9752812
0.097612,3.9752812
0.097614,3.9752812
0.097616,3.9752812
0.097618,3.9752812
0.09762,3.9752812
0.097622,3.9752812
0.097624,3.9752812
0.097626,3.9752812
0.097628,3.9752812
0.09763,3.9752812
0.097632,3.9752812
0.097634,3.9752812
0.097636,3.9752812
0.097637996,3.9752812
0.09764,3.9752812
0.097642,3.9752812
0.097644,3.9752812
0.097646,3.9752812
0.097648,3.9752812
0.09765,3.9752812
0.097652,3.9752812
0.097654,3.9752812
0.097656,3.9752812
0.097658,3.9752812
0.09766,3.9752812
0.097662,3.9752812
0.097664,3.9752812
0.097666,3.9752812
0.097668,3.9752812
0.09767,3.9752812
0.097672,3.9752812
0.097674,3.9752812
0.097676,3.9752812
0.097678,3.9752812
0.09768,3.9752812
0.097682,3.9752812
0.097684,3.9752812
0.097686,3.9752812
0.097688,3.9752812
0.09769,3.9752812
0.097692,3.9752812
0.097694,3.9752812
0.097696,3.9752812
0.097698,3.9752812
0.0977,3.9752812
0.097702,3.9752812
0.097704,3.9752812
0.097706,3.9752812
0.097708,3.9752812
0.09771,3.9752812
0.097712,3.9752812
0.097714,3.9752812
0.097715996,3.9752812
0.097718,3.9752812
0.09772,3.9752812
0.097722,3.9752812
0.097724,3.9752812
0.097726,3.9752812
0.097728,3.9752812
0.09773,3.9752812
0.097732,3.9752812
0.097734,3.9752812
0.097736,3.9752812
0.097738,3.9752812
0.09774,3.9752812
0.097742,3.9752812
0.097744,3.9752812
0.097746,3.9752812
0.097748,3.9752812
0.09775,3.9752812
0.097752,3.9752812
0.097754,3.9752812
0.097756,3.9752812
0.097758,3.9752812
0.09776,3.9752812
0.097761996,3.9752812
0.097764,3.9752812
0.097766,3.9752812
0.097768,3.9752812
0.09777,3.9752812
0.097772,3.9752812
0.097774,3.9752812
0.097776,3.9752812
0.097778,3.9752812
0.09778,3.9752812
0.097782,3.9752812
0.097784,3.9752812
0.097786,3.9752812
0.097788,3.9752812
0.09779,3.9752812
0.097792,3.9752812
0.097794,3.9752812
0.097796,3.9752812
0.097798,3.9752812
0.0978,3.9752812
0.097802,3.9752812
0.097804,3.9752812
0.097806,3.9752812
0.097808,3.9752812
0.09781,3.9752812
0.097812,3.9752812
0.097814,3.9752812
0.097816,3.9752812
0.097818,3.9752812
0.09782,3.9752812
0.097822,3.9752812
0.097824,3.9752812
0.097826,3.9752812
0.097828,3.9752812
0.09783,3.9752812
0.097832,3.9752812
0.097834,3.9752812
0.097836,3.9752812
0.097838,3.9752812
0.097839996,3.9752812
0.097842,3.9752812
0.097844,3.9752812
0.097846,3.9752812
0.097848,3.9752812
0.09785,3.9752812
0.097852,3.9752812
0.097854,3.9752812
0.097856,3.9752812
0.097858,3.9752812
0.09786,3.9752812
0.097862,3.9752812
0.097864,3.9752812
0.097866,3.9752812
0.097868,3.9752812
0.09787,3.9752812
0.097872,3.9752812
0.097874,3.9752812
0.097876,3.9752812
0.097878,3.9752812
0.09788,3.9752812
0.097882,3.9752812
0.097884,3.9752812
0.097885996,3.9752812
0.097888,3.9752812
0.09789,3.9752812
0.097892,3.9752812
0.097894,3.9752812
0.097896,3.9752812
0.097898,3.9752812
0.0979,3.9752812
0.097902,3.9752812
0.097904,3.9752812
0.097906,3.9752812
0.097908,3.9752812
0.09791,3.9752812
0.097912,3.9752812
0.097914,3.9752812
0.097916,3.9752812
0.097918,3.9752812
0.09792,3.9752812
0.097922,3.9752812
0.097924,3.9752812
0.097926,3.9752812
0.097928,3.9752812
0.09793,3.9752812
0.097932,3.9752812
0.097934,3.9752812
0.097936,3.9752812
0.097938,3.9752812
0.09794,3.9752812
0.097942,3.9752812
0.097944,3.9752812
0.097946,3.9752812
0.097948,3.9752812
0.09795,3.9752812
0.097952,3.9752812
0.097954,3.9752812
0.097956,3.9752812
0.097958,3.9752812
0.09796,3.9752812
0.097962,3.9752812
0.097963996,3.9752812
0.097966,3.9752812
0.097968,3.9752812
0.09797,3.9752812
0.097972,3.9752812
0.097974,3.9752812
0.097976,3.9752812
0.097978,3.9752812
0.09798,3.9752812
0.097982,3.9752812
0.097984,3.9752812
0.097986,3.9752812
0.097988,3.9752812
0.09799,3.9752812
0.097992,3.9752812
0.097994,3.9752812
0.097996,3.9752812
0.097998,3.9752812
0.098,3.9752812
0.098002,3.9752812
0.098004,3.9752812
0.098006,3.9752812
0.098008,3.9752812
0.098009996,3.9752812
0.098012,3.9752812
0.098014,3.9752812
0.098016,3.9752812
0.098018,3.9752812
0.09802,3.9752812
0.098022,3.9752812
0.098024,3.9752812
0.098026,3.9752812
0.098028,3.9752812
0.09803,3.9752812
0.098032,3.9752812
0.098034,3.9752812
0.098036,3.9752812
0.098038,3.9752812
0.09804,3.9752812
0.098042,3.9752812
0.098044,3.9752812
0.098046,3.9752812
0.098048,3.9752812
0.09805,3.9752812
0.098052,3.9752812
0.098054,3.9752812
0.098056,3.9752812
0.098058,3.9752812
0.09806,3.9752812
0.098062,3.9752812
0.098064,3.9752812
0.098066,3.9752812
0.098068,3.9752812
0.09807,3.9752812
0.098072,3.9752812
0.098074,3.9752812
0.098076,3.9752812
0.098078,3.9752812
0.09808,3.9752812
0.098082,3.9752812
0.098084,3.9752812
0.098086,3.9752812
0.098087996,3.9752812
0.09809,3.9752812
0.098092,3.9752812
0.098094,3.9752812
0.098096,3.9752812
0.098098,3.9752812
0.0981,3.9752812
0.098102,3.9752812
0.098104,3.9752812
0.098106,3.9752812
0.098108,3.9752812
0.09811,3.9752812
0.098112,3.9752812
0.098114,3.9752812
0.098116,3.9752812
0.098118,3.9752812
0.09812,3.9752812
0.098122,3.050654
0.098124,2.727035
0.098126,2.727035
0.098128,2.727035
0.09813,2.727035
0.098132,2.727035
0.098133996,2.727035
0.098136,2.727035
0.098138,2.727035
0.09814,2.6808028
0.098142,2.6808028
0.098144,2.6808028
0.098146,2.6808028
0.098148,2.6808028
0.09815,2.6808028
0.098152,2.6808028
0.098154,2.6808028
0.098156,2.6808028
0.098158,2.6808028
0.09816,2.6808028
0.098162,2.6808028
0.098164,2.6808028
0.098166,2.6808028
0.098168,2.6808028
0.09817,2.6808028
0.098172,2.6808028
0.098174,2.6808028
0.098176,2.6808028
0.098178,2.6808028
0.09818,2.6808028
0.098182,2.6808028
0.098184,2.6808028
0.098186,2.6808028
0.098188,2.6808028
0.09819,2.6808028
0.098192,2.6808028
0.098194,2.6808028
0.098196,2.6808028
0.098198,2.6808028
0.0982,2.6808028
0.098202,2.6808028
0.098204,2.6808028
0.098206,2.6808028
0.098208,2.6808028
0.09821,2.6808028
0.098211996,2.6808028
0.098214,2.6808028
0.098216,2.6808028
0.098218,2.6808028
0.09822,2.6808028
0.098222,2.6808028
0.098224,2.6808028
0.098226,2.6808028
0.098228,2.6808028
0.09823,2.6808028
0.098232,2.6808028
0.098234,2.6808028
0.098236,2.6808028
0.098238,2.6808028
0.09824,2.6808028
0.098242,2.6808028
0.098244,2.6808028
0.098246,2.6808028
0.098248,2.6808028
0.09825,2.6808028
0.098252,2.6808028
0.098254,2.6808028
0.098256,2.6808028
0.098257996,2.6808028
0.09826,2.6808028
0.098262,2.6808028
0.098264,2.6808028
0.098266,2.6808028
0.098268,2.6808028
0.09827,2.6808028
0.098272,2.6808028
0.098274,2.6808028
0.098276,2.6808028
0.098278,2.6808028
0.09828,2.6808028
0.098282,2.6808028
0.098284,2.6808028
0.098286,2.6808028
0.098288,2.6808028
0.09829,2.6808028
0.098292,2.6808028
0.098294,2.6808028
0.098296,2.6808028
0.098298,2.6808028
0.0983,2.6808028
0.098302,2.6808028
0.098304,2.6808028
0.098306,2.6808028
0.098308,2.6808028
0.09831,2.6808028
0.098312,2.6808028
0.098314,2.6808028
0.098316,2.6808028
0.098318,2.6808028
0.09832,2.6808028
0.098322,2.6808028
0.098324,2.6808028
0.098326,2.6808028
0.098328,2.6808028
0.09833,2.6808028
0.098332,2.6808028
0.098334,2.6808028
0.098335996,2.6808028
0.098338,2.6808028
0.09834,2.6808028
0.098342,2.6808028
0.098344,2.6808028
0.098346,2.6808028
0.098348,2.6808028
0.09835,2.6808028
0.098352,2.6808028
0.098354,2.6808028
0.098356,2.6808028
0.098358,2.6808028
0.09836,2.6808028
0.098362,2.6808028
0.098364,2.6808028
0.098366,2.6808028
0.098368,2.6808028
0.09837,2.6808028
0.098372,2.6808028
0.098374,2.6808028
0.098376,2.6808028
0.098378,2.6808028
0.09838,2.6808028
0.098381996,2.6808028
0.098384,2.6808028
0.098386,2.6808028
0.098388,2.6808028
0.09839,2.6808028
0.098392,2.6808028
0.098394,2.6808028
0.098396,2.6808028
0.098398,2.6808028
0.0984,2.6808028
0.098402,2.6808028
0.098404,2.6808028
0.098406,2.6808028
0.098408,2.6808028
0.09841,2.6808028
0.098412,2.6808028
0.098414,2.6808028
0.098416,2.6808028
0.098418,2.6808028
0.09842,2.6808028
0.098422,2.6808028
0.098424,2.6808028
0.098426,2.6808028
0.098427996,2.6808028
0.09843,2.6808028
0.098432,2.6808028
0.098434,2.6808028
0.098436,2.6808028
0.098438,2.6808028
0.09844,2.6808028
0.098442,2.6808028
0.098444,2.6808028
0.098446,2.6808028
0.098448,2.357184
0.09845,1.4787879
0.098452,1.4325566
0.098454,1.4325566
0.098456,1.4325566
0.098458,1.4325566
0.09846,1.4325566
0.098462,1.4325566
0.098464,1.4325566
0.098466,1.4325566
0.098468,1.4325566
0.09847,1.4325566
0.098472,1.4325566
0.098474,1.4325566
0.098476,1.4325566
0.098478,1.4325566
0.09848,1.4325566
0.098482,1.4325566
0.098484,1.3863249
0.098486,1.3863249
0.098488,1.3863249
0.09849,1.3863249
0.098492,1.3863249
0.098494,1.3863249
0.098496,1.3863249
0.098498,1.3863249
0.0985,1.3863249
0.098502,1.3863249
0.098504,1.3863249
0.098505996,1.3863249
0.098508,1.3863249
0.09851,1.3863249
0.098512,1.3863249
0.098514,1.3863249
0.098516,1.3863249
0.098518,1.3863249
0.09852,1.3863249
0.098522,1.3863249
0.098524,1.3863249
0.098526,1.3863249
0.098528,1.3863249
0.09853,1.3863249
0.098532,1.3863249
0.098534,1.3863249
0.098536,1.3863249
0.098538,1.3863249
0.09854,1.3863249
0.098542,1.3863249
0.098544,1.3863249
0.098546,1.3863249
0.098548,1.3863249
0.09855,1.3863249
0.098551996,1.3863249
0.098554,1.3863249
0.098556,1.3863249
0.098558,1.3863249
0.09856,1.3863249
0.098562,1.3863249
0.098564,1.3863249
0.098566,1.3863249
0.098568,1.3863249
0.09857,1.3863249
0.098572,1.3863249
0.098574,1.3863249
0.098576,1.3863249
0.098578,1.3863249
0.09858,1.3863249
0.098582,1.3863249
0.098584,1.3863249
0.098586,1.3863249
0.098588,1.3863249
0.09859,1.3863249
0.098592,1.3863249
0.098594,1.3863249
0.098596,1.3863249
0.098598,1.3863249
0.0986,1.3863249
0.098602,1.3863249
0.098604,1.3863249
0.098606,1.3863249
0.098608,1.3863249
0.09861,1.3863249
0.098612,1.3863249
0.098614,1.3863249
0.098616,1.3863249
0.098618,1.3863249
0.09862,1.3863249
0.098622,1.3863249
0.098624,1.3863249
0.098626,1.3863249
0.098628,1.3863249
0.098629996,1.3863249
0.098632,1.3863249
0.098634,1.3863249
0.098636,1.3863249
0.098638,1.3863249
0.09864,1.3863249
0.098642,1.3863249
0.098644,1.3863249
0.098646,1.3863249
0.098648,1.3863249
0.09865,1.3863249
0.098652,1.3863249
0.098654,1.3863249
0.098656,1.3863249
0.098658,1.3863249
0.09866,1.3863249
0.098662,1.3863249
0.098664,1.3863249
0.098666,1.3863249
0.098668,1.3863249
0.09867,1.3863249
0.098672,1.3863249
0.098674,1.3863249
0.098675996,1.3863249
0.098678,1.3863249
0.09868,1.3863249
0.098682,1.3863249
0.098684,1.3863249
0.098686,1.3863249
0.098688,1.3863249
0.09869,1.3863249
0.098692,1.3863249
0.098694,1.3863249
0.098696,1.3863249
0.098698,1.3863249
0.0987,1.3863249
0.098702,1.3863249
0.098704,1.3863249
0.098706,1.3863249
0.098708,1.3863249
0.09871,1.3863249
0.098712,1.3863249
0.098714,1.3863249
0.098716,1.3863249
0.098718,1.3863249
0.09872,1.3863249
0.098722,1.3863249
0.098724,1.3863249
0.098726,1.3863249
0.098728,1.3863249
0.09873,1.3863249
0.098732,1.3863249
0.098734,1.3863249
0.098736,1.3863249
0.098738,1.3863249
0.09874,1.3863249
0.098742,1.3863249
0.098744,1.3863249
0.098746,1.3863249
0.098748,1.3863249
0.09875,1.3863249
0.098752,1.3863249
0.098753996,1.3863249
0.098756,1.3863249
0.098758,1.3863249
0.09876,1.3863249
0.098762,1.3863249
0.098764,1.3863249
0.098766,1.3863249
0.098768,1.3863249
0.09877,1.3863249
0.098772,1.3863249
0.098774,1.3863249
0.098776,1.3863249
0.098778,1.3863249
0.09878,1.3863249
0.098782,1.3863249
0.098784,1.3863249
0.098786,1.3863249
0.098788,1.3863249
0.09879,1.3863249
0.098792,1.3863249
0.098794,1.3863249
0.098796,1.3863249
0.098798,1.3863249
0.098799996,1.3863249
0.098802,0.7390857
0.098804,0.184309
0.098806,0.13807821
0.098808,0.13807821
0.09881,0.13807821
0.098812,0.13807821
0.098814,0.13807821
0.098816,0.13807821
0.098818,0.13807821
0.09882,0.13807821
0.098822,0.13807821
0.098824,0.13807821
0.098826,0.091846466
0.098828,0.091846466
0.09883,0.091846466
0.098832,0.091846466
0.098834,0.091846466
0.098836,0.091846466
0.098838,0.091846466
0.09884,0.091846466
0.098842,0.091846466
0.098844,0.091846466
0.098846,0.091846466
0.098848,0.091846466
0.09885,0.091846466
0.098852,0.091846466
0.098854,0.091846466
0.098856,0.091846466
0.098858,0.091846466
0.09886,0.091846466
0.098862,0.091846466
0.098864,0.091846466
0.098866,0.091846466
0.098868,0.091846466
0.09887,0.091846466
0.098872,0.091846466
0.098874,0.091846466
0.098876,0.091846466
0.098877996,0.091846466
0.09888,0.091846466
0.098882,0.091846466
0.098884,0.091846466
0.098886,0.091846466
0.098888,0.091846466
0.09889,0.091846466
0.098892,0.091846466
0.098894,0.091846466
0.098896,0.091846466
0.098898,0.091846466
0.0989,0.091846466
0.098902,0.091846466
0.098904,0.091846466
0.098906,0.091846466
0.098908,0.091846466
0.09891,0.091846466
0.098912,0.091846466
0.098914,0.091846466
0.098916,0.091846466
0.098918,0.091846466
0.09892,0.091846466
0.098922,0.091846466
0.098923996,0.091846466
0.098926,0.091846466
0.098928,0.091846466
0.09893,0.091846466
0.098932,0.091846466
0.098934,0.091846466
0.098936,0.091846466
0.098938,0.091846466
0.09894,0.091846466
0.098942,0.091846466
0.098944,0.091846466
0.098946,0.091846466
0.098948,0.091846466
0.09895,0.091846466
0.098952,0.091846466
0.098954,0.091846466
0.098956,0.091846466
0.098958,0.091846466
0.09896,0.091846466
0.098962,0.091846466
0.098964,0.091846466
0.098966,0.091846466
0.098968,0.091846466
0.09897,0.091846466
0.098972,0.091846466
0.098974,0.091846466
0.098976,0.091846466
0.098978,0.091846466
0.09898,0.091846466
0.098982,0.091846466
0.098984,0.091846466
0.098986,0.091846466
0.098988,0.091846466
0.09899,0.091846466
0.098992,0.091846466
0.098994,0.091846466
0.098996,0.091846466
0.098998,0.091846466
0.099,0.091846466
0.099001996,0.091846466
0.099004,0.091846466
0.099006,0.091846466
0.099008,0.091846466
0.09901,0.091846466
0.099012,0.091846466
0.099014,0.091846466
0.099016,0.091846466
0.099018,0.091846466
0.09902,0.091846466
0.099022,0.091846466
0.099024,0.091846466
0.099026,0.091846466
0.099028,0.091846466
0.09903,0.091846466
0.099032,0.091846466
0.099034,0.091846466
0.099036,0.091846466
0.099038,0.091846466
0.09904,0.091846466
0.099042,0.091846466
0.099044,0.091846466
0.099046,0.091846466
0.099047996,0.091846466
0.09905,0.091846466
0.099052,0.091846466
0.099054,0.091846466
0.099056,0.091846466
0.099058,0.091846466
0.09906,0.091846466
0.099062,0.091846466
0.099064,0.091846466
0.099066,0.091846466
0.099068,0.091846466
0.09907,0.091846466
0.099072,0.091846466
0.099074,0.091846466
0.099076,0.091846466
0.099078,0.091846466
0.09908,0.091846466
0.099082,0.091846466
0.099084,0.091846466
0.099086,0.091846466
0.099088,0.091846466
0.09909,0.091846466
0.099092,0.091846466
0.099094,0.091846466
0.099096,0.091846466
0.099098,0.091846466
0.0991,0.091846466
0.099102,0.091846466
0.099104,0.091846466
0.099106,0.091846466
0.099108,0.091846466
0.09911,0.091846466
0.099112,0.091846466
0.099114,0.091846466
0.099116,0.091846466
0.099118,0.091846466
0.09912,0.091846466
0.099122,0.091846466
0.099124,0.091846466
0.099125996,0.091846466
0.099128,0.091846466
0.09913,0.091846466
0.099132,0.091846466
0.099134,0.091846466
0.099136,0.091846466
0.099138,0.091846466
0.09914,0.091846466
0.099142,0.091846466
0.099144,0.091846466
0.099146,0.091846466
0.099148,0.091846466
0.09915,0.091846466
0.099152,0.091846466
0.099154,0.091846466
0.099156,0.091846466
0.099158,0.091846466
0.09916,0.091846466
0.099162,0.091846466
0.099164,0.091846466
0.099166,0.091846466
0.099168,0.091846466
0.09917,0.091846466
0.099171996,0.091846466
0.099174,0.091846466
0.099176,0.091846466
0.099178,0.091846466
0.09918,0.091846466
0.099182,0.091846466
0.099184,0.091846466
0.099186,0.091846466
0.099188,0.091846466
0.09919,0.091846466
0.099192,0.091846466
0.099194,0.091846466
0.099196,0.091846466
0.099198,0.091846466
0.0992,0.091846466
0.099202,0.091846466
0.099204,0.091846466
0.099206,0.091846466
0.099208,0.091846466
0.09921,0.091846466
0.099212,0.091846466
0.099214,0.091846466
0.099216,0.091846466
0.099218,0.091846466
0.09922,0.091846466
0.099222,0.091846466
0.099224,0.091846466
0.099226,0.091846466
0.099228,0.091846466
0.09923,0.091846466
0.099232,0.091846466
0.099234,0.091846466
0.099236,0.091846466
0.099238,0.091846466
0.09924,0.091846466
0.099242,0.091846466
0.099244,0.091846466
0.099246,0.091846466
0.099248,0.091846466
0.099249996,0.091846466
0.099252,0.091846466
0.099254,0.091846466
0.099256,0.091846466
0.099258,0.091846466
0.09926,0.091846466
0.099262,0.091846466
0.099264,0.091846466
0.099266,0.091846466
0.099268,0.091846466
0.09927,0.091846466
0.099272,0.091846466
0.099274,0.091846466
0.099276,0.091846466
0.099278,0.091846466
0.09928,0.091846466
0.099282,0.091846466
0.099284,0.091846466
0.099286,0.091846466
0.099288,0.091846466
0.09929,0.091846466
0.099292,0.091846466
0.099294,0.091846466
0.099295996,0.091846466
0.099298,0.091846466
0.0993,0.091846466
0.099302,0.091846466
0.099304,0.091846466
0.099306,0.091846466
0.099308,0.091846466
0.09931,0.091846466
0.099312,0.091846466
0.099314,0.091846466
0.099316,0.091846466
0.099318,0.091846466
0.09932,0.091846466
0.099322,0.091846466
0.099324,0.091846466
0.099326,0.091846466
0.099328,0.091846466
0.09933,0.091846466
0.099332,0.091846466
0.099334,0.091846466
0.099336,0.091846466
0.099338,0.091846466
0.09934,0.091846466
0.099342,0.091846466
0.099344,0.091846466
0.099346,0.091846466
0.099348,0.091846466
0.09935,0.091846466
0.099352,0.091846466
0.099354,0.091846466
0.099356,0.091846466
0.099358,0.091846466
0.09936,0.091846466
0.099362,0.091846466
0.099364,0.091846466
0.099366,0.091846466
0.099368,0.091846466
0.09937,0.091846466
0.099372,0.091846466
0.099373996,0.091846466
0.099376,0.091846466
0.099378,0.091846466
0.09938,0.091846466
0.099382,0.091846466
0.099384,0.091846466
0.099386,0.091846466
0.099388,0.091846466
0.09939,0.091846466
0.099392,0.091846466
0.099394,0.091846466
0.099396,0.091846466
0.099398,0.091846466
0.0994,0.091846466
0.099402,0.091846466
0.099404,0.091846466
0.099406,0.091846466
0.099408,0.091846466
0.09941,0.091846466
0.099412,0.091846466
0.099414,0.091846466
0.099416,0.091846466
0.099418,0.091846466
0.099419996,0.091846466
0.099422,0.091846466
0.099424,0.091846466
0.099426,0.091846466
0.099428,0.091846466
0.09943,0.091846466
0.099432,0.091846466
0.099434,0.091846466
0.099436,0.091846466
0.099438,0.091846466
0.09944,0.091846466
0.099442,0.091846466
0.099444,0.091846466
0.099446,0.091846466
0.099448,0.091846466
0.09945,0.091846466
0.099452,0.091846466
0.099454,0.091846466
0.099456,0.091846466
0.099458,0.091846466
0.09946,0.091846466
0.099462,0.091846466
0.099464,0.091846466
0.099465996,0.091846466
0.099468,0.091846466
0.09947,0.091846466
0.099472,0.091846466
0.099474,0.091846466
0.099476,0.091846466
0.099478,0.091846466
0.09948,0.091846466
0.099482,0.091846466
0.099484,0.091846466
0.099486,0.091846466
0.099488,0.091846466
0.09949,0.091846466
0.099492,0.091846466
0.099494,0.091846466
0.099496,0.091846466
0.099497996,0.091846466
0.0995,0.091846466
0.099502,0.091846466
0.099504,0.091846466
0.099506,0.091846466
0.099508,0.091846466
0.09951,0.091846466
0.099512,0.091846466
0.099514,0.091846466
0.099516,0.091846466
0.099518,0.091846466
0.09952,0.091846466
0.099522,0.091846466
0.099524,0.091846466
0.099526,0.091846466
0.099528,0.091846466
0.09953,0.091846466
0.099532,0.091846466
0.099534,0.091846466
0.099536,0.091846466
0.099538,0.091846466
0.09954,0.091846466
0.099542,0.091846466
0.099543996,0.091846466
0.099546,0.091846466
0.099548,0.091846466
0.09955,0.091846466
0.099552,0.091846466
0.099554,0.091846466
0.099556,0.091846466
0.099558,0.091846466
0.09956,0.091846466
0.099562,0.091846466
0.099564,0.091846466
0.099566,0.091846466
0.099568,0.091846466
0.09957,0.091846466
0.099572,0.091846466
0.099574,0.091846466
0.099576,0.091846466
0.099578,0.091846466
0.09958,0.091846466
0.099582,0.091846466
0.099584,0.091846466
0.099586,0.091846466
0.099588,0.091846466
0.099589996,0.091846466
0.099592,0.091846466
0.099594,0.091846466
0.099596,0.091846466
0.099598,0.091846466
0.0996,0.091846466
0.099602,0.091846466
0.099604,0.091846466
0.099606,0.091846466
0.099608,0.091846466
0.09961,0.091846466
0.099612,0.091846466
0.099614,0.091846466
0.099616,0.091846466
0.099618,0.091846466
0.09962,0.091846466
0.099622,0.091846466
0.099624,0.091846466
0.099626,0.091846466
0.099628,0.091846466
0.09963,0.091846466
0.099632,0.091846466
0.099634,0.091846466
0.099636,0.091846466
0.099638,0.091846466
0.09964,0.091846466
0.099642,0.091846466
0.099644,0.091846466
0.099646,1.0164738
0.099648,1.3400936
0.09965,1.3400936
0.099652,1.3400936
0.099654,1.3863249
0.099656,1.3863249
0.099658,1.3863249
0.09966,1.3863249
0.099662,1.3863249
0.099664,1.3863249
0.099666,1.3863249
0.099667996,1.3863249
0.09967,1.3863249
0.099672,1.3863249
0.099674,1.3863249
0.099676,1.3863249
0.099678,1.3863249
0.09968,1.3863249
0.099682,1.3863249
0.099684,1.3863249
0.099686,1.3863249
0.099688,1.3863249
0.09969,1.3863249
0.099692,1.3863249
0.099694,1.3863249
0.099696,1.3863249
0.099698,1.3863249
0.0997,1.3863249
0.099702,1.3863249
0.099704,1.3863249
0.099706,1.3863249
0.099708,1.3863249
0.09971,1.3863249
0.099712,1.3863249
0.099713996,1.3863249
0.099716,1.3863249
0.099718,1.3863249
0.09972,1.3863249
0.099722,1.3863249
0.099724,1.3863249
0.099726,1.3863249
0.099728,1.3863249
0.09973,1.3863249
0.099732,1.3863249
0.099734,1.3863249
0.099736,1.3863249
0.099738,1.3863249
0.09974,1.3863249
0.099742,1.3863249
0.099744,1.3863249
0.099746,1.3863249
0.099748,1.3863249
0.09975,1.3863249
0.099752,1.3863249
0.099754,1.3863249
0.099756,1.3863249
0.099758,1.3863249
0.09976,1.3863249
0.099762,1.3863249
0.099764,1.3863249
0.099766,1.3863249
0.099768,1.3863249
0.09977,1.3863249
0.099772,1.3863249
0.099774,1.3863249
0.099776,1.3863249
0.099778,1.3863249
0.09978,1.3863249
0.099782,1.3863249
0.099784,1.3863249
0.099786,1.3863249
0.099788,1.3863249
0.09979,1.3863249
0.099791996,1.3863249
0.099794,1.3863249
0.099796,1.3863249
0.099798,1.3863249
0.0998,1.3863249
0.099802,1.3863249
0.099804,1.3863249
0.099806,1.3863249
0.099808,1.3863249
0.09981,1.3863249
0.099812,1.3863249
0.099814,1.3863249
0.099816,1.3863249
0.099818,1.3863249
0.09982,1.3863249
0.099822,1.3863249
0.099824,1.3863249
0.099826,1.3863249
0.099828,1.3863249
0.09983,1.3863249
0.099832,1.3863249
0.099834,1.3863249
0.099836,1.3863249
0.099837996,1.3863249
0.09984,1.3863249
0.099842,1.3863249
0.099844,1.3863249
0.099846,1.3863249
0.099848,1.3863249
0.09985,1.3863249
0.099852,1.3863249
0.099854,1.3863249
0.099856,1.3863249
0.099858,1.3863249
0.09986,1.3863249
0.099862,1.3863249
0.099864,1.3863249
0.099866,1.3863249
0.099868,1.3863249
0.09987,1.3863249
0.099872,1.3863249
0.099874,1.3863249
0.099876,1.3863249
0.099878,1.3863249
0.09988,1.3863249
0.099882,1.3863249
0.099884,1.3863249
0.099886,1.3863249
0.099888,1.3863249
0.09989,1.3863249
0.099892,1.3863249
0.099894,1.3863249
0.099896,1.3863249
0.099898,1.3863249
0.0999,1.3863249
0.099902,1.3863249
0.099904,1.3863249
0.099906,1.3863249
0.099908,1.3863249
0.09991,1.3863249
0.099912,1.3863249
0.099914,1.3863249
0.099915996,1.3863249
0.099918,1.3863249
0.09992,1.3863249
0.099922,1.3863249
0.099924,1.3863249
0.099926,1.3863249
0.099928,1.3863249
0.09993,1.3863249
0.099932,1.3863249
0.099934,1.3863249
0.099936,1.3863249
0.099938,1.3863249
0.09994,1.3863249
0.099942,1.3863249
0.099944,1.3863249
0.099946,1.3863249
0.099948,1.3863249
0.09995,1.3863249
0.099952,1.3863249
0.099954,1.3863249
0.099956,1.3863249
0.099958,1.3863249
0.09996,1.3863249
0.099961996,1.3863249
0.099964,1.3863249
0.099966,1.3863249
0.099968,1.3863249
0.09997,1.3863249
0.099972,1.3863249
0.099974,1.3863249
0.099976,1.3863249
0.099978,1.3863249
0.09998,1.3863249
0.099982,1.3863249
0.099984,1.3863249
0.099986,1.3863249
0.099988,1.3863249
0.09999,1.3863249
0.099992,1.3863249
0.099994,1.3863249
0.099996,1.3863249
0.099998,1.3863249
0.1,2.357184
0.100002,2.6345725
0.100004,2.6345725
0.100006,2.6345725
0.100008,2.6345725
0.10001,2.6345725
0.100012,2.6345725
0.100014,2.6345725
0.100016,2.6345725
0.100018,2.6808028
0.10002,2.6808028
0.100022,2.6808028
0.100024,2.6808028
0.100026,2.6808028
0.100028,2.6808028
0.10003,2.6808028
0.100032,2.6808028
0.100034,2.6808028
0.100036,2.6808028
0.100038,2.6808028
0.100039996,2.6808028
0.100042,2.6808028
0.100044,2.6808028
0.100046,2.6808028
0.100048,2.6808028
0.10005,2.6808028
0.100052,2.6808028
0.100054,2.6808028
0.100056,2.6808028
0.100058,2.6808028
0.10006,2.6808028
0.100062,2.6808028
0.100064,2.6808028
0.100066,2.6808028
0.100068,2.6808028
0.10007,2.6808028
0.100072,2.6808028
0.100074,2.6808028
0.100076,2.6808028
0.100078,2.6808028
0.10008,2.6808028
0.100082,2.6808028
0.100084,2.6808028
0.100085996,2.6808028
0.100088,2.6808028
0.10009,2.6808028
0.100092,2.6808028
0.100094,2.6808028
0.100096,2.6808028
0.100098,2.6808028
0.1001,2.6808028
0.100102,2.6808028
0.100104,2.6808028
0.100106,2.6808028
0.100108,2.6808028
0.10011,2.6808028
0.100112,2.6808028
0.100114,2.6808028
0.100116,2.6808028
0.100118,2.6808028
0.10012,2.6808028
0.100122,2.6808028
0.100124,2.6808028
0.100126,2.6808028
0.100128,2.6808028
0.10013,2.6808028
0.100132,2.6808028
0.100134,2.6808028
0.100136,2.6808028
0.100138,2.6808028
0.10014,2.6808028
0.100142,2.6808028
0.100144,2.6808028
0.100146,2.6808028
0.100148,2.6808028
0.10015,2.6808028
0.100152,2.6808028
0.100154,2.6808028
0.100156,2.6808028
0.100158,2.6808028
0.10016,2.6808028
0.100162,2.6808028
0.100163996,2.6808028
0.100166,2.6808028
0.100168,2.6808028
0.10017,2.6808028
0.100172,2.6808028
0.100174,2.6808028
0.100176,2.6808028
0.100178,2.6808028
0.10018,2.6808028
0.100182,2.6808028
0.100184,2.6808028
0.100186,2.6808028
0.100188,2.6808028
0.10019,2.6808028
0.100192,2.6808028
0.100194,2.6808028
0.100196,2.6808028
0.100198,2.6808028
0.1002,2.6808028
0.100202,2.6808028
0.100204,2.6808028
0.100206,2.6808028
0.100208,2.6808028
0.100209996,2.6808028
0.100212,2.6808028
0.100214,2.6808028
0.100216,2.6808028
0.100218,2.6808028
0.10022,2.6808028
0.100222,2.6808028
0.100224,2.6808028
0.100226,2.6808028
0.100228,2.6808028
0.10023,2.6808028
0.100232,2.6808028
0.100234,2.6808028
0.100236,2.6808028
0.100238,2.6808028
0.10024,2.6808028
0.100242,2.6808028
0.100244,2.6808028
0.100246,2.6808028
0.100248,2.6808028
0.10025,2.6808028
0.100252,2.6808028
0.100254,2.6808028
0.100256,2.6808028
0.100258,2.6808028
0.10026,2.6808028
0.100262,2.6808028
0.100264,2.6808028
0.100266,2.6808028
0.100268,2.6808028
0.10027,2.6808028
0.100272,2.6808028
0.100274,2.6808028
0.100276,2.6808028
0.100278,2.6808028
0.10028,2.6808028
0.100282,2.6808028
0.100284,2.6808028
0.100286,2.6808028
0.100287996,2.6808028
0.10029,2.6808028
0.100292,2.6808028
0.100294,2.6808028
0.100296,2.6808028
0.100298,2.6808028
0.1003,2.6808028
0.100302,2.6808028
0.100304,2.6808028
0.100306,2.6808028
0.100308,2.6808028
0.10031,2.6808028
0.100312,2.6808028
0.100314,2.6808028
0.100316,2.6808028
0.100318,2.6808028
0.10032,2.6808028
0.100322,2.6808028
0.100324,2.6808028
0.100326,3.1893477
0.100328,3.92905
0.10033,3.92905
0.100332,3.92905
0.100333996,3.92905
0.100336,3.9752812
0.100338,3.9752812
0.10034,3.9752812
0.100342,3.9752812
0.100344,3.9752812
0.100346,3.9752812
0.100348,3.9752812
0.10035,3.9752812
0.100352,3.9752812
0.100354,3.9752812
0.100356,3.9752812
0.100358,3.9752812
0.10036,3.9752812
0.100362,3.9752812
0.100364,3.9752812
0.100366,3.9752812
0.100368,3.9752812
0.10037,3.9752812
0.100372,3.9752812
0.100374,3.9752812
0.100376,3.9752812
0.100378,3.9752812
0.10038,3.9752812
0.100382,3.9752812
0.100384,3.9752812
0.100386,3.9752812
0.100388,3.9752812
0.10039,3.9752812
0.100392,3.9752812
0.100394,3.9752812
0.100396,3.9752812
0.100398,3.9752812
0.1004,3.9752812
0.100402,3.9752812
0.100404,3.9752812
0.100406,3.9752812
0.100408,3.9752812
0.10041,3.9752812
0.100411996,3.9752812
0.100414,3.9752812
0.100416,3.9752812
0.100418,3.9752812
0.10042,3.9752812
0.100422,3.9752812
0.100424,3.9752812
0.100426,3.9752812
0.100428,3.9752812
0.10043,3.9752812
0.100432,3.9752812
0.100434,3.9752812
0.100436,3.9752812
0.100438,3.9752812
0.10044,3.9752812
0.100442,3.9752812
0.100444,3.9752812
0.100446,3.9752812
0.100448,3.9752812
0.10045,3.9752812
0.100452,3.9752812
0.100454,3.9752812
0.100456,3.9752812
0.100457996,3.9752812
0.10046,3.9752812
0.100462,3.9752812
0.100464,3.9752812
0.100466,3.9752812
0.100468,3.9752812
0.10047,3.9752812
0.100472,3.9752812
0.100474,3.9752812
0.100476,3.9752812
0.100478,3.9752812
0.10048,3.9752812
0.100482,3.9752812
0.100484,3.9752812
0.100486,3.9752812
0.100488,3.9752812
0.10049,3.9752812
0.100492,3.9752812
0.100494,3.9752812
0.100496,3.9752812
0.100498,3.9752812
0.1005,3.9752812
0.100502,3.9752812
0.100504,3.9752812
0.100506,3.9752812
0.100508,3.9752812
0.10051,3.9752812
0.100512,3.9752812
0.100514,3.9752812
0.100516,3.9752812
0.100518,3.9752812
0.10052,3.9752812
0.100522,3.9752812
0.100524,3.9752812
0.100526,3.9752812
0.100528,3.9752812
0.10053,3.9752812
0.100532,3.9752812
0.100534,3.9752812
0.100535996,3.9752812
0.100538,3.9752812
0.10054,3.9752812
0.100542,3.9752812
0.100544,3.9752812
0.100546,3.9752812
0.100548,3.9752812
0.10055,3.9752812
0.100552,3.9752812
0.100554,3.9752812
0.100556,3.9752812
0.100558,3.9752812
0.10056,3.9752812
0.100562,3.9752812
0.100564,3.9752812
0.100566,3.9752812
0.100568,3.9752812
0.10057,3.9752812
0.100572,3.9752812
0.100574,3.9752812
0.100576,3.9752812
0.100578,3.9752812
0.10058,3.9752812
0.100581996,3.9752812
0.100584,3.9752812
0.100586,3.9752812
0.100588,3.9752812
0.10059,3.9752812
0.100592,3.9752812
0.100594,3.9752812
0.100596,3.9752812
0.100598,3.9752812
0.1006,3.9752812
0.100602,3.9752812
0.100604,3.9752812
0.100606,3.9752812
0.100608,3.9752812
0.10061,3.9752812
0.100612,3.9752812
0.100614,3.9752812
0.100616,3.9752812
0.100618,3.9752812
0.10062,3.9752812
0.100622,3.9752812
0.100624,3.9752812
0.100626,3.9752812
0.100627996,3.9752812
0.10063,3.9752812
0.100632,3.9752812
0.100634,3.9752812
0.100636,3.9752812
0.100638,3.9752812
0.10064,3.9752812
0.100642,3.9752812
0.100644,3.9752812
0.100646,3.9752812
0.100648,3.9752812
0.10065,3.9752812
0.100652,3.9752812
0.100654,3.9752812
0.100656,3.9752812
0.100658,3.9752812
0.100659996,3.9752812
0.100662,3.9752812
0.100664,3.9752812
0.100666,3.9752812
0.100668,3.9752812
0.10067,3.9752812
0.100672,3.9752812
0.100674,3.9752812
0.100676,3.9752812
0.100678,3.9752812
0.10068,3.9752812
0.100682,3.9752812
0.100684,3.9752812
0.100686,3.9752812
0.100688,3.9752812
0.10069,3.9752812
0.100692,3.9752812
0.100694,3.9752812
0.100696,3.9752812
0.100698,3.9752812
0.1007,3.9752812
0.100702,3.9752812
0.100704,3.9752812
0.100705996,3.9752812
0.100708,3.9752812
0.10071,3.9752812
0.100712,3.9752812
0.100714,3.9752812
0.100716,3.9752812
0.100718,3.9752812
0.10072,3.9752812
0.100722,3.9752812
0.100724,3.9752812
0.100726,3.9752812
0.100728,3.9752812
0.10073,3.9752812
0.100732,3.9752812
0.100734,3.9752812
0.100736,3.9752812
0.100738,3.9752812
0.10074,3.9752812
0.100742,3.9752812
0.100744,3.9752812
0.100746,3.9752812
0.100748,3.9752812
0.10075,3.9752812
0.100751996,3.9752812
0.100754,3.9752812
0.100756,3.9752812
0.100758,3.9752812
0.10076,3.9752812
0.100762,3.9752812
0.100764,3.9752812
0.100766,3.9752812
0.100768,3.9752812
0.10077,3.9752812
0.100772,3.9752812
0.100774,3.9752812
0.100776,3.9752812
0.100778,3.9752812
0.10078,3.9752812
0.100782,3.9752812
0.100784,3.9752812
0.100786,3.9752812
0.100788,3.9752812
0.10079,3.9752812
0.100792,3.9752812
0.100794,3.9752812
0.100796,3.9752812
0.100798,3.9752812
0.1008,3.9752812
0.100802,3.9752812
0.100804,3.9752812
0.100806,3.9752812
0.100808,3.9752812
0.10081,3.9752812
0.100812,3.9752812
0.100814,3.9752812
0.100816,3.9752812
0.100818,3.9752812
0.10082,3.9752812
0.100822,3.9752812
0.100824,3.9752812
0.100826,3.9752812
0.100828,3.9752812
0.100829996,3.9752812
0.100832,3.9752812
0.100834,3.9752812
0.100836,3.9752812
0.100838,3.9752812
0.10084,3.9752812
0.100842,3.9752812
0.100844,3.9752812
0.100846,3.9752812
0.100848,3.9752812
0.10085,3.9752812
0.100852,3.9752812
0.100854,3.9752812
0.100856,3.9752812
0.100858,3.9752812
0.10086,3.9752812
0.100862,3.9752812
0.100864,3.9752812
0.100866,3.9752812
0.100868,3.9752812
0.10087,3.9752812
0.100872,3.9752812
0.100874,3.9752812
0.100875996,3.9752812
0.100878,3.9752812
0.10088,3.9752812
0.100882,3.9752812
0.100884,3.9752812
0.100886,3.9752812
0.100888,3.9752812
0.10089,3.9752812
0.100892,3.9752812
0.100894,3.9752812
0.100896,3.9752812
0.100898,3.9752812
0.1009,3.9752812
0.100902,3.9752812
0.100904,3.9752812
0.100906,3.9752812
0.100908,3.9752812
0.10091,3.9752812
0.100912,3.9752812
0.100914,3.9752812
0.100916,3.9752812
0.100918,3.9752812
0.10092,3.9752812
0.100922,3.9752812
0.100924,3.9752812
0.100926,3.9752812
0.100928,3.9752812
0.10093,3.9752812
0.100932,3.9752812
0.100934,3.9752812
0.100936,3.9752812
0.100938,3.9752812
0.10094,3.9752812
0.100942,3.9752812
0.100944,3.9752812
0.100946,3.9752812
0.100948,3.9752812
0.10095,3.9752812
0.100952,3.9752812
0.100953996,3.9752812
0.100956,3.9752812
0.100958,3.9752812
0.10096,3.9752812
0.100962,3.9752812
0.100964,3.9752812
0.100966,3.9752812
0.100968,3.9752812
0.10097,3.9752812
0.100972,3.9752812
0.100974,3.9752812
0.100976,3.9752812
0.100978,3.9752812
0.10098,3.9752812
0.100982,3.9752812
0.100984,3.9752812
0.100986,3.9752812
0.100988,3.9752812
0.10099,3.9752812
0.100992,3.9752812
0.100994,3.9752812
0.100996,3.9752812
0.100998,3.9752812
0.100999996,3.9752812
0.101002,3.9752812
0.101004,3.9752812
0.101006,3.9752812
0.101008,3.9752812
0.10101,3.9752812
0.101012,3.9752812
0.101014,3.9752812
0.101016,3.9752812
0.101018,3.9752812
0.10102,3.9752812
0.101022,3.9752812
0.101024,3.9752812
0.101026,3.9752812
0.101028,3.9752812
0.10103,3.9752812
0.101032,3.9752812
0.101034,3.9752812
0.101036,3.9752812
0.101038,3.9752812
0.10104,3.9752812
0.101042,3.9752812
0.101044,3.9752812
0.101046,3.9752812
0.101048,3.9752812
0.10105,3.9752812
0.101052,3.9752812
0.101054,3.9752812
0.101056,3.9752812
0.101058,3.9752812
0.10106,3.9752812
0.101062,3.9752812
0.101064,3.9752812
0.101066,3.9752812
0.101068,3.9752812
0.10107,3.9752812
0.101072,3.9752812
0.101074,3.9752812
0.101076,3.9752812
0.101077996,3.9752812
0.10108,3.9752812
0.101082,3.9752812
0.101084,3.9752812
0.101086,3.9752812
0.101088,3.9752812
0.10109,3.9752812
0.101092,3.9752812
0.101094,3.9752812
0.101096,3.9752812
0.101098,3.9752812
0.1011,3.9752812
0.101102,3.9752812
0.101104,3.9752812
0.101106,3.9752812
0.101108,3.9752812
0.10111,3.9752812
0.101112,3.9752812
0.101114,3.9752812
0.101116,3.9752812
0.101118,3.9752812
0.10112,3.9752812
0.101122,3.9752812
0.101123996,3.9752812
0.101126,3.9752812
0.101128,3.9752812
0.10113,3.9752812
0.101132,3.9752812
0.101134,3.9752812
0.101136,3.9752812
0.101138,3.9752812
0.10114,3.9752812
0.101142,3.9752812
0.101144,3.9752812
0.101146,3.9752812
0.101148,3.9752812
0.10115,3.9752812
0.101152,3.9752812
0.101154,3.9752812
0.101156,3.9752812
0.101158,3.9752812
0.10116,3.9752812
0.101162,3.9752812
0.101164,3.9752812
0.101166,3.9752812
0.101168,3.9752812
0.10117,3.9752812
0.101172,3.9752812
0.101174,3.9752812
0.101176,3.9752812
0.101178,3.9752812
0.10118,3.9752812
0.101182,3.9752812
0.101184,3.9752812
0.101186,3.9752812
0.101188,3.9752812
0.10119,3.9752812
0.101192,3.9752812
0.101194,3.9752812
0.101196,3.9752812
0.101198,3.9752812
0.1012,3.9752812
0.101201996,3.9752812
0.101204,3.9752812
0.101206,3.9752812
0.101208,3.9752812
0.10121,3.9752812
0.101212,3.9752812
0.101214,3.9752812
0.101216,3.9752812
0.101218,3.9752812
0.10122,3.9752812
0.101222,3.9752812
0.101224,3.9752812
0.101226,3.9752812
0.101228,3.9752812
0.10123,3.9752812
0.101232,3.9752812
0.101234,3.9752812
0.101236,3.9752812
0.101238,3.9752812
0.10124,3.9752812
0.101242,3.9752812
0.101244,3.9752812
0.101246,3.9752812
0.101247996,3.9752812
0.10125,3.9752812
0.101252,3.9752812
0.101254,3.9752812
0.101256,3.9752812
0.101258,3.9752812
0.10126,3.9752812
0.101262,3.9752812
0.101264,3.9752812
0.101266,3.9752812
0.101268,3.9752812
0.10127,3.9752812
0.101272,3.9752812
0.101274,3.9752812
0.101276,3.9752812
0.101278,3.9752812
0.10128,3.9752812
0.101282,3.9752812
0.101284,3.9752812
0.101286,3.9752812
0.101288,3.9752812
0.10129,3.9752812
0.101292,3.9752812
0.101294,3.9752812
0.101296,3.9752812
0.101298,3.9752812
0.1013,3.9752812
0.101302,3.9752812
0.101304,3.9752812
0.101306,3.9752812
0.101308,3.9752812
0.10131,3.9752812
0.101312,3.9752812
0.101314,3.9752812
0.101316,3.9752812
0.101318,3.9752812
0.10132,3.9752812
0.101322,3.9752812
0.101324,3.9752812
0.101325996,3.9752812
0.101328,3.9752812
0.10133,3.9752812
0.101332,3.9752812
0.101334,3.9752812
0.101336,3.9752812
0.101338,3.9752812
0.10134,3.9752812
0.101342,3.9752812
0.101344,3.9752812
0.101346,3.9752812
0.101348,3.9752812
0.10135,3.9752812
0.101352,3.9752812
0.101354,3.9752812
0.101356,3.9752812
0.101358,3.9752812
0.10136,3.9752812
0.101362,3.9752812
0.101364,3.9752812
0.101366,3.9752812
0.101368,3.9752812
0.10137,3.9752812
0.101371996,3.9752812
0.101374,3.9752812
0.101376,3.9752812
0.101378,3.9752812
0.10138,3.9752812
0.101382,3.9752812
0.101384,3.9752812
0.101386,3.9752812
0.101388,3.9752812
0.10139,3.9752812
0.101392,3.9752812
0.101394,3.9752812
0.101396,3.9752812
0.101398,3.9752812
0.1014,3.9752812
0.101402,3.9752812
0.101404,3.9752812
0.101406,3.9752812
0.101408,3.9752812
0.10141,3.9752812
0.101412,3.9752812
0.101414,3.9752812
0.101416,3.9752812
0.101418,3.9752812
0.10142,3.9752812
0.101422,3.9752812
0.101424,3.9752812
0.101426,3.9752812
0.101428,3.9752812
0.10143,3.9752812
0.101432,3.9752812
0.101434,3.9752812
0.101436,3.9752812
0.101438,3.9752812
0.10144,3.9752812
0.101442,3.9752812
0.101444,3.9752812
0.101446,3.9752812
0.101448,3.9752812
0.101449996,3.9752812
0.101452,3.9752812
0.101454,3.9752812
0.101456,3.9752812
0.101458,3.9752812
0.10146,3.9752812
0.101462,3.9752812
0.101464,3.9752812
0.101466,3.9752812
0.101468,3.9752812
0.10147,2.8194976
0.101472,2.727035
0.101474,2.727035
0.101476,2.727035
0.101478,2.727035
0.10148,2.727035
0.101482,2.727035
0.101484,2.727035
0.101486,2.727035
0.101488,2.6808028
0.10149,2.6808028
0.101492,2.6808028
0.101494,2.6808028
0.101495996,2.6808028
0.101498,2.6808028
0.1015,2.6808028
0.101502,2.6808028
0.101504,2.6808028
0.101506,2.6808028
0.101508,2.6808028
0.10151,2.6808028
0.101512,2.6808028
0.101514,2.6808028
0.101516,2.6808028
0.101518,2.6808028
0.10152,2.6808028
0.101522,2.6808028
0.101524,2.6808028
0.101526,2.6808028
0.101528,2.6808028
0.10153,2.6808028
0.101532,2.6808028
0.101534,2.6808028
0.101536,2.6808028
0.101538,2.6808028
0.10154,2.6808028
0.101542,2.6808028
0.101544,2.6808028
0.101546,2.6808028
0.101548,2.6808028
0.10155,2.6808028
0.101552,2.6808028
0.101554,2.6808028
0.101556,2.6808028
0.101558,2.6808028
0.10156,2.6808028
0.101562,2.6808028
0.101564,2.6808028
0.101566,2.6808028
0.101568,2.6808028
0.10157,2.6808028
0.101572,2.6808028
0.101573996,2.6808028
0.101576,2.6808028
0.101578,2.6808028
0.10158,2.6808028
0.101582,2.6808028
0.101584,2.6808028
0.101586,2.6808028
0.101588,2.6808028
0.10159,2.6808028
0.101592,2.6808028
0.101594,2.6808028
0.101596,2.6808028
0.101598,2.6808028
0.1016,2.6808028
0.101602,2.6808028
0.101604,2.6808028
0.101606,2.6808028
0.101608,2.6808028
0.10161,2.6808028
0.101612,2.6808028
0.101614,2.6808028
0.101616,2.6808028
0.101618,2.6808028
0.101619996,2.6808028
0.101622,2.6808028
0.101624,2.6808028
0.101626,2.6808028
0.101628,2.6808028
0.10163,2.6808028
0.101632,2.6808028
0.101634,2.6808028
0.101636,2.6808028
0.101638,2.6808028
0.10164,2.6808028
0.101642,2.6808028
0.101644,2.6808028
0.101646,2.6808028
0.101648,2.6808028
0.10165,2.6808028
0.101652,2.6808028
0.101654,2.6808028
0.101656,2.6808028
0.101658,2.6808028
0.10166,2.6808028
0.101662,2.6808028
0.101664,2.6808028
0.101666,2.6808028
0.101668,2.6808028
0.10167,2.6808028
0.101672,2.6808028
0.101674,2.6808028
0.101676,2.6808028
0.101678,2.6808028
0.10168,2.6808028
0.101682,2.6808028
0.101684,2.6808028
0.101686,2.6808028
0.101688,2.6808028
0.10169,2.6808028
0.101692,2.6808028
0.101694,2.6808028
0.101696,2.6808028
0.101697996,2.6808028
0.1017,2.6808028
0.101702,2.6808028
0.101704,2.6808028
0.101706,2.6808028
0.101708,2.6808028
0.10171,2.6808028
0.101712,2.6808028
0.101714,2.6808028
0.101716,2.6808028
0.101718,2.6808028
0.10172,2.6808028
0.101722,2.6808028
0.101724,2.6808028
0.101726,2.6808028
0.101728,2.6808028
0.10173,2.6808028
0.101732,2.6808028
0.101734,2.6808028
0.101736,2.6808028
0.101738,2.6808028
0.10174,2.6808028
0.101742,2.6808028
0.101743996,2.6808028
0.101746,2.6808028
0.101748,2.6808028
0.10175,2.6808028
0.101752,2.6808028
0.101754,2.6808028
0.101756,2.6808028
0.101758,2.6808028
0.10176,2.6808028
0.101762,2.6808028
0.101764,2.6808028
0.101766,2.6808028
0.101768,2.6808028
0.10177,2.6808028
0.101772,2.6808028
0.101774,2.6808028
0.101776,2.6808028
0.101778,2.6808028
0.10178,2.6808028
0.101782,2.6808028
0.101784,2.6808028
0.101786,2.6808028
0.101788,2.6808028
0.101789996,2.6808028
0.101792,2.6808028
0.101794,2.6808028
0.101796,1.6174817
0.101798,1.4325566
0.1018,1.4325566
0.101802,1.4325566
0.101804,1.4325566
0.101806,1.4325566
0.101808,1.4325566
0.10181,1.4325566
0.101812,1.4325566
0.101814,1.4325566
0.101816,1.4325566
0.101818,1.4325566
0.10182,1.4325566
0.101821996,1.4325566
0.101824,1.4325566
0.101826,1.4325566
0.101828,1.4325566
0.10183,1.4325566
0.101832,1.3863249
0.101834,1.3863249
0.101836,1.4325566
0.101838,1.3863249
0.10184,1.3863249
0.101842,1.3863249
0.101844,1.3863249
0.101846,1.3863249
0.101848,1.3863249
0.10185,1.3863249
0.101852,1.3863249
0.101854,1.3863249
0.101856,1.3863249
0.101858,1.3863249
0.10186,1.3863249
0.101862,1.3863249
0.101864,1.3863249
0.101866,1.3863249
0.101867996,1.3863249
0.10187,1.3863249
0.101872,1.3863249
0.101874,1.3863249
0.101876,1.3863249
0.101878,1.3863249
0.10188,1.3863249
0.101882,1.3863249
0.101884,1.3863249
0.101886,1.3863249
0.101888,1.3863249
0.10189,1.3863249
0.101892,1.3863249
0.101894,1.3863249
0.101896,1.3863249
0.101898,1.3863249
0.1019,1.3863249
0.101902,1.3863249
0.101904,1.3863249
0.101906,1.3863249
0.101908,1.3863249
0.10191,1.3863249
0.101912,1.3863249
0.101913996,1.3863249
0.101916,1.3863249
0.101918,1.3863249
0.10192,1.3863249
0.101922,1.3863249
0.101924,1.3863249
0.101926,1.3863249
0.101928,1.3863249
0.10193,1.3863249
0.101932,1.3863249
0.101934,1.3863249
0.101936,1.3863249
0.101938,1.3863249
0.10194,1.3863249
0.101942,1.3863249
0.101944,1.3863249
0.101946,1.3863249
0.101948,1.3863249
0.10195,1.3863249
0.101952,1.3863249
0.101954,1.3863249
0.101956,1.3863249
0.101958,1.3863249
0.10196,1.3863249
0.101962,1.3863249
0.101964,1.3863249
0.101966,1.3863249
0.101968,1.3863249
0.10197,1.3863249
0.101972,1.3863249
0.101974,1.3863249
0.101976,1.3863249
0.101978,1.3863249
0.10198,1.3863249
0.101982,1.3863249
0.101984,1.3863249
0.101986,1.3863249
0.101988,1.3863249
0.10199,1.3863249
0.101991996,1.3863249
0.101994,1.3863249
0.101996,1.3863249
0.101998,1.3863249
0.102,1.3863249
0.102002,1.3863249
0.102004,1.3863249
0.102006,1.3863249
0.102008,1.3863249
0.10201,1.3863249
0.102012,1.3863249
0.102014,1.3863249
0.102016,1.3863249
0.102018,1.3863249
0.10202,1.3863249
0.102022,1.3863249
0.102024,1.3863249
0.102026,1.3863249
0.102028,1.3863249
0.10203,1.3863249
0.102032,1.3863249
0.102034,1.3863249
0.102036,1.3863249
0.102037996,1.3863249
0.10204,1.3863249
0.102042,1.3863249
0.102044,1.3863249
0.102046,1.3863249
0.102048,1.3863249
0.10205,1.3863249
0.102052,1.3863249
0.102054,1.3863249
0.102056,1.3863249
0.102058,1.3863249
0.10206,1.3863249
0.102062,1.3863249
0.102064,1.3863249
0.102066,1.3863249
0.102068,1.3863249
0.10207,1.3863249
0.102072,1.3863249
0.102074,1.3863249
0.102076,1.3863249
0.102078,1.3863249
0.10208,1.3863249
0.102082,1.3863249
0.102084,1.3863249
0.102086,1.3863249
0.102088,1.3863249
0.10209,1.3863249
0.102092,1.3863249
0.102094,1.3863249
0.102096,1.3863249
0.102098,1.3863249
0.1021,1.3863249
0.102102,1.3863249
0.102104,1.3863249
0.102106,1.3863249
0.102108,1.3863249
0.10211,1.3863249
0.102112,1.3863249
0.102114,1.3863249
0.102115996,1.3863249
0.102118,1.3863249
0.10212,1.3863249
0.102122,1.3863249
0.102124,1.3863249
0.102126,1.3863249
0.102128,1.3863249
0.10213,1.3863249
0.102132,1.3863249
0.102134,1.3863249
0.102136,1.3863249
0.102138,1.3863249
0.10214,1.3863249
0.102142,1.3863249
0.102144,1.3863249
0.102146,1.3863249
0.102148,1.3863249
0.10215,0.4154663
0.102152,0.13807821
0.102154,0.13807821
0.102156,0.13807821
0.102158,0.13807821
0.10216,0.13807821
0.102161996,0.13807821
0.102164,0.13807821
0.102166,0.13807821
0.102168,0.13807821
0.10217,0.13807821
0.102172,0.13807821
0.102174,0.091846466
0.102176,0.091846466
0.102178,0.091846466
0.10218,0.091846466
0.102182,0.091846466
0.102184,0.091846466
0.102186,0.091846466
0.102188,0.091846466
0.10219,0.091846466
0.102192,0.091846466
0.102194,0.091846466
0.102196,0.091846466
0.102198,0.091846466
0.1022,0.091846466
0.102202,0.091846466
0.102204,0.091846466
0.102206,0.091846466
0.102208,0.091846466
0.10221,0.091846466
0.102212,0.091846466
0.102214,0.091846466
0.102216,0.091846466
0.102218,0.091846466
0.10222,0.091846466
0.102222,0.091846466
0.102224,0.091846466
0.102226,0.091846466
0.102228,0.091846466
0.10223,0.091846466
0.102232,0.091846466
0.102234,0.091846466
0.102236,0.091846466
0.102238,0.091846466
0.102239996,0.091846466
0.102242,0.091846466
0.102244,0.091846466
0.102246,0.091846466
0.102248,0.091846466
0.10225,0.091846466
0.102252,0.091846466
0.102254,0.091846466
0.102256,0.091846466
0.102258,0.091846466
0.10226,0.091846466
0.102262,0.091846466
0.102264,0.091846466
0.102266,0.091846466
0.102268,0.091846466
0.10227,0.091846466
0.102272,0.091846466
0.102274,0.091846466
0.102276,0.091846466
0.102278,0.091846466
0.10228,0.091846466
0.102282,0.091846466
0.102284,0.091846466
0.102285996,0.091846466
0.102288,0.091846466
0.10229,0.091846466
0.102292,0.091846466
0.102294,0.091846466
0.102296,0.091846466
0.102298,0.091846466
0.1023,0.091846466
0.102302,0.091846466
0.102304,0.091846466
0.102306,0.091846466
0.102308,0.091846466
0.10231,0.091846466
0.102312,0.091846466
0.102314,0.091846466
0.102316,0.091846466
0.102318,0.091846466
0.10232,0.091846466
0.102322,0.091846466
0.102324,0.091846466
0.102326,0.091846466
0.102328,0.091846466
0.10233,0.091846466
0.102332,0.091846466
0.102334,0.091846466
0.102336,0.091846466
0.102338,0.091846466
0.10234,0.091846466
0.102342,0.091846466
0.102344,0.091846466
0.102346,0.091846466
0.102348,0.091846466
0.10235,0.091846466
0.102352,0.091846466
0.102354,0.091846466
0.102356,0.091846466
0.102358,0.091846466
0.10236,0.091846466
0.102362,0.091846466
0.102363996,0.091846466
0.102366,0.091846466
0.102368,0.091846466
0.10237,0.091846466
0.102372,0.091846466
0.102374,0.091846466
0.102376,0.091846466
0.102378,0.091846466
0.10238,0.091846466
0.102382,0.091846466
0.102384,0.091846466
0.102386,0.091846466
0.102388,0.091846466
0.10239,0.091846466
0.102392,0.091846466
0.102394,0.091846466
0.102396,0.091846466
0.102398,0.091846466
0.1024,0.091846466
0.102402,0.091846466
0.102404,0.091846466
0.102406,0.091846466
0.102408,0.091846466
0.102409996,0.091846466
0.102412,0.091846466
0.102414,0.091846466
0.102416,0.091846466
0.102418,0.091846466
0.10242,0.091846466
0.102422,0.091846466
0.102424,0.091846466
0.102426,0.091846466
0.102428,0.091846466
0.10243,0.091846466
0.102432,0.091846466
0.102434,0.091846466
0.102436,0.091846466
0.102438,0.091846466
0.10244,0.091846466
0.102442,0.091846466
0.102444,0.091846466
0.102446,0.091846466
0.102448,0.091846466
0.10245,0.091846466
0.102452,0.091846466
0.102454,0.091846466
0.102456,0.091846466
0.102458,0.091846466
0.10246,0.091846466
0.102462,0.091846466
0.102464,0.091846466
0.102466,0.091846466
0.102468,0.091846466
0.10247,0.091846466
0.102472,0.091846466
0.102474,0.091846466
0.102476,0.091846466
0.102478,0.091846466
0.10248,0.091846466
0.102482,0.091846466
0.102484,0.091846466
0.102486,0.091846466
0.102487996,0.091846466
0.10249,0.091846466
0.102492,0.091846466
0.102494,0.091846466
0.102496,0.091846466
0.102498,0.091846466
0.1025,0.091846466
0.102502,0.091846466
0.102504,0.091846466
0.102506,0.091846466
0.102508,0.091846466
0.10251,0.091846466
0.102512,0.091846466
0.102514,0.091846466
0.102516,0.091846466
0.102518,0.091846466
0.10252,0.091846466
0.102522,0.091846466
0.102524,0.091846466
0.102526,0.091846466
0.102528,0.091846466
0.10253,0.091846466
0.102532,0.091846466
0.102533996,0.091846466
0.102536,0.091846466
0.102538,0.091846466
0.10254,0.091846466
0.102542,0.091846466
0.102544,0.091846466
0.102546,0.091846466
0.102548,0.091846466
0.10255,0.091846466
0.102552,0.091846466
0.102554,0.091846466
0.102556,0.091846466
0.102558,0.091846466
0.10256,0.091846466
0.102562,0.091846466
0.102564,0.091846466
0.102566,0.091846466
0.102568,0.091846466
0.10257,0.091846466
0.102572,0.091846466
0.102574,0.091846466
0.102576,0.091846466
0.102578,0.091846466
0.10258,0.091846466
0.102582,0.091846466
0.102584,0.091846466
0.102586,0.091846466
0.102588,0.091846466
0.10259,0.091846466
0.102592,0.091846466
0.102594,0.091846466
0.102596,0.091846466
0.102598,0.091846466
0.1026,0.091846466
0.102602,0.091846466
0.102604,0.091846466
0.102606,0.091846466
0.102608,0.091846466
0.10261,0.091846466
0.102611996,0.091846466
0.102614,0.091846466
0.102616,0.091846466
0.102618,0.091846466
0.10262,0.091846466
0.102622,0.091846466
0.102624,0.091846466
0.102626,0.091846466
0.102628,0.091846466
0.10263,0.091846466
0.102632,0.091846466
0.102634,0.091846466
0.102636,0.091846466
0.102638,0.091846466
0.10264,0.091846466
0.102642,0.091846466
0.102644,0.091846466
0.102646,0.091846466
0.102648,0.091846466
0.10265,0.091846466
0.102652,0.091846466
0.102654,0.091846466
0.102656,0.091846466
0.102657996,0.091846466
0.10266,0.091846466
0.102662,0.091846466
0.102664,0.091846466
0.102666,0.091846466
0.102668,0.091846466
0.10267,0.091846466
0.102672,0.091846466
0.102674,0.091846466
0.102676,0.091846466
0.102678,0.091846466
0.10268,0.091846466
0.102682,0.091846466
0.102684,0.091846466
0.102686,0.091846466
0.102688,0.091846466
0.10269,0.091846466
0.102692,0.091846466
0.102694,0.091846466
0.102696,0.091846466
0.102698,0.091846466
0.1027,0.091846466
0.102702,0.091846466
0.102704,0.091846466
0.102706,0.091846466
0.102708,0.091846466
0.10271,0.091846466
0.102712,0.091846466
0.102714,0.091846466
0.102716,0.091846466
0.102718,0.091846466
0.10272,0.091846466
0.102722,0.091846466
0.102724,0.091846466
0.102726,0.091846466
0.102728,0.091846466
0.10273,0.091846466
0.102732,0.091846466
0.102734,0.091846466
0.102735996,0.091846466
0.102738,0.091846466
0.10274,0.091846466
0.102742,0.091846466
0.102744,0.091846466
0.102746,0.091846466
0.102748,0.091846466
0.10275,0.091846466
0.102752,0.091846466
0.102754,0.091846466
0.102756,0.091846466
0.102758,0.091846466
0.10276,0.091846466
0.102762,0.091846466
0.102764,0.091846466
0.102766,0.091846466
0.102768,0.091846466
0.10277,0.091846466
0.102772,0.091846466
0.102774,0.091846466
0.102776,0.091846466
0.102778,0.091846466
0.10278,0.091846466
0.102781996,0.091846466
0.102784,0.091846466
0.102786,0.091846466
0.102788,0.091846466
0.10279,0.091846466
0.102792,0.091846466
0.102794,0.091846466
0.102796,0.091846466
0.102798,0.091846466
0.1028,0.091846466
0.102802,0.091846466
0.102804,0.091846466
0.102806,0.091846466
0.102808,0.091846466
0.10281,0.091846466
0.102812,0.091846466
0.102814,0.091846466
0.102816,0.091846466
0.102818,0.091846466
0.10282,0.091846466
0.102822,0.091846466
0.102824,0.091846466
0.102826,0.091846466
0.102827996,0.091846466
0.10283,0.091846466
0.102832,0.091846466
0.102834,0.091846466
0.102836,0.091846466
0.102838,0.091846466
0.10284,0.091846466
0.102842,0.091846466
0.102844,0.091846466
0.102846,0.091846466
0.102848,0.091846466
0.10285,0.091846466
0.102852,0.091846466
0.102854,0.091846466
0.102856,0.091846466
0.102858,0.091846466
0.102859996,0.091846466
0.102862,0.091846466
0.102864,0.091846466
0.102866,0.091846466
0.102868,0.091846466
0.10287,0.091846466
0.102872,0.091846466
0.102874,0.091846466
0.102876,0.091846466
0.102878,0.091846466
0.10288,0.091846466
0.102882,0.091846466
0.102884,0.091846466
0.102886,0.091846466
0.102888,0.091846466
0.10289,0.091846466
0.102892,0.091846466
0.102894,0.091846466
0.102896,0.091846466
0.102898,0.091846466
0.1029,0.091846466
0.102902,0.091846466
0.102904,0.091846466
0.102905996,0.091846466
0.102908,0.091846466
0.10291,0.091846466
0.102912,0.091846466
0.102914,0.091846466
0.102916,0.091846466
0.102918,0.091846466
0.10292,0.091846466
0.102922,0.091846466
0.102924,0.091846466
0.102926,0.091846466
0.102928,0.091846466
0.10293,0.091846466
0.102932,0.091846466
0.102934,0.091846466
0.102936,0.091846466
0.102938,0.091846466
0.10294,0.091846466
0.102942,0.091846466
0.102944,0.091846466
0.102946,0.091846466
0.102948,0.091846466
0.10295,0.091846466
0.102951996,0.091846466
0.102954,0.091846466
0.102956,0.091846466
0.102958,0.091846466
0.10296,0.091846466
0.102962,0.091846466
0.102964,0.091846466
0.102966,0.970243
0.102968,1.3400936
0.10297,1.3400936
0.102972,1.3400936
0.102974,1.3863249
0.102976,1.3863249
0.102978,1.3863249
0.10298,1.3863249
0.102982,1.3863249
0.102983996,1.3863249
0.102986,1.3863249
0.102988,1.3863249
0.10299,1.3863249
0.102992,1.3863249
0.102994,1.3863249
0.102996,1.3863249
0.102998,1.3863249
0.103,1.3863249
0.103002,1.3863249
0.103004,1.3863249
0.103006,1.3863249
0.103008,1.3863249
0.10301,1.3863249
0.103012,1.3863249
0.103014,1.3863249
0.103016,1.3863249
0.103018,1.3863249
0.10302,1.3863249
0.103022,1.3863249
0.103024,1.3863249
0.103026,1.3863249
0.103028,1.3863249
0.103029996,1.3863249
0.103032,1.3863249
0.103034,1.3863249
0.103036,1.3863249
0.103038,1.3863249
0.10304,1.3863249
0.103042,1.3863249
0.103044,1.3863249
0.103046,1.3863249
0.103048,1.3863249
0.10305,1.3863249
0.103052,1.3863249
0.103054,1.3863249
0.103056,1.3863249
0.103058,1.3863249
0.10306,1.3863249
0.103062,1.3863249
0.103064,1.3863249
0.103066,1.3863249
0.103068,1.3863249
0.10307,1.3863249
0.103072,1.3863249
0.103074,1.3863249
0.103075996,1.3863249
0.103078,1.3863249
0.10308,1.3863249
0.103082,1.3863249
0.103084,1.3863249
0.103086,1.3863249
0.103088,1.3863249
0.10309,1.3863249
0.103092,1.3863249
0.103094,1.3863249
0.103096,1.3863249
0.103098,1.3863249
0.1031,1.3863249
0.103102,1.3863249
0.103104,1.3863249
0.103106,1.3863249
0.103108,1.3863249
0.10311,1.3863249
0.103112,1.3863249
0.103114,1.3863249
0.103116,1.3863249
0.103118,1.3863249
0.10312,1.3863249
0.103122,1.3863249
0.103124,1.3863249
0.103126,1.3863249
0.103128,1.3863249
0.10313,1.3863249
0.103132,1.3863249
0.103134,1.3863249
0.103136,1.3863249
0.103138,1.3863249
0.10314,1.3863249
0.103142,1.3863249
0.103144,1.3863249
0.103146,1.3863249
0.103148,1.3863249
0.10315,1.3863249
0.103152,1.3863249
0.103153996,1.3863249
0.103156,1.3863249
0.103158,1.3863249
0.10316,1.3863249
0.103162,1.3863249
0.103164,1.3863249
0.103166,1.3863249
0.103168,1.3863249
0.10317,1.3863249
0.103172,1.3863249
0.103174,1.3863249
0.103176,1.3863249
0.103178,1.3863249
0.10318,1.3863249
0.103182,1.3863249
0.103184,1.3863249
0.103186,1.3863249
0.103188,1.3863249
0.10319,1.3863249
0.103192,1.3863249
0.103194,1.3863249
0.103196,1.3863249
0.103198,1.3863249
0.103199996,1.3863249
0.103202,1.3863249
0.103204,1.3863249
0.103206,1.3863249
0.103208,1.3863249
0.10321,1.3863249
0.103212,1.3863249
0.103214,1.3863249
0.103216,1.3863249
0.103218,1.3863249
0.10322,1.3863249
0.103222,1.3863249
0.103224,1.3863249
0.103226,1.3863249
0.103228,1.3863249
0.10323,1.3863249
0.103232,1.3863249
0.103234,1.3863249
0.103236,1.3863249
0.103238,1.3863249
0.10324,1.3863249
0.103242,1.3863249
0.103244,1.3863249
0.103246,1.3863249
0.103248,1.3863249
0.10325,1.3863249
0.103252,1.3863249
0.103254,1.3863249
0.103256,1.3863249
0.103258,1.3863249
0.10326,1.3863249
0.103262,1.3863249
0.103264,1.3863249
0.103266,1.3863249
0.103268,1.3863249
0.10327,1.3863249
0.103272,1.3863249
0.103274,1.3863249
0.103276,1.3863249
0.103277996,1.3863249
0.10328,1.3863249
0.103282,1.3863249
0.103284,1.3863249
0.103286,1.3863249
0.103288,1.3863249
0.10329,1.3863249
0.103292,1.3863249
0.103294,1.3863249
0.103296,1.3863249
0.103298,1.3863249
0.1033,1.3863249
0.103302,1.3863249
0.103304,1.3863249
0.103306,1.3863249
0.103308,1.3863249
0.10331,1.3863249
0.103312,1.3863249
0.103314,1.3863249
0.103316,1.3863249
0.103318,1.3863249
0.10332,2.357184
0.103322,2.6345725
0.103323996,2.6345725
0.103326,2.6345725
0.103328,2.6345725
0.10333,2.6345725
0.103332,2.6345725
0.103334,2.6345725
0.103336,2.6345725
0.103338,2.6808028
0.10334,2.6808028
0.103342,2.6808028
0.103344,2.6808028
0.103346,2.6808028
0.103348,2.6808028
0.10335,2.6808028
0.103352,2.6808028
0.103354,2.6808028
0.103356,2.6808028
0.103358,2.6808028
0.10336,2.6808028
0.103362,2.6808028
0.103364,2.6808028
0.103366,2.6808028
0.103368,2.6808028
0.10337,2.6808028
0.103372,2.6808028
0.103374,2.6808028
0.103376,2.6808028
0.103378,2.6808028
0.10338,2.6808028
0.103382,2.6808028
0.103384,2.6808028
0.103386,2.6808028
0.103388,2.6808028
0.10339,2.6808028
0.103392,2.6808028
0.103394,2.6808028
0.103396,2.6808028
0.103398,2.6808028
0.1034,2.6808028
0.103401996,2.6808028
0.103404,2.6808028
0.103406,2.6808028
0.103408,2.6808028
0.10341,2.6808028
0.103412,2.6808028
0.103414,2.6808028
0.103416,2.6808028
0.103418,2.6808028
0.10342,2.6808028
0.103422,2.6808028
0.103424,2.6808028
0.103426,2.6808028
0.103428,2.6808028
0.10343,2.6808028
0.103432,2.6808028
0.103434,2.6808028
0.103436,2.6808028
0.103438,2.6808028
0.10344,2.6808028
0.103442,2.6808028
0.103444,2.6808028
0.103446,2.6808028
0.103447996,2.6808028
0.10345,2.6808028
0.103452,2.6808028
0.103454,2.6808028
0.103456,2.6808028
0.103458,2.6808028
0.10346,2.6808028
0.103462,2.6808028
0.103464,2.6808028
0.103466,2.6808028
0.103468,2.6808028
0.10347,2.6808028
0.103472,2.6808028
0.103474,2.6808028
0.103476,2.6808028
0.103478,2.6808028
0.10348,2.6808028
0.103482,2.6808028
0.103484,2.6808028
0.103486,2.6808028
0.103488,2.6808028
0.10349,2.6808028
0.103492,2.6808028
0.103494,2.6808028
0.103496,2.6808028
0.103498,2.6808028
0.1035,2.6808028
0.103502,2.6808028
0.103504,2.6808028
0.103506,2.6808028
0.103508,2.6808028
0.10351,2.6808028
0.103512,2.6808028
0.103514,2.6808028
0.103516,2.6808028
0.103518,2.6808028
0.10352,2.6808028
0.103522,2.6808028
0.103524,2.6808028
0.103525996,2.6808028
0.103528,2.6808028
0.10353,2.6808028
0.103532,2.6808028
0.103534,2.6808028
0.103536,2.6808028
0.103538,2.6808028
0.10354,2.6808028
0.103542,2.6808028
0.103544,2.6808028
0.103546,2.6808028
0.103548,2.6808028
0.10355,2.6808028
0.103552,2.6808028
0.103554,2.6808028
0.103556,2.6808028
0.103558,2.6808028
0.10356,2.6808028
0.103562,2.6808028
0.103564,2.6808028
0.103566,2.6808028
0.103568,2.6808028
0.10357,2.6808028
0.103571996,2.6808028
0.103574,2.6808028
0.103576,2.6808028
0.103578,2.6808028
0.10358,2.6808028
0.103582,2.6808028
0.103584,2.6808028
0.103586,2.6808028
0.103588,2.6808028
0.10359,2.6808028
0.103592,2.6808028
0.103594,2.6808028
0.103596,2.6808028
0.103598,2.6808028
0.1036,2.6808028
0.103602,2.6808028
0.103604,2.6808028
0.103606,2.6808028
0.103608,2.6808028
0.10361,2.6808028
0.103612,2.6808028
0.103614,2.6808028
0.103616,2.6808028
0.103618,2.6808028
0.10362,2.6808028
0.103622,2.6808028
0.103624,2.6808028
0.103626,2.6808028
0.103628,2.6808028
0.10363,2.6808028
0.103632,2.6808028
0.103634,2.6808028
0.103636,2.6808028
0.103638,2.6808028
0.10364,2.6808028
0.103642,2.6808028
0.103644,2.6808028
0.103646,3.23558
0.103648,3.92905
0.103649996,3.92905
0.103652,3.92905
0.103654,3.92905
0.103656,3.9752812
0.103658,3.9752812
0.10366,3.9752812
0.103662,3.9752812
0.103664,3.9752812
0.103666,3.9752812
0.103668,3.9752812
0.10367,3.9752812
0.103672,3.9752812
0.103674,3.9752812
0.103676,3.9752812
0.103678,3.9752812
0.10368,3.9752812
0.103682,3.9752812
0.103684,3.9752812
0.103686,3.9752812
0.103688,3.9752812
0.10369,3.9752812
0.103692,3.9752812
0.103694,3.9752812
0.103695996,3.9752812
0.103698,3.9752812
0.1037,3.9752812
0.103702,3.9752812
0.103704,3.9752812
0.103706,3.9752812
0.103708,3.9752812
0.10371,3.9752812
0.103712,3.9752812
0.103714,3.9752812
0.103716,3.9752812
0.103718,3.9752812
0.10372,3.9752812
0.103722,3.9752812
0.103724,3.9752812
0.103726,3.9752812
0.103728,3.9752812
0.10373,3.9752812
0.103732,3.9752812
0.103734,3.9752812
0.103736,3.9752812
0.103738,3.9752812
0.10374,3.9752812
0.103742,3.9752812
0.103744,3.9752812
0.103746,3.9752812
0.103748,3.9752812
0.10375,3.9752812
0.103752,3.9752812
0.103754,3.9752812
0.103756,3.9752812
0.103758,3.9752812
0.10376,3.9752812
0.103762,3.9752812
0.103764,3.9752812
0.103766,3.9752812
0.103768,3.9752812
0.10377,3.9752812
0.103772,3.9752812
0.103773996,3.9752812
0.103776,3.9752812
0.103778,3.9752812
0.10378,3.9752812
0.103782,3.9752812
0.103784,3.9752812
0.103786,3.9752812
0.103788,3.9752812
0.10379,3.9752812
0.103792,3.9752812
0.103794,3.9752812
0.103796,3.9752812
0.103798,3.9752812
0.1038,3.9752812
0.103802,3.9752812
0.103804,3.9752812
0.103806,3.9752812
0.103808,3.9752812
0.10381,3.9752812
0.103812,3.9752812
0.103814,3.9752812
0.103816,3.9752812
0.103818,3.9752812
0.103819996,3.9752812
0.103822,3.9752812
0.103824,3.9752812
0.103826,3.9752812
0.103828,3.9752812
0.10383,3.9752812
0.103832,3.9752812
0.103834,3.9752812
0.103836,3.9752812
0.103838,3.9752812
0.10384,3.9752812
0.103842,3.9752812
0.103844,3.9752812
0.103846,3.9752812
0.103848,3.9752812
0.10385,3.9752812
0.103852,3.9752812
0.103854,3.9752812
0.103856,3.9752812
0.103858,3.9752812
0.10386,3.9752812
0.103862,3.9752812
0.103864,3.9752812
0.103866,3.9752812
0.103868,3.9752812
0.10387,3.9752812
0.103872,3.9752812
0.103874,3.9752812
0.103876,3.9752812
0.103878,3.9752812
0.10388,3.9752812
0.103882,3.9752812
0.103884,3.9752812
0.103886,3.9752812
0.103888,3.9752812
0.10389,3.9752812
0.103892,3.9752812
0.103894,3.9752812
0.103896,3.9752812
0.103897996,3.9752812
0.1039,3.9752812
0.103902,3.9752812
0.103904,3.9752812
0.103906,3.9752812
0.103908,3.9752812
0.10391,3.9752812
0.103912,3.9752812
0.103914,3.9752812
0.103916,3.9752812
0.103918,3.9752812
0.10392,3.9752812
0.103922,3.9752812
0.103924,3.9752812
0.103926,3.9752812
0.103928,3.9752812
0.10393,3.9752812
0.103932,3.9752812
0.103934,3.9752812
0.103936,3.9752812
0.103938,3.9752812
0.10394,3.9752812
0.103942,3.9752812
0.103943996,3.9752812
0.103946,3.9752812
0.103948,3.9752812
0.10395,3.9752812
0.103952,3.9752812
0.103954,3.9752812
0.103956,3.9752812
0.103958,3.9752812
0.10396,3.9752812
0.103962,3.9752812
0.103964,3.9752812
0.103966,3.9752812
0.103968,3.9752812
0.10397,3.9752812
0.103972,3.9752812
0.103974,3.9752812
0.103976,3.9752812
0.103978,3.9752812
0.10398,3.9752812
0.103982,3.9752812
0.103984,3.9752812
0.103986,3.9752812
0.103988,3.9752812
0.103989996,3.9752812
0.103992,3.9752812
0.103994,3.9752812
0.103996,3.9752812
0.103998,3.9752812
0.104,3.9752812
0.104002,3.9752812
0.104004,3.9752812
0.104006,3.9752812
0.104008,3.9752812
0.10401,3.9752812
0.104012,3.9752812
0.104014,3.9752812
0.104016,3.9752812
0.104018,3.9752812
0.10402,3.9752812
0.104021996,3.9752812
0.104024,3.9752812
0.104026,3.9752812
0.104028,3.9752812
0.10403,3.9752812
0.104032,3.9752812
0.104034,3.9752812
0.104036,3.9752812
0.104038,3.9752812
0.10404,3.9752812
0.104042,3.9752812
0.104044,3.9752812
0.104046,3.9752812
0.104048,3.9752812
0.10405,3.9752812
0.104052,3.9752812
0.104054,3.9752812
0.104056,3.9752812
0.104058,3.9752812
0.10406,3.9752812
0.104062,3.9752812
0.104064,3.9752812
0.104066,3.9752812
0.104067996,3.9752812
0.10407,3.9752812
0.104072,3.9752812
0.104074,3.9752812
0.104076,3.9752812
0.104078,3.9752812
0.10408,3.9752812
0.104082,3.9752812
0.104084,3.9752812
0.104086,3.9752812
0.104088,3.9752812
0.10409,3.9752812
0.104092,3.9752812
0.104094,3.9752812
0.104096,3.9752812
0.104098,3.9752812
0.1041,3.9752812
0.104102,3.9752812
0.104104,3.9752812
0.104106,3.9752812
0.104108,3.9752812
0.10411,3.9752812
0.104112,3.9752812
0.104113996,3.9752812
0.104116,3.9752812
0.104118,3.9752812
0.10412,3.9752812
0.104122,3.9752812
0.104124,3.9752812
0.104126,3.9752812
0.104128,3.9752812
0.10413,3.9752812
0.104132,3.9752812
0.104134,3.9752812
0.104136,3.9752812
0.104138,3.9752812
0.10414,3.9752812
0.104142,3.9752812
0.104144,3.9752812
0.104145996,3.9752812
0.104148,3.9752812
0.10415,3.9752812
0.104152,3.9752812
0.104154,3.9752812
0.104156,3.9752812
0.104158,3.9752812
0.10416,3.9752812
0.104162,3.9752812
0.104164,3.9752812
0.104166,3.9752812
0.104168,3.9752812
0.10417,3.9752812
0.104172,3.9752812
0.104174,3.9752812
0.104176,3.9752812
0.104178,3.9752812
0.10418,3.9752812
0.104182,3.9752812
0.104184,3.9752812
0.104186,3.9752812
0.104188,3.9752812
0.10419,3.9752812
0.104191996,3.9752812
0.104194,3.9752812
0.104196,3.9752812
0.104198,3.9752812
0.1042,3.9752812
0.104202,3.9752812
0.104204,3.9752812
0.104206,3.9752812
0.104208,3.9752812
0.10421,3.9752812
0.104212,3.9752812
0.104214,3.9752812
0.104216,3.9752812
0.104218,3.9752812
0.10422,3.9752812
0.104222,3.9752812
0.104224,3.9752812
0.104226,3.9752812
0.104228,3.9752812
0.10423,3.9752812
0.104232,3.9752812
0.104234,3.9752812
0.104236,3.9752812
0.104237996,3.9752812
0.10424,3.9752812
0.104242,3.9752812
0.104244,3.9752812
0.104246,3.9752812
0.104248,3.9752812
0.10425,3.9752812
0.104252,3.9752812
0.104254,3.9752812
0.104256,3.9752812
0.104258,3.9752812
0.10426,3.9752812
0.104262,3.9752812
0.104264,3.9752812
0.104266,3.9752812
0.104268,3.9752812
0.10427,3.9752812
0.104272,3.9752812
0.104274,3.9752812
0.104276,3.9752812
0.104278,3.9752812
0.10428,3.9752812
0.104282,3.9752812
0.104284,3.9752812
0.104286,3.9752812
0.104288,3.9752812
0.10429,3.9752812
0.104292,3.9752812
0.104294,3.9752812
0.104296,3.9752812
0.104298,3.9752812
0.1043,3.9752812
0.104302,3.9752812
0.104304,3.9752812
0.104306,3.9752812
0.104308,3.9752812
0.10431,3.9752812
0.104312,3.9752812
0.104314,3.9752812
0.104315996,3.9752812
0.104318,3.9752812
0.10432,3.9752812
0.104322,3.9752812
0.104324,3.9752812
0.104326,3.9752812
0.104328,3.9752812
0.10433,3.9752812
0.104332,3.9752812
0.104334,3.9752812
0.104336,3.9752812
0.104338,3.9752812
0.10434,3.9752812
0.104342,3.9752812
0.104344,3.9752812
0.104346,3.9752812
0.104348,3.9752812
0.10435,3.9752812
0.104352,3.9752812
0.104354,3.9752812
0.104356,3.9752812
0.104358,3.9752812
0.10436,3.9752812
0.104361996,3.9752812
0.104364,3.9752812
0.104366,3.9752812
0.104368,3.9752812
0.10437,3.9752812
0.104372,3.9752812
0.104374,3.9752812
0.104376,3.9752812
0.104378,3.9752812
0.10438,3.9752812
0.104382,3.9752812
0.104384,3.9752812
0.104386,3.9752812
0.104388,3.9752812
0.10439,3.9752812
0.104392,3.9752812
0.104394,3.9752812
0.104396,3.9752812
0.104398,3.9752812
0.1044,3.9752812
0.104402,3.9752812
0.104404,3.9752812
0.104406,3.9752812
0.104408,3.9752812
0.10441,3.9752812
0.104412,3.9752812
0.104414,3.9752812
0.104416,3.9752812
0.104418,3.9752812
0.10442,3.9752812
0.104422,3.9752812
0.104424,3.9752812
0.104426,3.9752812
0.104428,3.9752812
0.10443,3.9752812
0.104432,3.9752812
0.104434,3.9752812
0.104436,3.9752812
0.104438,3.9752812
0.104439996,3.9752812
0.104442,3.9752812
0.104444,3.9752812
0.104446,3.9752812
0.104448,3.9752812
0.10445,3.9752812
0.104452,3.9752812
0.104454,3.9752812
0.104456,3.9752812
0.104458,3.9752812
0.10446,3.9752812
0.104462,3.9752812
0.104464,3.9752812
0.104466,3.9752812
0.104468,3.9752812
0.10447,3.9752812
0.104472,3.9752812
0.104474,3.9752812
0.104476,3.9752812
0.104478,3.9752812
0.10448,3.9752812
0.104482,3.9752812
0.104484,3.9752812
0.104485996,3.9752812
0.104488,3.9752812
0.10449,3.9752812
0.104492,3.9752812
0.104494,3.9752812
0.104496,3.9752812
0.104498,3.9752812
0.1045,3.9752812
0.104502,3.9752812
0.104504,3.9752812
0.104506,3.9752812
0.104508,3.9752812
0.10451,3.9752812
0.104512,3.9752812
0.104514,3.9752812
0.104516,3.9752812
0.104518,3.9752812
0.10452,3.9752812
0.104522,3.9752812
0.104524,3.9752812
0.104526,3.9752812
0.104528,3.9752812
0.10453,3.9752812
0.104532,3.9752812
0.104534,3.9752812
0.104536,3.9752812
0.104538,3.9752812
0.10454,3.9752812
0.104542,3.9752812
0.104544,3.9752812
0.104546,3.9752812
0.104548,3.9752812
0.10455,3.9752812
0.104552,3.9752812
0.104554,3.9752812
0.104556,3.9752812
0.104558,3.9752812
0.10456,3.9752812
0.104562,3.9752812
0.104563996,3.9752812
0.104566,3.9752812
0.104568,3.9752812
0.10457,3.9752812
0.104572,3.9752812
0.104574,3.9752812
0.104576,3.9752812
0.104578,3.9752812
0.10458,3.9752812
0.104582,3.9752812
0.104584,3.9752812
0.104586,3.9752812
0.104588,3.9752812
0.10459,3.9752812
0.104592,3.9752812
0.104594,3.9752812
0.104596,3.9752812
0.104598,3.9752812
0.1046,3.9752812
0.104602,3.9752812
0.104604,3.9752812
0.104606,3.9752812
0.104608,3.9752812
0.104609996,3.9752812
0.104612,3.9752812
0.104614,3.9752812
0.104616,3.9752812
0.104618,3.9752812
0.10462,3.9752812
0.104622,3.9752812
0.104624,3.9752812
0.104626,3.9752812
0.104628,3.9752812
0.10463,3.9752812
0.104632,3.9752812
0.104634,3.9752812
0.104636,3.9752812
0.104638,3.9752812
0.10464,3.9752812
0.104642,3.9752812
0.104644,3.9752812
0.104646,3.9752812
0.104648,3.9752812
0.10465,3.9752812
0.104652,3.9752812
0.104654,3.9752812
0.104656,3.9752812
0.104658,3.9752812
0.10466,3.9752812
0.104662,3.9752812
0.104664,3.9752812
0.104666,3.9752812
0.104668,3.9752812
0.10467,3.9752812
0.104672,3.9752812
0.104674,3.9752812
0.104676,3.9752812
0.104678,3.9752812
0.10468,3.9752812
0.104682,3.9752812
0.104684,3.9752812
0.104686,3.9752812
0.104687996,3.9752812
0.10469,3.9752812
0.104692,3.9752812
0.104694,3.9752812
0.104696,3.9752812
0.104698,3.9752812
0.1047,3.9752812
0.104702,3.9752812
0.104704,3.9752812
0.104706,3.9752812
0.104708,3.9752812
0.10471,3.9752812
0.104712,3.9752812
0.104714,3.9752812
0.104716,3.9752812
0.104718,3.9752812
0.10472,3.9752812
0.104722,3.9752812
0.104724,3.9752812
0.104726,3.9752812
0.104728,3.9752812
0.10473,3.9752812
0.104732,3.9752812
0.104733996,3.9752812
0.104736,3.9752812
0.104738,3.9752812
0.10474,3.9752812
0.104742,3.9752812
0.104744,3.9752812
0.104746,3.9752812
0.104748,3.9752812
0.10475,3.9752812
0.104752,3.9752812
0.104754,3.9752812
0.104756,3.9752812
0.104758,3.9752812
0.10476,3.9752812
0.104762,3.9752812
0.104764,3.9752812
0.104766,3.9752812
0.104768,3.9752812
0.10477,3.9752812
0.104772,3.9752812
0.104774,3.9752812
0.104776,3.9752812
0.104778,3.9752812
0.10478,3.9752812
0.104782,3.9752812
0.104784,3.9752812
0.104786,3.9752812
0.104788,3.9752812
0.10479,2.7732663
0.104792,2.727035
0.104794,2.727035
0.104796,2.727035
0.104798,2.727035
0.1048,2.727035
0.104802,2.727035
0.104804,2.727035
0.104806,2.727035
0.104808,2.6808028
0.10481,2.6808028
0.104811996,2.6808028
0.104814,2.6808028
0.104816,2.6808028
0.104818,2.6808028
0.10482,2.6808028
0.104822,2.6808028
0.104824,2.6808028
0.104826,2.6808028
0.104828,2.6808028
0.10483,2.6808028
0.104832,2.6808028
0.104834,2.6808028
0.104836,2.6808028
0.104838,2.6808028
0.10484,2.6808028
0.104842,2.6808028
0.104844,2.6808028
0.104846,2.6808028
0.104848,2.6808028
0.10485,2.6808028
0.104852,2.6808028
0.104854,2.6808028
0.104856,2.6808028
0.104857996,2.6808028
0.10486,2.6808028
0.104862,2.6808028
0.104864,2.6808028
0.104866,2.6808028
0.104868,2.6808028
0.10487,2.6808028
0.104872,2.6808028
0.104874,2.6808028
0.104876,2.6808028
0.104878,2.6808028
0.10488,2.6808028
0.104882,2.6808028
0.104884,2.6808028
0.104886,2.6808028
0.104888,2.6808028
0.10489,2.6808028
0.104892,2.6808028
0.104894,2.6808028
0.104896,2.6808028
0.104898,2.6808028
0.1049,2.6808028
0.104902,2.6808028
0.104904,2.6808028
0.104906,2.6808028
0.104908,2.6808028
0.10491,2.6808028
0.104912,2.6808028
0.104914,2.6808028
0.104916,2.6808028
0.104918,2.6808028
0.10492,2.6808028
0.104922,2.6808028
0.104924,2.6808028
0.104926,2.6808028
0.104928,2.6808028
0.10493,2.6808028
0.104932,2.6808028
0.104934,2.6808028
0.104935996,2.6808028
0.104938,2.6808028
0.10494,2.6808028
0.104942,2.6808028
0.104944,2.6808028
0.104946,2.6808028
0.104948,2.6808028
0.10495,2.6808028
0.104952,2.6808028
0.104954,2.6808028
0.104956,2.6808028
0.104958,2.6808028
0.10496,2.6808028
0.104962,2.6808028
0.104964,2.6808028
0.104966,2.6808028
0.104968,2.6808028
0.10497,2.6808028
0.104972,2.6808028
0.104974,2.6808028
0.104976,2.6808028
0.104978,2.6808028
0.10498,2.6808028
0.104981996,2.6808028
0.104984,2.6808028
0.104986,2.6808028
0.104988,2.6808028
0.10499,2.6808028
0.104992,2.6808028
0.104994,2.6808028
0.104996,2.6808028
0.104998,2.6808028
0.105,2.6808028
0.105002,2.6808028
0.105004,2.6808028
0.105006,2.6808028
0.105008,2.6808028
0.10501,2.6808028
0.105012,2.6808028
0.105014,2.6808028
0.105016,2.6808028
0.105018,2.6808028
0.10502,2.6808028
0.105022,2.6808028
0.105024,2.6808028
0.105026,2.6808028
0.105028,2.6808028
0.10503,2.6808028
0.105032,2.6808028
0.105034,2.6808028
0.105036,2.6808028
0.105038,2.6808028
0.10504,2.6808028
0.105042,2.6808028
0.105044,2.6808028
0.105046,2.6808028
0.105048,2.6808028
0.10505,2.6808028
0.105052,2.6808028
0.105054,2.6808028
0.105056,2.6808028
0.105058,2.6808028
0.105059996,2.6808028
0.105062,2.6808028
0.105064,2.6808028
0.105066,2.6808028
0.105068,2.6808028
0.10507,2.6808028
0.105072,2.6808028
0.105074,2.6808028
0.105076,2.6808028
0.105078,2.6808028
0.10508,2.6808028
0.105082,2.6808028
0.105084,2.6808028
0.105086,2.6808028
0.105088,2.6808028
0.10509,2.6808028
0.105092,2.6808028
0.105094,2.6808028
0.105096,2.6808028
0.105098,2.6808028
0.1051,2.6808028
0.105102,2.6808028
0.105104,2.6808028
0.105105996,2.6808028
0.105108,2.6808028
0.10511,2.6808028
0.105112,2.6808028
0.105114,2.6808028
0.105116,1.6174817
0.105118,1.4787879
0.10512,1.4325566
0.105122,1.4325566
0.105124,1.4325566
0.105126,1.4325566
0.105128,1.4325566
0.10513,1.4325566
0.105132,1.4325566
0.105134,1.4325566
0.105136,1.4325566
0.105138,1.4325566
0.10514,1.4325566
0.105142,1.4325566
0.105144,1.4325566
0.105146,1.4325566
0.105148,1.4325566
0.10515,1.4325566
0.105151996,1.4325566
0.105154,1.4325566
0.105156,1.4325566
0.105158,1.3863249
0.10516,1.3863249
0.105162,1.3863249
0.105164,1.3863249
0.105166,1.3863249
0.105168,1.3863249
0.10517,1.3863249
0.105172,1.3863249
0.105174,1.3863249
0.105176,1.3863249
0.105178,1.3863249
0.10518,1.3863249
0.105182,1.3863249
0.105183996,1.3863249
0.105186,1.3863249
0.105188,1.3863249
0.10519,1.3863249
0.105192,1.3863249
0.105194,1.3863249
0.105196,1.3863249
0.105198,1.3863249
0.1052,1.3863249
0.105202,1.3863249
0.105204,1.3863249
0.105206,1.3863249
0.105208,1.3863249
0.10521,1.3863249
0.105212,1.3863249
0.105214,1.3863249
0.105216,1.3863249
0.105218,1.3863249
0.10522,1.3863249
0.105222,1.3863249
0.105224,1.3863249
0.105226,1.3863249
0.105228,1.3863249
0.105229996,1.3863249
0.105232,1.3863249
0.105234,1.3863249
0.105236,1.3863249
0.105238,1.3863249
0.10524,1.3863249
0.105242,1.3863249
0.105244,1.3863249
0.105246,1.3863249
0.105248,1.3863249
0.10525,1.3863249
0.105252,1.3863249
0.105254,1.3863249
0.105256,1.3863249
0.105258,1.3863249
0.10526,1.3863249
0.105262,1.3863249
0.105264,1.3863249
0.105266,1.3863249
0.105268,1.3863249
0.10527,1.3863249
0.105272,1.3863249
0.105274,1.3863249
0.105275996,1.3863249
0.105278,1.3863249
0.10528,1.3863249
0.105282,1.3863249
0.105284,1.3863249
0.105286,1.3863249
0.105288,1.3863249
0.10529,1.3863249
0.105292,1.3863249
0.105294,1.3863249
0.105296,1.3863249
0.105298,1.3863249
0.1053,1.3863249
0.105302,1.3863249
0.105304,1.3863249
0.105306,1.3863249
0.105307996,1.3863249
0.10531,1.3863249
0.105312,1.3863249
0.105314,1.3863249
0.105316,1.3863249
0.105318,1.3863249
0.10532,1.3863249
0.105322,1.3863249
0.105324,1.3863249
0.105326,1.3863249
0.105328,1.3863249
0.10533,1.3863249
0.105332,1.3863249
0.105334,1.3863249
0.105336,1.3863249
0.105338,1.3863249
0.10534,1.3863249
0.105342,1.3863249
0.105344,1.3863249
0.105346,1.3863249
0.105348,1.3863249
0.10535,1.3863249
0.105352,1.3863249
0.105353996,1.3863249
0.105356,1.3863249
0.105358,1.3863249
0.10536,1.3863249
0.105362,1.3863249
0.105364,1.3863249
0.105366,1.3863249
0.105368,1.3863249
0.10537,1.3863249
0.105372,1.3863249
0.105374,1.3863249
0.105376,1.3863249
0.105378,1.3863249
0.10538,1.3863249
0.105382,1.3863249
0.105384,1.3863249
0.105386,1.3863249
0.105388,1.3863249
0.10539,1.3863249
0.105392,1.3863249
0.105394,1.3863249
0.105396,1.3863249
0.105398,1.3863249
0.105399996,1.3863249
0.105402,1.3863249
0.105404,1.3863249
0.105406,1.3863249
0.105408,1.3863249
0.10541,1.3863249
0.105412,1.3863249
0.105414,1.3863249
0.105416,1.3863249
0.105418,1.3863249
0.10542,1.3863249
0.105422,1.3863249
0.105424,1.3863249
0.105426,1.3863249
0.105428,1.3863249
0.10543,1.3863249
0.105432,1.3863249
0.105434,1.3863249
0.105436,1.3863249
0.105438,1.3863249
0.10544,1.3863249
0.105442,1.3863249
0.105444,1.3863249
0.105446,1.3863249
0.105448,1.3863249
0.10545,1.3863249
0.105452,1.3863249
0.105454,1.3863249
0.105456,1.3863249
0.105458,1.3863249
0.10546,1.3863249
0.105462,1.3863249
0.105464,1.3863249
0.105466,1.3863249
0.105468,1.3863249
0.10547,0.46169758
0.105472,0.13807821
0.105474,0.13807821
0.105476,0.13807821
0.105477996,0.13807821
0.10548,0.13807821
0.105482,0.13807821
0.105484,0.13807821
0.105486,0.13807821
0.105488,0.13807821
0.10549,0.13807821
0.105492,0.13807821
0.105494,0.13807821
0.105496,0.091846466
0.105498,0.091846466
0.1055,0.091846466
0.105502,0.091846466
0.105504,0.091846466
0.105506,0.091846466
0.105508,0.091846466
0.10551,0.091846466
0.105512,0.091846466
0.105514,0.091846466
0.105516,0.091846466
0.105518,0.091846466
0.10552,0.091846466
0.105522,0.091846466
0.105523996,0.091846466
0.105526,0.091846466
0.105528,0.091846466
0.10553,0.091846466
0.105532,0.091846466
0.105534,0.091846466
0.105536,0.091846466
0.105538,0.091846466
0.10554,0.091846466
0.105542,0.091846466
0.105544,0.091846466
0.105546,0.091846466
0.105548,0.091846466
0.10555,0.091846466
0.105552,0.091846466
0.105554,0.091846466
0.105556,0.091846466
0.105558,0.091846466
0.10556,0.091846466
0.105562,0.091846466
0.105564,0.091846466
0.105566,0.091846466
0.105568,0.091846466
0.10557,0.091846466
0.105572,0.091846466
0.105574,0.091846466
0.105576,0.091846466
0.105578,0.091846466
0.10558,0.091846466
0.105582,0.091846466
0.105584,0.091846466
0.105586,0.091846466
0.105588,0.091846466
0.10559,0.091846466
0.105592,0.091846466
0.105594,0.091846466
0.105596,0.091846466
0.105598,0.091846466
0.1056,0.091846466
0.105601996,0.091846466
0.105604,0.091846466
0.105606,0.091846466
0.105608,0.091846466
0.10561,0.091846466
0.105612,0.091846466
0.105614,0.091846466
0.105616,0.091846466
0.105618,0.091846466
0.10562,0.091846466
0.105622,0.091846466
0.105624,0.091846466
0.105626,0.091846466
0.105628,0.091846466
0.10563,0.091846466
0.105632,0.091846466
0.105634,0.091846466
0.105636,0.091846466
0.105638,0.091846466
0.10564,0.091846466
0.105642,0.091846466
0.105644,0.091846466
0.105646,0.091846466
0.105647996,0.091846466
0.10565,0.091846466
0.105652,0.091846466
0.105654,0.091846466
0.105656,0.091846466
0.105658,0.091846466
0.10566,0.091846466
0.105662,0.091846466
0.105664,0.091846466
0.105666,0.091846466
0.105668,0.091846466
0.10567,0.091846466
0.105672,0.091846466
0.105674,0.091846466
0.105676,0.091846466
0.105678,0.091846466
0.10568,0.091846466
0.105682,0.091846466
0.105684,0.091846466
0.105686,0.091846466
0.105688,0.091846466
0.10569,0.091846466
0.105692,0.091846466
0.105694,0.091846466
0.105696,0.091846466
0.105698,0.091846466
0.1057,0.091846466
0.105702,0.091846466
0.105704,0.091846466
0.105706,0.091846466
0.105708,0.091846466
0.10571,0.091846466
0.105712,0.091846466
0.105714,0.091846466
0.105716,0.091846466
0.105718,0.091846466
0.10572,0.091846466
0.105722,0.091846466
0.105724,0.091846466
0.105725996,0.091846466
0.105728,0.091846466
0.10573,0.091846466
0.105732,0.091846466
0.105734,0.091846466
0.105736,0.091846466
0.105738,0.091846466
0.10574,0.091846466
0.105742,0.091846466
0.105744,0.091846466
0.105746,0.091846466
0.105748,0.091846466
0.10575,0.091846466
0.105752,0.091846466
0.105754,0.091846466
0.105756,0.091846466
0.105758,0.091846466
0.10576,0.091846466
0.105762,0.091846466
0.105764,0.091846466
0.105766,0.091846466
0.105768,0.091846466
0.10577,0.091846466
0.105771996,0.091846466
0.105774,0.091846466
0.105776,0.091846466
0.105778,0.091846466
0.10578,0.091846466
0.105782,0.091846466
0.105784,0.091846466
0.105786,0.091846466
0.105788,0.091846466
0.10579,0.091846466
0.105792,0.091846466
0.105794,0.091846466
0.105796,0.091846466
0.105798,0.091846466
0.1058,0.091846466
0.105802,0.091846466
0.105804,0.091846466
0.105806,0.091846466
0.105808,0.091846466
0.10581,0.091846466
0.105812,0.091846466
0.105814,0.091846466
0.105816,0.091846466
0.105818,0.091846466
0.10582,0.091846466
0.105822,0.091846466
0.105824,0.091846466
0.105826,0.091846466
0.105828,0.091846466
0.10583,0.091846466
0.105832,0.091846466
0.105834,0.091846466
0.105836,0.091846466
0.105838,0.091846466
0.10584,0.091846466
0.105842,0.091846466
0.105844,0.091846466
0.105846,0.091846466
0.105848,0.091846466
0.105849996,0.091846466
0.105852,0.091846466
0.105854,0.091846466
0.105856,0.091846466
0.105858,0.091846466
0.10586,0.091846466
0.105862,0.091846466
0.105864,0.091846466
0.105866,0.091846466
0.105868,0.091846466
0.10587,0.091846466
0.105872,0.091846466
0.105874,0.091846466
0.105876,0.091846466
0.105878,0.091846466
0.10588,0.091846466
0.105882,0.091846466
0.105884,0.091846466
0.105886,0.091846466
0.105888,0.091846466
0.10589,0.091846466
0.105892,0.091846466
0.105894,0.091846466
0.105895996,0.091846466
0.105898,0.091846466
0.1059,0.091846466
0.105902,0.091846466
0.105904,0.091846466
0.105906,0.091846466
0.105908,0.091846466
0.10591,0.091846466
0.105912,0.091846466
0.105914,0.091846466
0.105916,0.091846466
0.105918,0.091846466
0.10592,0.091846466
0.105922,0.091846466
0.105924,0.091846466
0.105926,0.091846466
0.105928,0.091846466
0.10593,0.091846466
0.105932,0.091846466
0.105934,0.091846466
0.105936,0.091846466
0.105938,0.091846466
0.10594,0.091846466
0.105942,0.091846466
0.105944,0.091846466
0.105946,0.091846466
0.105948,0.091846466
0.10595,0.091846466
0.105952,0.091846466
0.105954,0.091846466
0.105956,0.091846466
0.105958,0.091846466
0.10596,0.091846466
0.105962,0.091846466
0.105964,0.091846466
0.105966,0.091846466
0.105968,0.091846466
0.10597,0.091846466
0.105972,0.091846466
0.105973996,0.091846466
0.105976,0.091846466
0.105978,0.091846466
0.10598,0.091846466
0.105982,0.091846466
0.105984,0.091846466
0.105986,0.091846466
0.105988,0.091846466
0.10599,0.091846466
0.105992,0.091846466
0.105994,0.091846466
0.105996,0.091846466
0.105998,0.091846466
0.106,0.091846466
0.106002,0.091846466
0.106004,0.091846466
0.106006,0.091846466
0.106008,0.091846466
0.10601,0.091846466
0.106012,0.091846466
0.106014,0.091846466
0.106016,0.091846466
0.106018,0.091846466
0.106019996,0.091846466
0.106022,0.091846466
0.106024,0.091846466
0.106026,0.091846466
0.106028,0.091846466
0.10603,0.091846466
0.106032,0.091846466
0.106034,0.091846466
0.106036,0.091846466
0.106038,0.091846466
0.10604,0.091846466
0.106042,0.091846466
0.106044,0.091846466
0.106046,0.091846466
0.106048,0.091846466
0.10605,0.091846466
0.106052,0.091846466
0.106054,0.091846466
0.106056,0.091846466
0.106058,0.091846466
0.10606,0.091846466
0.106062,0.091846466
0.106064,0.091846466
0.106066,0.091846466
0.106068,0.091846466
0.10607,0.091846466
0.106072,0.091846466
0.106074,0.091846466
0.106076,0.091846466
0.106078,0.091846466
0.10608,0.091846466
0.106082,0.091846466
0.106084,0.091846466
0.106086,0.091846466
0.106088,0.091846466
0.10609,0.091846466
0.106092,0.091846466
0.106094,0.091846466
0.106096,0.091846466
0.106097996,0.091846466
0.1061,0.091846466
0.106102,0.091846466
0.106104,0.091846466
0.106106,0.091846466
0.106108,0.091846466
0.10611,0.091846466
0.106112,0.091846466
0.106114,0.091846466
0.106116,0.091846466
0.106118,0.091846466
0.10612,0.091846466
0.106122,0.091846466
0.106124,0.091846466
0.106126,0.091846466
0.106128,0.091846466
0.10613,0.091846466
0.106132,0.091846466
0.106134,0.091846466
0.106136,0.091846466
0.106138,0.091846466
0.10614,0.091846466
0.106142,0.091846466
0.106143996,0.091846466
0.106146,0.091846466
0.106148,0.091846466
0.10615,0.091846466
0.106152,0.091846466
0.106154,0.091846466
0.106156,0.091846466
0.106158,0.091846466
0.10616,0.091846466
0.106162,0.091846466
0.106164,0.091846466
0.106166,0.091846466
0.106168,0.091846466
0.10617,0.091846466
0.106172,0.091846466
0.106174,0.091846466
0.106176,0.091846466
0.106178,0.091846466
0.10618,0.091846466
0.106182,0.091846466
0.106184,0.091846466
0.106186,0.091846466
0.106188,0.091846466
0.10619,0.091846466
0.106192,0.091846466
0.106194,0.091846466
0.106196,0.091846466
0.106198,0.091846466
0.1062,0.091846466
0.106202,0.091846466
0.106204,0.091846466
0.106206,0.091846466
0.106208,0.091846466
0.10621,0.091846466
0.106212,0.091846466
0.106214,0.091846466
0.106216,0.091846466
0.106218,0.091846466
0.10622,0.091846466
0.106221996,0.091846466
0.106224,0.091846466
0.106226,0.091846466
0.106228,0.091846466
0.10623,0.091846466
0.106232,0.091846466
0.106234,0.091846466
0.106236,0.091846466
0.106238,0.091846466
0.10624,0.091846466
0.106242,0.091846466
0.106244,0.091846466
0.106246,0.091846466
0.106248,0.091846466
0.10625,0.091846466
0.106252,0.091846466
0.106254,0.091846466
0.106256,0.091846466
0.106258,0.091846466
0.10626,0.091846466
0.106262,0.091846466
0.106264,0.091846466
0.106266,0.091846466
0.106267996,0.091846466
0.10627,0.091846466
0.106272,0.091846466
0.106274,0.091846466
0.106276,0.091846466
0.106278,0.091846466
0.10628,0.091846466
0.106282,0.091846466
0.106284,0.091846466
0.106286,0.091846466
0.106288,0.091846466
0.10629,0.091846466
0.106292,0.091846466
0.106294,0.091846466
0.106296,0.091846466
0.106298,0.091846466
0.1063,0.091846466
0.106302,0.091846466
0.106304,0.091846466
0.106306,0.091846466
0.106308,0.091846466
0.10631,0.091846466
0.106312,0.091846466
0.106313996,1.2938623
0.106316,1.3400936
0.106318,1.3400936
0.10632,1.3863249
0.106322,1.3863249
0.106324,1.3863249
0.106326,1.3863249
0.106328,1.3863249
0.10633,1.3863249
0.106332,1.3863249
0.106334,1.3863249
0.106336,1.3863249
0.106338,1.3863249
0.10634,1.3863249
0.106342,1.3863249
0.106344,1.3863249
0.106345996,1.3863249
0.106348,1.3863249
0.10635,1.3863249
0.106352,1.3863249
0.106354,1.3863249
0.106356,1.3863249
0.106358,1.3863249
0.10636,1.3863249
0.106362,1.3863249
0.106364,1.3863249
0.106366,1.3863249
0.106368,1.3863249
0.10637,1.3863249
0.106372,1.3863249
0.106374,1.3863249
0.106376,1.3863249
0.106378,1.3863249
0.10638,1.3863249
0.106382,1.3863249
0.106384,1.3863249
0.106386,1.3863249
0.106388,1.3863249
0.10639,1.3863249
0.106391996,1.3863249
0.106394,1.3863249
0.106396,1.3863249
0.106398,1.3863249
0.1064,1.3863249
0.106402,1.3863249
0.106404,1.3863249
0.106406,1.3863249
0.106408,1.3863249
0.10641,1.3863249
0.106412,1.3863249
0.106414,1.3863249
0.106416,1.3863249
0.106418,1.3863249
0.10642,1.3863249
0.106422,1.3863249
0.106424,1.3863249
0.106426,1.3863249
0.106428,1.3863249
0.10643,1.3863249
0.106432,1.3863249
0.106434,1.3863249
0.106436,1.3863249
0.106437996,1.3863249
0.10644,1.3863249
0.106442,1.3863249
0.106444,1.3863249
0.106446,1.3863249
0.106448,1.3863249
0.10645,1.3863249
0.106452,1.3863249
0.106454,1.3863249
0.106456,1.3863249
0.106458,1.3863249
0.10646,1.3863249
0.106462,1.3863249
0.106464,1.3863249
0.106466,1.3863249
0.106468,1.3863249
0.106469996,1.3863249
0.106472,1.3863249
0.106474,1.3863249
0.106476,1.3863249
0.106478,1.3863249
0.10648,1.3863249
0.106482,1.3863249
0.106484,1.3863249
0.106486,1.3863249
0.106488,1.3863249
0.10649,1.3863249
0.106492,1.3863249
0.106494,1.3863249
0.106496,1.3863249
0.106498,1.3863249
0.1065,1.3863249
0.106502,1.3863249
0.106504,1.3863249
0.106506,1.3863249
0.106508,1.3863249
0.10651,1.3863249
0.106512,1.3863249
0.106514,1.3863249
0.106515996,1.3863249
0.106518,1.3863249
0.10652,1.3863249
0.106522,1.3863249
0.106524,1.3863249
0.106526,1.3863249
0.106528,1.3863249
0.10653,1.3863249
0.106532,1.3863249
0.106534,1.3863249
0.106536,1.3863249
0.106538,1.3863249
0.10654,1.3863249
0.106542,1.3863249
0.106544,1.3863249
0.106546,1.3863249
0.106548,1.3863249
0.10655,1.3863249
0.106552,1.3863249
0.106554,1.3863249
0.106556,1.3863249
0.106558,1.3863249
0.10656,1.3863249
0.106561996,1.3863249
0.106564,1.3863249
0.106566,1.3863249
0.106568,1.3863249
0.10657,1.3863249
0.106572,1.3863249
0.106574,1.3863249
0.106576,1.3863249
0.106578,1.3863249
0.10658,1.3863249
0.106582,1.3863249
0.106584,1.3863249
0.106586,1.3863249
0.106588,1.3863249
0.10659,1.3863249
0.106592,1.3863249
0.106594,1.3863249
0.106596,1.3863249
0.106598,1.3863249
0.1066,1.3863249
0.106602,1.3863249
0.106604,1.3863249
0.106606,1.3863249
0.106608,1.3863249
0.10661,1.3863249
0.106612,1.3863249
0.106614,1.3863249
0.106616,1.3863249
0.106618,1.3863249
0.10662,1.3863249
0.106622,1.3863249
0.106624,1.3863249
0.106626,1.3863249
0.106628,1.3863249
0.10663,1.3863249
0.106632,1.3863249
0.106634,1.3863249
0.106636,1.3863249
0.106638,1.3863249
0.106639996,1.3863249
0.106642,1.3863249
0.106644,1.3863249
0.106646,1.3863249
0.106648,1.3863249
0.10665,1.3863249
0.106652,1.3863249
0.106654,1.3863249
0.106656,1.3863249
0.106658,1.3863249
0.10666,1.3863249
0.106662,1.3863249
0.106664,1.3863249
0.106666,1.3863249
0.106668,2.542109
0.10667,2.6345725
0.106672,2.6345725
0.106674,2.6345725
0.106676,2.6345725
0.106678,2.6345725
0.10668,2.6345725
0.106682,2.6345725
0.106684,2.6808028
0.106685996,2.6808028
0.106688,2.6808028
0.10669,2.6808028
0.106692,2.6808028
0.106694,2.6808028
0.106696,2.6808028
0.106698,2.6808028
0.1067,2.6808028
0.106702,2.6808028
0.106704,2.6808028
0.106706,2.6808028
0.106708,2.6808028
0.10671,2.6808028
0.106712,2.6808028
0.106714,2.6808028
0.106716,2.6808028
0.106718,2.6808028
0.10672,2.6808028
0.106722,2.6808028
0.106724,2.6808028
0.106726,2.6808028
0.106728,2.6808028
0.10673,2.6808028
0.106732,2.6808028
0.106734,2.6808028
0.106736,2.6808028
0.106738,2.6808028
0.10674,2.6808028
0.106742,2.6808028
0.106744,2.6808028
0.106746,2.6808028
0.106748,2.6808028
0.10675,2.6808028
0.106752,2.6808028
0.106754,2.6808028
0.106756,2.6808028
0.106758,2.6808028
0.10676,2.6808028
0.106762,2.6808028
0.106763996,2.6808028
0.106766,2.6808028
0.106768,2.6808028
0.10677,2.6808028
0.106772,2.6808028
0.106774,2.6808028
0.106776,2.6808028
0.106778,2.6808028
0.10678,2.6808028
0.106782,2.6808028
0.106784,2.6808028
0.106786,2.6808028
0.106788,2.6808028
0.10679,2.6808028
0.106792,2.6808028
0.106794,2.6808028
0.106796,2.6808028
0.106798,2.6808028
0.1068,2.6808028
0.106802,2.6808028
0.106804,2.6808028
0.106806,2.6808028
0.106808,2.6808028
0.106809996,2.6808028
0.106812,2.6808028
0.106814,2.6808028
0.106816,2.6808028
0.106818,2.6808028
0.10682,2.6808028
0.106822,2.6808028
0.106824,2.6808028
0.106826,2.6808028
0.106828,2.6808028
0.10683,2.6808028
0.106832,2.6808028
0.106834,2.6808028
0.106836,2.6808028
0.106838,2.6808028
0.10684,2.6808028
0.106842,2.6808028
0.106844,2.6808028
0.106846,2.6808028
0.106848,2.6808028
0.10685,2.6808028
0.106852,2.6808028
0.106854,2.6808028
0.106856,2.6808028
0.106858,2.6808028
0.10686,2.6808028
0.106862,2.6808028
0.106864,2.6808028
0.106866,2.6808028
0.106868,2.6808028
0.10687,2.6808028
0.106872,2.6808028
0.106874,2.6808028
0.106876,2.6808028
0.106878,2.6808028
0.10688,2.6808028
0.106882,2.6808028
0.106884,2.6808028
0.106886,2.6808028
0.106887996,2.6808028
0.10689,2.6808028
0.106892,2.6808028
0.106894,2.6808028
0.106896,2.6808028
0.106898,2.6808028
0.1069,2.6808028
0.106902,2.6808028
0.106904,2.6808028
0.106906,2.6808028
0.106908,2.6808028
0.10691,2.6808028
0.106912,2.6808028
0.106914,2.6808028
0.106916,2.6808028
0.106918,2.6808028
0.10692,2.6808028
0.106922,2.6808028
0.106924,2.6808028
0.106926,2.6808028
0.106928,2.6808028
0.10693,2.6808028
0.106932,2.6808028
0.106933996,2.6808028
0.106936,2.6808028
0.106938,2.6808028
0.10694,2.6808028
0.106942,2.6808028
0.106944,2.6808028
0.106946,2.6808028
0.106948,2.6808028
0.10695,2.6808028
0.106952,2.6808028
0.106954,2.6808028
0.106956,2.6808028
0.106958,2.6808028
0.10696,2.6808028
0.106962,2.6808028
0.106964,2.6808028
0.106966,2.6808028
0.106968,2.6808028
0.10697,2.6808028
0.106972,2.6808028
0.106974,2.6808028
0.106976,2.6808028
0.106978,2.6808028
0.10698,2.6808028
0.106982,2.6808028
0.106984,2.6808028
0.106986,2.6808028
0.106988,2.6808028
0.10699,2.6808028
0.106992,2.6808028
0.106994,3.744125
0.106996,3.92905
0.106998,3.92905
0.107,3.92905
0.107002,3.92905
0.107004,3.9752812
0.107006,3.9752812
0.107008,3.9752812
0.10701,3.9752812
0.107011996,3.9752812
0.107014,3.9752812
0.107016,3.9752812
0.107018,3.9752812
0.10702,3.9752812
0.107022,3.9752812
0.107024,3.9752812
0.107026,3.9752812
0.107028,3.9752812
0.10703,3.9752812
0.107032,3.9752812
0.107034,3.9752812
0.107036,3.9752812
0.107038,3.9752812
0.10704,3.9752812
0.107042,3.9752812
0.107044,3.9752812
0.107046,3.9752812
0.107048,3.9752812
0.10705,3.9752812
0.107052,3.9752812
0.107054,3.9752812
0.107056,3.9752812
0.107057996,3.9752812
0.10706,3.9752812
0.107062,3.9752812
0.107064,3.9752812
0.107066,3.9752812
0.107068,3.9752812
0.10707,3.9752812
0.107072,3.9752812
0.107074,3.9752812
0.107076,3.9752812
0.107078,3.9752812
0.10708,3.9752812
0.107082,3.9752812
0.107084,3.9752812
0.107086,3.9752812
0.107088,3.9752812
0.10709,3.9752812
0.107092,3.9752812
0.107094,3.9752812
0.107096,3.9752812
0.107098,3.9752812
0.1071,3.9752812
0.107102,3.9752812
0.107104,3.9752812
0.107106,3.9752812
0.107108,3.9752812
0.10711,3.9752812
0.107112,3.9752812
0.107114,3.9752812
0.107116,3.9752812
0.107118,3.9752812
0.10712,3.9752812
0.107122,3.9752812
0.107124,3.9752812
0.107126,3.9752812
0.107128,3.9752812
0.10713,3.9752812
0.107132,3.9752812
0.107134,3.9752812
0.107135996,3.9752812
0.107138,3.9752812
0.10714,3.9752812
0.107142,3.9752812
0.107144,3.9752812
0.107146,3.9752812
0.107148,3.9752812
0.10715,3.9752812
0.107152,3.9752812
0.107154,3.9752812
0.107156,3.9752812
0.107158,3.9752812
0.10716,3.9752812
0.107162,3.9752812
0.107164,3.9752812
0.107166,3.9752812
0.107168,3.9752812
0.10717,3.9752812
0.107172,3.9752812
0.107174,3.9752812
0.107176,3.9752812
0.107178,3.9752812
0.10718,3.9752812
0.107181996,3.9752812
0.107184,3.9752812
0.107186,3.9752812
0.107188,3.9752812
0.10719,3.9752812
0.107192,3.9752812
0.107194,3.9752812
0.107196,3.9752812
0.107198,3.9752812
0.1072,3.9752812
0.107202,3.9752812
0.107204,3.9752812
0.107206,3.9752812
0.107208,3.9752812
0.10721,3.9752812
0.107212,3.9752812
0.107214,3.9752812
0.107216,3.9752812
0.107218,3.9752812
0.10722,3.9752812
0.107222,3.9752812
0.107224,3.9752812
0.107226,3.9752812
0.107228,3.9752812
0.10723,3.9752812
0.107232,3.9752812
0.107234,3.9752812
0.107236,3.9752812
0.107238,3.9752812
0.10724,3.9752812
0.107242,3.9752812
0.107244,3.9752812
0.107246,3.9752812
0.107248,3.9752812
0.10725,3.9752812
0.107252,3.9752812
0.107254,3.9752812
0.107256,3.9752812
0.107258,3.9752812
0.107259996,3.9752812
0.107262,3.9752812
0.107264,3.9752812
0.107266,3.9752812
0.107268,3.9752812
0.10727,3.9752812
0.107272,3.9752812
0.107274,3.9752812
0.107276,3.9752812
0.107278,3.9752812
0.10728,3.9752812
0.107282,3.9752812
0.107284,3.9752812
0.107286,3.9752812
0.107288,3.9752812
0.10729,3.9752812
0.107292,3.9752812
0.107294,3.9752812
0.107296,3.9752812
0.107298,3.9752812
0.1073,3.9752812
0.107302,3.9752812
0.107304,3.9752812
0.107305996,3.9752812
0.107308,3.9752812
0.10731,3.9752812
0.107312,3.9752812
0.107314,3.9752812
0.107316,3.9752812
0.107318,3.9752812
0.10732,3.9752812
0.107322,3.9752812
0.107324,3.9752812
0.107326,3.9752812
0.107328,3.9752812
0.10733,3.9752812
0.107332,3.9752812
0.107334,3.9752812
0.107336,3.9752812
0.107338,3.9752812
0.10734,3.9752812
0.107342,3.9752812
0.107344,3.9752812
0.107346,3.9752812
0.107348,3.9752812
0.10735,3.9752812
0.107351996,3.9752812
0.107354,3.9752812
0.107356,3.9752812
0.107358,3.9752812
0.10736,3.9752812
0.107362,3.9752812
0.107364,3.9752812
0.107366,3.9752812
0.107368,3.9752812
0.10737,3.9752812
0.107372,3.9752812
0.107374,3.9752812
0.107376,3.9752812
0.107378,3.9752812
0.10738,3.9752812
0.107382,3.9752812
0.107383996,3.9752812
0.107386,3.9752812
0.107388,3.9752812
0.10739,3.9752812
0.107392,3.9752812
0.107394,3.9752812
0.107396,3.9752812
0.107398,3.9752812
0.1074,3.9752812
0.107402,3.9752812
0.107404,3.9752812
0.107406,3.9752812
0.107408,3.9752812
0.10741,3.9752812
0.107412,3.9752812
0.107414,3.9752812
0.107416,3.9752812
0.107418,3.9752812
0.10742,3.9752812
0.107422,3.9752812
0.107424,3.9752812
0.107426,3.9752812
0.107428,3.9752812
0.107429996,3.9752812
0.107432,3.9752812
0.107434,3.9752812
0.107436,3.9752812
0.107438,3.9752812
0.10744,3.9752812
0.107442,3.9752812
0.107444,3.9752812
0.107446,3.9752812
0.107448,3.9752812
0.10745,3.9752812
0.107452,3.9752812
0.107454,3.9752812
0.107456,3.9752812
0.107458,3.9752812
0.10746,3.9752812
0.107462,3.9752812
0.107464,3.9752812
0.107466,3.9752812
0.107468,3.9752812
0.10747,3.9752812
0.107472,3.9752812
0.107474,3.9752812
0.107475996,3.9752812
0.107478,3.9752812
0.10748,3.9752812
0.107482,3.9752812
0.107484,3.9752812
0.107486,3.9752812
0.107488,3.9752812
0.10749,3.9752812
0.107492,3.9752812
0.107494,3.9752812
0.107496,3.9752812
0.107498,3.9752812
0.1075,3.9752812
0.107502,3.9752812
0.107504,3.9752812
0.107506,3.9752812
0.107507996,3.9752812
0.10751,3.9752812
0.107512,3.9752812
0.107514,3.9752812
0.107516,3.9752812
0.107518,3.9752812
0.10752,3.9752812
0.107522,3.9752812
0.107524,3.9752812
0.107526,3.9752812
0.107528,3.9752812
0.10753,3.9752812
0.107532,3.9752812
0.107534,3.9752812
0.107536,3.9752812
0.107538,3.9752812
0.10754,3.9752812
0.107542,3.9752812
0.107544,3.9752812
0.107546,3.9752812
0.107548,3.9752812
0.10755,3.9752812
0.107552,3.9752812
0.107553996,3.9752812
0.107556,3.9752812
0.107558,3.9752812
0.10756,3.9752812
0.107562,3.9752812
0.107564,3.9752812
0.107566,3.9752812
0.107568,3.9752812
0.10757,3.9752812
0.107572,3.9752812
0.107574,3.9752812
0.107576,3.9752812
0.107578,3.9752812
0.10758,3.9752812
0.107582,3.9752812
0.107584,3.9752812
0.107586,3.9752812
0.107588,3.9752812
0.10759,3.9752812
0.107592,3.9752812
0.107594,3.9752812
0.107596,3.9752812
0.107598,3.9752812
0.107599996,3.9752812
0.107602,3.9752812
0.107604,3.9752812
0.107606,3.9752812
0.107608,3.9752812
0.10761,3.9752812
0.107612,3.9752812
0.107614,3.9752812
0.107616,3.9752812
0.107618,3.9752812
0.10762,3.9752812
0.107622,3.9752812
0.107624,3.9752812
0.107626,3.9752812
0.107628,3.9752812
0.10763,3.9752812
0.107631996,3.9752812
0.107634,3.9752812
0.107636,3.9752812
0.107638,3.9752812
0.10764,3.9752812
0.107642,3.9752812
0.107644,3.9752812
0.107646,3.9752812
0.107648,3.9752812
0.10765,3.9752812
0.107652,3.9752812
0.107654,3.9752812
0.107656,3.9752812
0.107658,3.9752812
0.10766,3.9752812
0.107662,3.9752812
0.107664,3.9752812
0.107666,3.9752812
0.107668,3.9752812
0.10767,3.9752812
0.107672,3.9752812
0.107674,3.9752812
0.107676,3.9752812
0.107677996,3.9752812
0.10768,3.9752812
0.107682,3.9752812
0.107684,3.9752812
0.107686,3.9752812
0.107688,3.9752812
0.10769,3.9752812
0.107692,3.9752812
0.107694,3.9752812
0.107696,3.9752812
0.107698,3.9752812
0.1077,3.9752812
0.107702,3.9752812
0.107704,3.9752812
0.107706,3.9752812
0.107708,3.9752812
0.10771,3.9752812
0.107712,3.9752812
0.107714,3.9752812
0.107716,3.9752812
0.107718,3.9752812
0.10772,3.9752812
0.107722,3.9752812
0.107723996,3.9752812
0.107726,3.9752812
0.107728,3.9752812
0.10773,3.9752812
0.107732,3.9752812
0.107734,3.9752812
0.107736,3.9752812
0.107738,3.9752812
0.10774,3.9752812
0.107742,3.9752812
0.107744,3.9752812
0.107746,3.9752812
0.107748,3.9752812
0.10775,3.9752812
0.107752,3.9752812
0.107754,3.9752812
0.107756,3.9752812
0.107758,3.9752812
0.10776,3.9752812
0.107762,3.9752812
0.107764,3.9752812
0.107766,3.9752812
0.107768,3.9752812
0.10777,3.9752812
0.107772,3.9752812
0.107774,3.9752812
0.107776,3.9752812
0.107778,3.9752812
0.10778,3.9752812
0.107782,3.9752812
0.107784,3.9752812
0.107786,3.9752812
0.107788,3.9752812
0.10779,3.9752812
0.107792,3.9752812
0.107794,3.9752812
0.107796,3.9752812
0.107798,3.9752812
0.1078,3.9752812
0.107801996,3.9752812
0.107804,3.9752812
0.107806,3.9752812
0.107808,3.9752812
0.10781,3.9752812
0.107812,3.9752812
0.107814,3.9752812
0.107816,3.9752812
0.107818,3.9752812
0.10782,3.9752812
0.107822,3.9752812
0.107824,3.9752812
0.107826,3.9752812
0.107828,3.9752812
0.10783,3.9752812
0.107832,3.9752812
0.107834,3.9752812
0.107836,3.9752812
0.107838,3.9752812
0.10784,3.9752812
0.107842,3.9752812
0.107844,3.9752812
0.107846,3.9752812
0.107847996,3.9752812
0.10785,3.9752812
0.107852,3.9752812
0.107854,3.9752812
0.107856,3.9752812
0.107858,3.9752812
0.10786,3.9752812
0.107862,3.9752812
0.107864,3.9752812
0.107866,3.9752812
0.107868,3.9752812
0.10787,3.9752812
0.107872,3.9752812
0.107874,3.9752812
0.107876,3.9752812
0.107878,3.9752812
0.10788,3.9752812
0.107882,3.9752812
0.107884,3.9752812
0.107886,3.9752812
0.107888,3.9752812
0.10789,3.9752812
0.107892,3.9752812
0.107894,3.9752812
0.107896,3.9752812
0.107898,3.9752812
0.1079,3.9752812
0.107902,3.9752812
0.107904,3.9752812
0.107906,3.9752812
0.107908,3.9752812
0.10791,3.9752812
0.107912,3.9752812
0.107914,3.9752812
0.107916,3.9752812
0.107918,3.9752812
0.10792,3.9752812
0.107922,3.9752812
0.107924,3.9752812
0.107925996,3.9752812
0.107928,3.9752812
0.10793,3.9752812
0.107932,3.9752812
0.107934,3.9752812
0.107936,3.9752812
0.107938,3.9752812
0.10794,3.9752812
0.107942,3.9752812
0.107944,3.9752812
0.107946,3.9752812
0.107948,3.9752812
0.10795,3.9752812
0.107952,3.9752812
0.107954,3.9752812
0.107956,3.9752812
0.107958,3.9752812
0.10796,3.9752812
0.107962,3.9752812
0.107964,3.9752812
0.107966,3.9752812
0.107968,3.9752812
0.10797,3.9752812
0.107971996,3.9752812
0.107974,3.9752812
0.107976,3.9752812
0.107978,3.9752812
0.10798,3.9752812
0.107982,3.9752812
0.107984,3.9752812
0.107986,3.9752812
0.107988,3.9752812
0.10799,3.9752812
0.107992,3.9752812
0.107994,3.9752812
0.107996,3.9752812
0.107998,3.9752812
0.108,3.9752812
0.108002,3.9752812
0.108004,3.9752812
0.108006,3.9752812
0.108008,3.9752812
0.10801,3.9752812
0.108012,3.9752812
0.108014,3.9752812
0.108016,3.9752812
0.108018,3.9752812
0.10802,3.9752812
0.108022,3.9752812
0.108024,3.9752812
0.108026,3.9752812
0.108028,3.9752812
0.10803,3.9752812
0.108032,3.9752812
0.108034,3.9752812
0.108036,3.9752812
0.108038,3.9752812
0.10804,3.9752812
0.108042,3.9752812
0.108044,3.9752812
0.108046,3.9752812
0.108048,3.9752812
0.108049996,3.9752812
0.108052,3.9752812
0.108054,3.9752812
0.108056,3.9752812
0.108058,3.9752812
0.10806,3.9752812
0.108062,3.9752812
0.108064,3.9752812
0.108066,3.9752812
0.108068,3.9752812
0.10807,3.9752812
0.108072,3.9752812
0.108074,3.9752812
0.108076,3.9752812
0.108078,3.9752812
0.10808,3.9752812
0.108082,3.9752812
0.108084,3.9752812
0.108086,3.9752812
0.108088,3.9752812
0.10809,3.9752812
0.108092,3.9752812
0.108094,3.9752812
0.108095996,3.9752812
0.108098,3.9752812
0.1081,3.9752812
0.108102,3.9752812
0.108104,3.9752812
0.108106,3.9752812
0.108108,3.9752812
0.10811,3.9752812
0.108112,3.9752812
0.108114,3.9752812
0.108116,3.9752812
0.108118,3.9752812
0.10812,3.9752812
0.108122,3.9752812
0.108124,3.9752812
0.108126,3.9752812
0.108128,3.9752812
0.10813,3.9752812
0.108132,3.9752812
0.108134,3.9752812
0.108136,3.4667363
0.108138,2.7732663
0.10814,2.727035
0.108142,2.727035
0.108144,2.727035
0.108146,2.727035
0.108148,2.727035
0.10815,2.727035
0.108152,2.727035
0.108154,2.727035
0.108156,2.6808028
0.108158,2.6808028
0.10816,2.6808028
0.108162,2.6808028
0.108164,2.6808028
0.108166,2.6808028
0.108168,2.6808028
0.10817,2.6808028
0.108172,2.6808028
0.108173996,2.6808028
0.108176,2.6808028
0.108178,2.6808028
0.10818,2.6808028
0.108182,2.6808028
0.108184,2.6808028
0.108186,2.6808028
0.108188,2.6808028
0.10819,2.6808028
0.108192,2.6808028
0.108194,2.6808028
0.108196,2.6808028
0.108198,2.6808028
0.1082,2.6808028
0.108202,2.6808028
0.108204,2.6808028
0.108206,2.6808028
0.108208,2.6808028
0.10821,2.6808028
0.108212,2.6808028
0.108214,2.6808028
0.108216,2.6808028
0.108218,2.6808028
0.108219996,2.6808028
0.108222,2.6808028
0.108224,2.6808028
0.108226,2.6808028
0.108228,2.6808028
0.10823,2.6808028
0.108232,2.6808028
0.108234,2.6808028
0.108236,2.6808028
0.108238,2.6808028
0.10824,2.6808028
0.108242,2.6808028
0.108244,2.6808028
0.108246,2.6808028
0.108248,2.6808028
0.10825,2.6808028
0.108252,2.6808028
0.108254,2.6808028
0.108256,2.6808028
0.108258,2.6808028
0.10826,2.6808028
0.108262,2.6808028
0.108264,2.6808028
0.108266,2.6808028
0.108268,2.6808028
0.10827,2.6808028
0.108272,2.6808028
0.108274,2.6808028
0.108276,2.6808028
0.108278,2.6808028
0.10828,2.6808028
0.108282,2.6808028
0.108284,2.6808028
0.108286,2.6808028
0.108288,2.6808028
0.10829,2.6808028
0.108292,2.6808028
0.108294,2.6808028
0.108296,2.6808028
0.108297996,2.6808028
0.1083,2.6808028
0.108302,2.6808028
0.108304,2.6808028
0.108306,2.6808028
0.108308,2.6808028
0.10831,2.6808028
0.108312,2.6808028
0.108314,2.6808028
0.108316,2.6808028
0.108318,2.6808028
0.10832,2.6808028
0.108322,2.6808028
0.108324,2.6808028
0.108326,2.6808028
0.108328,2.6808028
0.10833,2.6808028
0.108332,2.6808028
0.108334,2.6808028
0.108336,2.6808028
0.108338,2.6808028
0.10834,2.6808028
0.108342,2.6808028
0.108343996,2.6808028
0.108346,2.6808028
0.108348,2.6808028
0.10835,2.6808028
0.108352,2.6808028
0.108354,2.6808028
0.108356,2.6808028
0.108358,2.6808028
0.10836,2.6808028
0.108362,2.6808028
0.108364,2.6808028
0.108366,2.6808028
0.108368,2.6808028
0.10837,2.6808028
0.108372,2.6808028
0.108374,2.6808028
0.108376,2.6808028
0.108378,2.6808028
0.10838,2.6808028
0.108382,2.6808028
0.108384,2.6808028
0.108386,2.6808028
0.108388,2.6808028
0.10839,2.6808028
0.108392,2.6808028
0.108394,2.6808028
0.108396,2.6808028
0.108398,2.6808028
0.1084,2.6808028
0.108402,2.6808028
0.108404,2.6808028
0.108406,2.6808028
0.108408,2.6808028
0.10841,2.6808028
0.108412,2.6808028
0.108414,2.6808028
0.108416,2.6808028
0.108418,2.6808028
0.10842,2.6808028
0.108421996,2.6808028
0.108424,2.6808028
0.108426,2.6808028
0.108428,2.6808028
0.10843,2.6808028
0.108432,2.6808028
0.108434,2.6808028
0.108436,2.6808028
0.108438,2.6808028
0.10844,2.6808028
0.108442,2.6808028
0.108444,2.6808028
0.108446,2.6808028
0.108448,2.6808028
0.10845,2.6808028
0.108452,2.6808028
0.108454,2.6808028
0.108456,2.6808028
0.108458,2.6808028
0.10846,2.6808028
0.108462,2.6808028
0.108464,1.5250192
0.108466,1.4325566
0.108467996,1.4325566
0.10847,1.4325566
0.108472,1.4325566
0.108474,1.4325566
0.108476,1.4325566
0.108478,1.4325566
0.10848,1.4325566
0.108482,1.4325566
0.108484,1.4325566
0.108486,1.4325566
0.108488,1.4325566
0.10849,1.4325566
0.108492,1.4325566
0.108494,1.4325566
0.108496,1.4325566
0.108498,1.4325566
0.1085,1.4325566
0.108502,1.4325566
0.108504,1.3863249
0.108506,1.3863249
0.108508,1.3863249
0.10851,1.3863249
0.108512,1.3863249
0.108513996,1.3863249
0.108516,1.3863249
0.108518,1.3863249
0.10852,1.3863249
0.108522,1.3863249
0.108524,1.3863249
0.108526,1.3863249
0.108528,1.3863249
0.10853,1.3863249
0.108532,1.3863249
0.108534,1.3863249
0.108536,1.3863249
0.108538,1.3863249
0.10854,1.3863249
0.108542,1.3863249
0.108544,1.3863249
0.108545996,1.3863249
0.108548,1.3863249
0.10855,1.3863249
0.108552,1.3863249
0.108554,1.3863249
0.108556,1.3863249
0.108558,1.3863249
0.10856,1.3863249
0.108562,1.3863249
0.108564,1.3863249
0.108566,1.3863249
0.108568,1.3863249
0.10857,1.3863249
0.108572,1.3863249
0.108574,1.3863249
0.108576,1.3863249
0.108578,1.3863249
0.10858,1.3863249
0.108582,1.3863249
0.108584,1.3863249
0.108586,1.3863249
0.108588,1.3863249
0.10859,1.3863249
0.108591996,1.3863249
0.108594,1.3863249
0.108596,1.3863249
0.108598,1.3863249
0.1086,1.3863249
0.108602,1.3863249
0.108604,1.3863249
0.108606,1.3863249
0.108608,1.3863249
0.10861,1.3863249
0.108612,1.3863249
0.108614,1.3863249
0.108616,1.3863249
0.108618,1.3863249
0.10862,1.3863249
0.108622,1.3863249
0.108624,1.3863249
0.108626,1.3863249
0.108628,1.3863249
0.10863,1.3863249
0.108632,1.3863249
0.108634,1.3863249
0.108636,1.3863249
0.108637996,1.3863249
0.10864,1.3863249
0.108642,1.3863249
0.108644,1.3863249
0.108646,1.3863249
0.108648,1.3863249
0.10865,1.3863249
0.108652,1.3863249
0.108654,1.3863249
0.108656,1.3863249
0.108658,1.3863249
0.10866,1.3863249
0.108662,1.3863249
0.108664,1.3863249
0.108666,1.3863249
0.108668,1.3863249
0.108669996,1.3863249
0.108672,1.3863249
0.108674,1.3863249
0.108676,1.3863249
0.108678,1.3863249
0.10868,1.3863249
0.108682,1.3863249
0.108684,1.3863249
0.108686,1.3863249
0.108688,1.3863249
0.10869,1.3863249
0.108692,1.3863249
0.108694,1.3863249
0.108696,1.3863249
0.108698,1.3863249
0.1087,1.3863249
0.108702,1.3863249
0.108704,1.3863249
0.108706,1.3863249
0.108708,1.3863249
0.10871,1.3863249
0.108712,1.3863249
0.108714,1.3863249
0.108715996,1.3863249
0.108718,1.3863249
0.10872,1.3863249
0.108722,1.3863249
0.108724,1.3863249
0.108726,1.3863249
0.108728,1.3863249
0.10873,1.3863249
0.108732,1.3863249
0.108734,1.3863249
0.108736,1.3863249
0.108738,1.3863249
0.10874,1.3863249
0.108742,1.3863249
0.108744,1.3863249
0.108746,1.3863249
0.108748,1.3863249
0.10875,1.3863249
0.108752,1.3863249
0.108754,1.3863249
0.108756,1.3863249
0.108758,1.3863249
0.10876,1.3863249
0.108761996,1.3863249
0.108764,1.3863249
0.108766,1.3863249
0.108768,1.3863249
0.10877,1.3863249
0.108772,1.3863249
0.108774,1.3863249
0.108776,1.3863249
0.108778,1.3863249
0.10878,1.3863249
0.108782,1.3863249
0.108784,1.3863249
0.108786,1.3863249
0.108788,1.3863249
0.10879,1.3863249
0.108792,1.3863249
0.108793996,1.3863249
0.108796,1.3863249
0.108798,1.3863249
0.1088,1.3863249
0.108802,1.3863249
0.108804,1.3863249
0.108806,1.3863249
0.108808,1.3863249
0.10881,1.3863249
0.108812,1.3863249
0.108814,1.3863249
0.108816,1.4325566
0.108818,0.184309
0.10882,0.13807821
0.108822,0.13807821
0.108824,0.13807821
0.108826,0.13807821
0.108828,0.13807821
0.10883,0.13807821
0.108832,0.13807821
0.108834,0.13807821
0.108836,0.13807821
0.108838,0.13807821
0.108839996,0.13807821
0.108842,0.091846466
0.108844,0.091846466
0.108846,0.091846466
0.108848,0.091846466
0.10885,0.091846466
0.108852,0.091846466
0.108854,0.091846466
0.108856,0.091846466
0.108858,0.091846466
0.10886,0.091846466
0.108862,0.091846466
0.108864,0.091846466
0.108866,0.091846466
0.108868,0.091846466
0.10887,0.091846466
0.108872,0.091846466
0.108874,0.091846466
0.108876,0.091846466
0.108878,0.091846466
0.10888,0.091846466
0.108882,0.091846466
0.108884,0.091846466
0.108885996,0.091846466
0.108888,0.091846466
0.10889,0.091846466
0.108892,0.091846466
0.108894,0.091846466
0.108896,0.091846466
0.108898,0.091846466
0.1089,0.091846466
0.108902,0.091846466
0.108904,0.091846466
0.108906,0.091846466
0.108908,0.091846466
0.10891,0.091846466
0.108912,0.091846466
0.108914,0.091846466
0.108916,0.091846466
0.108918,0.091846466
0.10892,0.091846466
0.108922,0.091846466
0.108924,0.091846466
0.108926,0.091846466
0.108928,0.091846466
0.10893,0.091846466
0.108932,0.091846466
0.108934,0.091846466
0.108936,0.091846466
0.108938,0.091846466
0.10894,0.091846466
0.108942,0.091846466
0.108944,0.091846466
0.108946,0.091846466
0.108948,0.091846466
0.10895,0.091846466
0.108952,0.091846466
0.108954,0.091846466
0.108956,0.091846466
0.108958,0.091846466
0.10896,0.091846466
0.108962,0.091846466
0.108963996,0.091846466
0.108966,0.091846466
0.108968,0.091846466
0.10897,0.091846466
0.108972,0.091846466
0.108974,0.091846466
0.108976,0.091846466
0.108978,0.091846466
0.10898,0.091846466
0.108982,0.091846466
0.108984,0.091846466
0.108986,0.091846466
0.108988,0.091846466
0.10899,0.091846466
0.108992,0.091846466
0.108994,0.091846466
0.108996,0.091846466
0.108998,0.091846466
0.109,0.091846466
0.109002,0.091846466
0.109004,0.091846466
0.109006,0.091846466
0.109008,0.091846466
0.109009996,0.091846466
0.109012,0.091846466
0.109014,0.091846466
0.109016,0.091846466
0.109018,0.091846466
0.10902,0.091846466
0.109022,0.091846466
0.109024,0.091846466
0.109026,0.091846466
0.109028,0.091846466
0.10903,0.091846466
0.109032,0.091846466
0.109034,0.091846466
0.109036,0.091846466
0.109038,0.091846466
0.10904,0.091846466
0.109042,0.091846466
0.109044,0.091846466
0.109046,0.091846466
0.109048,0.091846466
0.10905,0.091846466
0.109052,0.091846466
0.109054,0.091846466
0.109056,0.091846466
0.109058,0.091846466
0.10906,0.091846466
0.109062,0.091846466
0.109064,0.091846466
0.109066,0.091846466
0.109068,0.091846466
0.10907,0.091846466
0.109072,0.091846466
0.109074,0.091846466
0.109076,0.091846466
0.109078,0.091846466
0.10908,0.091846466
0.109082,0.091846466
0.109084,0.091846466
0.109086,0.091846466
0.109087996,0.091846466
0.10909,0.091846466
0.109092,0.091846466
0.109094,0.091846466
0.109096,0.091846466
0.109098,0.091846466
0.1091,0.091846466
0.109102,0.091846466
0.109104,0.091846466
0.109106,0.091846466
0.109108,0.091846466
0.10911,0.091846466
0.109112,0.091846466
0.109114,0.091846466
0.109116,0.091846466
0.109118,0.091846466
0.10912,0.091846466
0.109122,0.091846466
0.109124,0.091846466
0.109126,0.091846466
0.109128,0.091846466
0.10913,0.091846466
0.109132,0.091846466
0.109133996,0.091846466
0.109136,0.091846466
0.109138,0.091846466
0.10914,0.091846466
0.109142,0.091846466
0.109144,0.091846466
0.109146,0.091846466
0.109148,0.091846466
0.10915,0.091846466
0.109152,0.091846466
0.109154,0.091846466
0.109156,0.091846466
0.109158,0.091846466
0.10916,0.091846466
0.109162,0.091846466
0.109164,0.091846466
0.109166,0.091846466
0.109168,0.091846466
0.10917,0.091846466
0.109172,0.091846466
0.109174,0.091846466
0.109176,0.091846466
0.109178,0.091846466
0.10918,0.091846466
0.109182,0.091846466
0.109184,0.091846466
0.109186,0.091846466
0.109188,0.091846466
0.10919,0.091846466
0.109192,0.091846466
0.109194,0.091846466
0.109196,0.091846466
0.109198,0.091846466
0.1092,0.091846466
0.109202,0.091846466
0.109204,0.091846466
0.109206,0.091846466
0.109208,0.091846466
0.10921,0.091846466
0.109211996,0.091846466
0.109214,0.091846466
0.109216,0.091846466
0.109218,0.091846466
0.10922,0.091846466
0.109222,0.091846466
0.109224,0.091846466
0.109226,0.091846466
0.109228,0.091846466
0.10923,0.091846466
0.109232,0.091846466
0.109234,0.091846466
0.109236,0.091846466
0.109238,0.091846466
0.10924,0.091846466
0.109242,0.091846466
0.109244,0.091846466
0.109246,0.091846466
0.109248,0.091846466
0.10925,0.091846466
0.109252,0.091846466
0.109254,0.091846466
0.109256,0.091846466
0.109257996,0.091846466
0.10926,0.091846466
0.109262,0.091846466
0.109264,0.091846466
0.109266,0.091846466
0.109268,0.091846466
0.10927,0.091846466
0.109272,0.091846466
0.109274,0.091846466
0.109276,0.091846466
0.109278,0.091846466
0.10928,0.091846466
0.109282,0.091846466
0.109284,0.091846466
0.109286,0.091846466
0.109288,0.091846466
0.10929,0.091846466
0.109292,0.091846466
0.109294,0.091846466
0.109296,0.091846466
0.109298,0.091846466
0.1093,0.091846466
0.109302,0.091846466
0.109304,0.091846466
0.109306,0.091846466
0.109308,0.091846466
0.10931,0.091846466
0.109312,0.091846466
0.109314,0.091846466
0.109316,0.091846466
0.109318,0.091846466
0.10932,0.091846466
0.109322,0.091846466
0.109324,0.091846466
0.109326,0.091846466
0.109328,0.091846466
0.10933,0.091846466
0.109332,0.091846466
0.109334,0.091846466
0.109335996,0.091846466
0.109338,0.091846466
0.10934,0.091846466
0.109342,0.091846466
0.109344,0.091846466
0.109346,0.091846466
0.109348,0.091846466
0.10935,0.091846466
0.109352,0.091846466
0.109354,0.091846466
0.109356,0.091846466
0.109358,0.091846466
0.10936,0.091846466
0.109362,0.091846466
0.109364,0.091846466
0.109366,0.091846466
0.109368,0.091846466
0.10937,0.091846466
0.109372,0.091846466
0.109374,0.091846466
0.109376,0.091846466
0.109378,0.091846466
0.10938,0.091846466
0.109381996,0.091846466
0.109384,0.091846466
0.109386,0.091846466
0.109388,0.091846466
0.10939,0.091846466
0.109392,0.091846466
0.109394,0.091846466
0.109396,0.091846466
0.109398,0.091846466
0.1094,0.091846466
0.109402,0.091846466
0.109404,0.091846466
0.109406,0.091846466
0.109408,0.091846466
0.10941,0.091846466
0.109412,0.091846466
0.109414,0.091846466
0.109416,0.091846466
0.109418,0.091846466
0.10942,0.091846466
0.109422,0.091846466
0.109424,0.091846466
0.109426,0.091846466
0.109428,0.091846466
0.10943,0.091846466
0.109432,0.091846466
0.109434,0.091846466
0.109436,0.091846466
0.109438,0.091846466
0.10944,0.091846466
0.109442,0.091846466
0.109444,0.091846466
0.109446,0.091846466
0.109448,0.091846466
0.10945,0.091846466
0.109452,0.091846466
0.109454,0.091846466
0.109456,0.091846466
0.109458,0.091846466
0.109459996,0.091846466
0.109462,0.091846466
0.109464,0.091846466
0.109466,0.091846466
0.109468,0.091846466
0.10947,0.091846466
0.109472,0.091846466
0.109474,0.091846466
0.109476,0.091846466
0.109478,0.091846466
0.10948,0.091846466
0.109482,0.091846466
0.109484,0.091846466
0.109486,0.091846466
0.109488,0.091846466
0.10949,0.091846466
0.109492,0.091846466
0.109494,0.091846466
0.109496,0.091846466
0.109498,0.091846466
0.1095,0.091846466
0.109502,0.091846466
0.109504,0.091846466
0.109505996,0.091846466
0.109508,0.091846466
0.10951,0.091846466
0.109512,0.091846466
0.109514,0.091846466
0.109516,0.091846466
0.109518,0.091846466
0.10952,0.091846466
0.109522,0.091846466
0.109524,0.091846466
0.109526,0.091846466
0.109528,0.091846466
0.10953,0.091846466
0.109532,0.091846466
0.109534,0.091846466
0.109536,0.091846466
0.109538,0.091846466
0.10954,0.091846466
0.109542,0.091846466
0.109544,0.091846466
0.109546,0.091846466
0.109548,0.091846466
0.10955,0.091846466
0.109552,0.091846466
0.109554,0.091846466
0.109556,0.091846466
0.109558,0.091846466
0.10956,0.091846466
0.109562,0.091846466
0.109564,0.091846466
0.109566,0.091846466
0.109568,0.091846466
0.10957,0.091846466
0.109572,0.091846466
0.109574,0.091846466
0.109576,0.091846466
0.109578,0.091846466
0.10958,0.091846466
0.109582,0.091846466
0.109583996,0.091846466
0.109586,0.091846466
0.109588,0.091846466
0.10959,0.091846466
0.109592,0.091846466
0.109594,0.091846466
0.109596,0.091846466
0.109598,0.091846466
0.1096,0.091846466
0.109602,0.091846466
0.109604,0.091846466
0.109606,0.091846466
0.109608,0.091846466
0.10961,0.091846466
0.109612,0.091846466
0.109614,0.091846466
0.109616,0.091846466
0.109618,0.091846466
0.10962,0.091846466
0.109622,0.091846466
0.109624,0.091846466
0.109626,0.091846466
0.109628,0.091846466
0.109629996,0.091846466
0.109632,0.091846466
0.109634,1.2938623
0.109636,1.3400936
0.109638,1.3400936
0.10964,1.3863249
0.109642,1.3863249
0.109644,1.3863249
0.109646,1.3863249
0.109648,1.3863249
0.10965,1.3863249
0.109652,1.3863249
0.109654,1.3863249
0.109656,1.3863249
0.109658,1.3863249
0.10966,1.3863249
0.109662,1.3863249
0.109664,1.3863249
0.109666,1.3863249
0.109668,1.3863249
0.10967,1.3863249
0.109672,1.3863249
0.109674,1.3863249
0.109675996,1.3863249
0.109678,1.3863249
0.10968,1.3863249
0.109682,1.3863249
0.109684,1.3863249
0.109686,1.3863249
0.109688,1.3863249
0.10969,1.3863249
0.109692,1.3863249
0.109694,1.3863249
0.109696,1.3863249
0.109698,1.3863249
0.1097,1.3863249
0.109702,1.3863249
0.109704,1.3863249
0.109706,1.3863249
0.109707996,1.3863249
0.10971,1.3863249
0.109712,1.3863249
0.109714,1.3863249
0.109716,1.3863249
0.109718,1.3863249
0.10972,1.3863249
0.109722,1.3863249
0.109724,1.3863249
0.109726,1.3863249
0.109728,1.3863249
0.10973,1.3863249
0.109732,1.3863249
0.109734,1.3863249
0.109736,1.3863249
0.109738,1.3863249
0.10974,1.3863249
0.109742,1.3863249
0.109744,1.3863249
0.109746,1.3863249
0.109748,1.3863249
0.10975,1.3863249
0.109752,1.3863249
0.109753996,1.3863249
0.109756,1.3863249
0.109758,1.3863249
0.10976,1.3863249
0.109762,1.3863249
0.109764,1.3863249
0.109766,1.3863249
0.109768,1.3863249
0.10977,1.3863249
0.109772,1.3863249
0.109774,1.3863249
0.109776,1.3863249
0.109778,1.3863249
0.10978,1.3863249
0.109782,1.3863249
0.109784,1.3863249
0.109786,1.3863249
0.109788,1.3863249
0.10979,1.3863249
0.109792,1.3863249
0.109794,1.3863249
0.109796,1.3863249
0.109798,1.3863249
0.109799996,1.3863249
0.109802,1.3863249
0.109804,1.3863249
0.109806,1.3863249
0.109808,1.3863249
0.10981,1.3863249
0.109812,1.3863249
0.109814,1.3863249
0.109816,1.3863249
0.109818,1.3863249
0.10982,1.3863249
0.109822,1.3863249
0.109824,1.3863249
0.109826,1.3863249
0.109828,1.3863249
0.10983,1.3863249
0.109831996,1.3863249
0.109834,1.3863249
0.109836,1.3863249
0.109838,1.3863249
0.10984,1.3863249
0.109842,1.3863249
0.109844,1.3863249
0.109846,1.3863249
0.109848,1.3863249
0.10985,1.3863249
0.109852,1.3863249
0.109854,1.3863249
0.109856,1.3863249
0.109858,1.3863249
0.10986,1.3863249
0.109862,1.3863249
0.109864,1.3863249
0.109866,1.3863249
0.109868,1.3863249
0.10987,1.3863249
0.109872,1.3863249
0.109874,1.3863249
0.109876,1.3863249
0.109877996,1.3863249
0.10988,1.3863249
0.109882,1.3863249
0.109884,1.3863249
0.109886,1.3863249
0.109888,1.3863249
0.10989,1.3863249
0.109892,1.3863249
0.109894,1.3863249
0.109896,1.3863249
0.109898,1.3863249
0.1099,1.3863249
0.109902,1.3863249
0.109904,1.3863249
0.109906,1.3863249
0.109908,1.3863249
0.10991,1.3863249
0.109912,1.3863249
0.109914,1.3863249
0.109916,1.3863249
0.109918,1.3863249
0.10992,1.3863249
0.109922,1.3863249
0.109923996,1.3863249
0.109926,1.3863249
0.109928,1.3863249
0.10993,1.3863249
0.109932,1.3863249
0.109934,1.3863249
0.109936,1.3863249
0.109938,1.3863249
0.10994,1.3863249
0.109942,1.3863249
0.109944,1.3863249
0.109946,1.3863249
0.109948,1.3863249
0.10995,1.3863249
0.109952,1.3863249
0.109954,1.3863249
0.109956,1.3863249
0.109958,1.3863249
0.10996,1.3863249
0.109962,1.3863249
0.109964,1.3863249
0.109966,1.3863249
0.109968,1.3863249
0.10997,1.3863249
0.109972,1.3863249
0.109974,1.3863249
0.109976,1.3863249
0.109978,1.3863249
0.10998,1.3863249
0.109982,1.3863249
0.109984,1.3863249
0.109986,1.3863249
0.109988,2.542109
0.10999,2.6345725
0.109992,2.6345725
0.109994,2.6345725
0.109996,2.6345725
0.109998,2.6345725
0.11,2.6345725
0.110001996,2.6345725
0.110004,2.6808028
0.110006,2.6808028
0.110008,2.6808028
0.11001,2.6808028
0.110012,2.6808028
0.110014,2.6808028
0.110016,2.6808028
0.110018,2.6808028
0.11002,2.6808028
0.110022,2.6808028
0.110024,2.6808028
0.110026,2.6808028
0.110028,2.6808028
0.11003,2.6808028
0.110032,2.6808028
0.110034,2.6808028
0.110036,2.6808028
0.110038,2.6808028
0.11004,2.6808028
0.110042,2.6808028
0.110044,2.6808028
0.110046,2.6808028
0.110047996,2.6808028
0.11005,2.6808028
0.110052,2.6808028
0.110054,2.6808028
0.110056,2.6808028
0.110058,2.6808028
0.11006,2.6808028
0.110062,2.6808028
0.110064,2.6808028
0.110066,2.6808028
0.110068,2.6808028
0.11007,2.6808028
0.110072,2.6808028
0.110074,2.6808028
0.110076,2.6808028
0.110078,2.6808028
0.11008,2.6808028
0.110082,2.6808028
0.110084,2.6808028
0.110086,2.6808028
0.110088,2.6808028
0.11009,2.6808028
0.110092,2.6808028
0.110094,2.6808028
0.110096,2.6808028
0.110098,2.6808028
0.1101,2.6808028
0.110102,2.6808028
0.110104,2.6808028
0.110106,2.6808028
0.110108,2.6808028
0.11011,2.6808028
0.110112,2.6808028
0.110114,2.6808028
0.110116,2.6808028
0.110118,2.6808028
0.11012,2.6808028
0.110122,2.6808028
0.110124,2.6808028
0.110125996,2.6808028
0.110128,2.6808028
0.11013,2.6808028
0.110132,2.6808028
0.110134,2.6808028
0.110136,2.6808028
0.110138,2.6808028
0.11014,2.6808028
0.110142,2.6808028
0.110144,2.6808028
0.110146,2.6808028
0.110148,2.6808028
0.11015,2.6808028
0.110152,2.6808028
0.110154,2.6808028
0.110156,2.6808028
0.110158,2.6808028
0.11016,2.6808028
0.110162,2.6808028
0.110164,2.6808028
0.110166,2.6808028
0.110168,2.6808028
0.11017,2.6808028
0.110171996,2.6808028
0.110174,2.6808028
0.110176,2.6808028
0.110178,2.6808028
0.11018,2.6808028
0.110182,2.6808028
0.110184,2.6808028
0.110186,2.6808028
0.110188,2.6808028
0.11019,2.6808028
0.110192,2.6808028
0.110194,2.6808028
0.110196,2.6808028
0.110198,2.6808028
0.1102,2.6808028
0.110202,2.6808028
0.110204,2.6808028
0.110206,2.6808028
0.110208,2.6808028
0.11021,2.6808028
0.110212,2.6808028
0.110214,2.6808028
0.110216,2.6808028
0.110218,2.6808028
0.11022,2.6808028
0.110222,2.6808028
0.110224,2.6808028
0.110226,2.6808028
0.110228,2.6808028
0.11023,2.6808028
0.110232,2.6808028
0.110234,2.6808028
0.110236,2.6808028
0.110238,2.6808028
0.11024,2.6808028
0.110242,2.6808028
0.110244,2.6808028
0.110246,2.6808028
0.110248,2.6808028
0.110249996,2.6808028
0.110252,2.6808028
0.110254,2.6808028
0.110256,2.6808028
0.110258,2.6808028
0.11026,2.6808028
0.110262,2.6808028
0.110264,2.6808028
0.110266,2.6808028
0.110268,2.6808028
0.11027,2.6808028
0.110272,2.6808028
0.110274,2.6808028
0.110276,2.6808028
0.110278,2.6808028
0.11028,2.6808028
0.110282,2.6808028
0.110284,2.6808028
0.110286,2.6808028
0.110288,2.6808028
0.11029,2.6808028
0.110292,2.6808028
0.110294,2.6808028
0.110295996,2.6808028
0.110298,2.6808028
0.1103,2.6808028
0.110302,2.6808028
0.110304,2.6808028
0.110306,2.6808028
0.110308,2.6808028
0.11031,2.6808028
0.110312,2.6808028
0.110314,3.6978936
0.110316,3.9752812
0.110318,3.92905
0.11032,3.92905
0.110322,3.92905
0.110324,3.9752812
0.110326,3.9752812
0.110328,3.9752812
0.11033,3.9752812
0.110332,3.9752812
0.110334,3.9752812
0.110336,3.9752812
0.110338,3.9752812
0.11034,3.9752812
0.110342,3.9752812
0.110344,3.9752812
0.110346,3.9752812
0.110348,3.9752812
0.11035,3.9752812
0.110352,3.9752812
0.110354,3.9752812
0.110356,3.9752812
0.110358,3.9752812
0.11036,3.9752812
0.110362,3.9752812
0.110364,3.9752812
0.110366,3.9752812
0.110368,3.9752812
0.11037,3.9752812
0.110372,3.9752812
0.110373996,3.9752812
0.110376,3.9752812
0.110378,3.9752812
0.11038,3.9752812
0.110382,3.9752812
0.110384,3.9752812
0.110386,3.9752812
0.110388,3.9752812
0.11039,3.9752812
0.110392,3.9752812
0.110394,3.9752812
0.110396,3.9752812
0.110398,3.9752812
0.1104,3.9752812
0.110402,3.9752812
0.110404,3.9752812
0.110406,3.9752812
0.110408,3.9752812
0.11041,3.9752812
0.110412,3.9752812
0.110414,3.9752812
0.110416,3.9752812
0.110418,3.9752812
0.110419996,3.9752812
0.110422,3.9752812
0.110424,3.9752812
0.110426,3.9752812
0.110428,3.9752812
0.11043,3.9752812
0.110432,3.9752812
0.110434,3.9752812
0.110436,3.9752812
0.110438,3.9752812
0.11044,3.9752812
0.110442,3.9752812
0.110444,3.9752812
0.110446,3.9752812
0.110448,3.9752812
0.11045,3.9752812
0.110452,3.9752812
0.110454,3.9752812
0.110456,3.9752812
0.110458,3.9752812
0.11046,3.9752812
0.110462,3.9752812
0.110464,3.9752812
0.110466,3.9752812
0.110468,3.9752812
0.11047,3.9752812
0.110472,3.9752812
0.110474,3.9752812
0.110476,3.9752812
0.110478,3.9752812
0.11048,3.9752812
0.110482,3.9752812
0.110484,3.9752812
0.110486,3.9752812
0.110488,3.9752812
0.11049,3.9752812
0.110492,3.9752812
0.110494,3.9752812
0.110496,3.9752812
0.110497996,3.9752812
0.1105,3.9752812
0.110502,3.9752812
0.110504,3.9752812
0.110506,3.9752812
0.110508,3.9752812
0.11051,3.9752812
0.110512,3.9752812
0.110514,3.9752812
0.110516,3.9752812
0.110518,3.9752812
0.11052,3.9752812
0.110522,3.9752812
0.110524,3.9752812
0.110526,3.9752812
0.110528,3.9752812
0.11053,3.9752812
0.110532,3.9752812
0.110534,3.9752812
0.110536,3.9752812
0.110538,3.9752812
0.11054,3.9752812
0.110542,3.9752812
0.110543996,3.9752812
0.110546,3.9752812
0.110548,3.9752812
0.11055,3.9752812
0.110552,3.9752812
0.110554,3.9752812
0.110556,3.9752812
0.110558,3.9752812
0.11056,3.9752812
0.110562,3.9752812
0.110564,3.9752812
0.110566,3.9752812
0.110568,3.9752812
0.11057,3.9752812
0.110572,3.9752812
0.110574,3.9752812
0.110576,3.9752812
0.110578,3.9752812
0.11058,3.9752812
0.110582,3.9752812
0.110584,3.9752812
0.110586,3.9752812
0.110588,3.9752812
0.11059,3.9752812
0.110592,3.9752812
0.110594,3.9752812
0.110596,3.9752812
0.110598,3.9752812
0.1106,3.9752812
0.110602,3.9752812
0.110604,3.9752812
0.110606,3.9752812
0.110608,3.9752812
0.11061,3.9752812
0.110612,3.9752812
0.110614,3.9752812
0.110616,3.9752812
0.110618,3.9752812
0.11062,3.9752812
0.110621996,3.9752812
0.110624,3.9752812
0.110626,3.9752812
0.110628,3.9752812
0.11063,3.9752812
0.110632,3.9752812
0.110634,3.9752812
0.110636,3.9752812
0.110638,3.9752812
0.11064,3.9752812
0.110642,3.9752812
0.110644,3.9752812
0.110646,3.9752812
0.110648,3.9752812
0.11065,3.9752812
0.110652,3.9752812
0.110654,3.9752812
0.110656,3.9752812
0.110658,3.9752812
0.11066,3.9752812
0.110662,3.9752812
0.110664,3.9752812
0.110666,3.9752812
0.110667996,3.9752812
0.11067,3.9752812
0.110672,3.9752812
0.110674,3.9752812
0.110676,3.9752812
0.110678,3.9752812
0.11068,3.9752812
0.110682,3.9752812
0.110684,3.9752812
0.110686,3.9752812
0.110688,3.9752812
0.11069,3.9752812
0.110692,3.9752812
0.110694,3.9752812
0.110696,3.9752812
0.110698,3.9752812
0.1107,3.9752812
0.110702,3.9752812
0.110704,3.9752812
0.110706,3.9752812
0.110708,3.9752812
0.11071,3.9752812
0.110712,3.9752812
0.110714,3.9752812
0.110716,3.9752812
0.110718,3.9752812
0.11072,3.9752812
0.110722,3.9752812
0.110724,3.9752812
0.110726,3.9752812
0.110728,3.9752812
0.11073,3.9752812
0.110732,3.9752812
0.110734,3.9752812
0.110736,3.9752812
0.110738,3.9752812
0.11074,3.9752812
0.110742,3.9752812
0.110744,3.9752812
0.110745996,3.9752812
0.110748,3.9752812
0.11075,3.9752812
0.110752,3.9752812
0.110754,3.9752812
0.110756,3.9752812
0.110758,3.9752812
0.11076,3.9752812
0.110762,3.9752812
0.110764,3.9752812
0.110766,3.9752812
0.110768,3.9752812
0.11077,3.9752812
0.110772,3.9752812
0.110774,3.9752812
0.110776,3.9752812
0.110778,3.9752812
0.11078,3.9752812
0.110782,3.9752812
0.110784,3.9752812
0.110786,3.9752812
0.110788,3.9752812
0.11079,3.9752812
0.110791996,3.9752812
0.110794,3.9752812
0.110796,3.9752812
0.110798,3.9752812
0.1108,3.9752812
0.110802,3.9752812
0.110804,3.9752812
0.110806,3.9752812
0.110808,3.9752812
0.11081,3.9752812
0.110812,3.9752812
0.110814,3.9752812
0.110816,3.9752812
0.110818,3.9752812
0.11082,3.9752812
0.110822,3.9752812
0.110824,3.9752812
0.110826,3.9752812
0.110828,3.9752812
0.11083,3.9752812
0.110832,3.9752812
0.110834,3.9752812
0.110836,3.9752812
0.110837996,3.9752812
0.11084,3.9752812
0.110842,3.9752812
0.110844,3.9752812
0.110846,3.9752812
0.110848,3.9752812
0.11085,3.9752812
0.110852,3.9752812
0.110854,3.9752812
0.110856,3.9752812
0.110858,3.9752812
0.11086,3.9752812
0.110862,3.9752812
0.110864,3.9752812
0.110866,3.9752812
0.110868,3.9752812
0.110869996,3.9752812
0.110872,3.9752812
0.110874,3.9752812
0.110876,3.9752812
0.110878,3.9752812
0.11088,3.9752812
0.110882,3.9752812
0.110884,3.9752812
0.110886,3.9752812
0.110888,3.9752812
0.11089,3.9752812
0.110892,3.9752812
0.110894,3.9752812
0.110896,3.9752812
0.110898,3.9752812
0.1109,3.9752812
0.110902,3.9752812
0.110904,3.9752812
0.110906,3.9752812
0.110908,3.9752812
0.11091,3.9752812
0.110912,3.9752812
0.110914,3.9752812
0.110915996,3.9752812
0.110918,3.9752812
0.11092,3.9752812
0.110922,3.9752812
0.110924,3.9752812
0.110926,3.9752812
0.110928,3.9752812
0.11093,3.9752812
0.110932,3.9752812
0.110934,3.9752812
0.110936,3.9752812
0.110938,3.9752812
0.11094,3.9752812
0.110942,3.9752812
0.110944,3.9752812
0.110946,3.9752812
0.110948,3.9752812
0.11095,3.9752812
0.110952,3.9752812
0.110954,3.9752812
0.110956,3.9752812
0.110958,3.9752812
0.11096,3.9752812
0.110961996,3.9752812
0.110964,3.9752812
0.110966,3.9752812
0.110968,3.9752812
0.11097,3.9752812
0.110972,3.9752812
0.110974,3.9752812
0.110976,3.9752812
0.110978,3.9752812
0.11098,3.9752812
0.110982,3.9752812
0.110984,3.9752812
0.110986,3.9752812
0.110988,3.9752812
0.11099,3.9752812
0.110992,3.9752812
0.110993996,3.9752812
0.110996,3.9752812
0.110998,3.9752812
0.111,3.9752812
0.111002,3.9752812
0.111004,3.9752812
0.111006,3.9752812
0.111008,3.9752812
0.11101,3.9752812
0.111012,3.9752812
0.111014,3.9752812
0.111016,3.9752812
0.111018,3.9752812
0.11102,3.9752812
0.111022,3.9752812
0.111024,3.9752812
0.111026,3.9752812
0.111028,3.9752812
0.11103,3.9752812
0.111032,3.9752812
0.111034,3.9752812
0.111036,3.9752812
0.111038,3.9752812
0.111039996,3.9752812
0.111042,3.9752812
0.111044,3.9752812
0.111046,3.9752812
0.111048,3.9752812
0.11105,3.9752812
0.111052,3.9752812
0.111054,3.9752812
0.111056,3.9752812
0.111058,3.9752812
0.11106,3.9752812
0.111062,3.9752812
0.111064,3.9752812
0.111066,3.9752812
0.111068,3.9752812
0.11107,3.9752812
0.111072,3.9752812
0.111074,3.9752812
0.111076,3.9752812
0.111078,3.9752812
0.11108,3.9752812
0.111082,3.9752812
0.111084,3.9752812
0.111085996,3.9752812
0.111088,3.9752812
0.11109,3.9752812
0.111092,3.9752812
0.111094,3.9752812
0.111096,3.9752812
0.111098,3.9752812
0.1111,3.9752812
0.111102,3.9752812
0.111104,3.9752812
0.111106,3.9752812
0.111108,3.9752812
0.11111,3.9752812
0.111112,3.9752812
0.111114,3.9752812
0.111116,3.9752812
0.111118,3.9752812
0.11112,3.9752812
0.111122,3.9752812
0.111124,3.9752812
0.111126,3.9752812
0.111128,3.9752812
0.11113,3.9752812
0.111132,3.9752812
0.111134,3.9752812
0.111136,3.9752812
0.111138,3.9752812
0.11114,3.9752812
0.111142,3.9752812
0.111144,3.9752812
0.111146,3.9752812
0.111148,3.9752812
0.11115,3.9752812
0.111152,3.9752812
0.111154,3.9752812
0.111156,3.9752812
0.111158,3.9752812
0.11116,3.9752812
0.111162,3.9752812
0.111163996,3.9752812
0.111166,3.9752812
0.111168,3.9752812
0.11117,3.9752812
0.111172,3.9752812
0.111174,3.9752812
0.111176,3.9752812
0.111178,3.9752812
0.11118,3.9752812
0.111182,3.9752812
0.111184,3.9752812
0.111186,3.9752812
0.111188,3.9752812
0.11119,3.9752812
0.111192,3.9752812
0.111194,3.9752812
0.111196,3.9752812
0.111198,3.9752812
0.1112,3.9752812
0.111202,3.9752812
0.111204,3.9752812
0.111206,3.9752812
0.111208,3.9752812
0.111209996,3.9752812
0.111212,3.9752812
0.111214,3.9752812
0.111216,3.9752812
0.111218,3.9752812
0.11122,3.9752812
0.111222,3.9752812
0.111224,3.9752812
0.111226,3.9752812
0.111228,3.9752812
0.11123,3.9752812
0.111232,3.9752812
0.111234,3.9752812
0.111236,3.9752812
0.111238,3.9752812
0.11124,3.9752812
0.111242,3.9752812
0.111244,3.9752812
0.111246,3.9752812
0.111248,3.9752812
0.11125,3.9752812
0.111252,3.9752812
0.111254,3.9752812
0.111256,3.9752812
0.111258,3.9752812
0.11126,3.9752812
0.111262,3.9752812
0.111264,4.0215135
0.111266,3.9752812
0.111268,3.9752812
0.11127,4.0215135
0.111272,3.9752812
0.111274,4.0215135
0.111276,3.9752812
0.111278,3.9752812
0.11128,4.0215135
0.111282,3.9752812
0.111284,3.9752812
0.111286,3.9752812
0.111287996,3.9752812
0.11129,3.9752812
0.111292,3.9752812
0.111294,3.9752812
0.111296,3.9752812
0.111298,3.9752812
0.1113,3.9752812
0.111302,3.9752812
0.111304,3.9752812
0.111306,3.9752812
0.111308,3.9752812
0.11131,3.9752812
0.111312,3.9752812
0.111314,3.9752812
0.111316,3.9752812
0.111318,3.9752812
0.11132,3.9752812
0.111322,3.9752812
0.111324,3.9752812
0.111326,3.9752812
0.111328,3.9752812
0.11133,3.9752812
0.111332,3.9752812
0.111333996,3.9752812
0.111336,3.9752812
0.111338,3.9752812
0.11134,3.9752812
0.111342,3.9752812
0.111344,3.9752812
0.111346,3.9752812
0.111348,3.9752812
0.11135,3.9752812
0.111352,3.9752812
0.111354,3.9752812
0.111356,3.9752812
0.111358,3.9752812
0.11136,3.9752812
0.111362,3.9752812
0.111364,3.9752812
0.111366,3.9752812
0.111368,3.9752812
0.11137,3.9752812
0.111372,3.9752812
0.111374,3.9752812
0.111376,3.9752812
0.111378,3.9752812
0.11138,3.9752812
0.111382,3.9752812
0.111384,3.9752812
0.111386,3.9752812
0.111388,3.9752812
0.11139,3.9752812
0.111392,3.9752812
0.111394,3.9752812
0.111396,3.9752812
0.111398,3.9752812
0.1114,3.9752812
0.111402,3.9752812
0.111404,3.9752812
0.111406,3.9752812
0.111408,3.9752812
0.11141,3.9752812
0.111411996,3.9752812
0.111414,3.9752812
0.111416,3.9752812
0.111418,3.9752812
0.11142,3.9752812
0.111422,3.9752812
0.111424,3.9752812
0.111426,3.9752812
0.111428,3.9752812
0.11143,3.9752812
0.111432,3.9752812
0.111434,3.9752812
0.111436,3.9752812
0.111438,3.9752812
0.11144,3.9752812
0.111442,3.9752812
0.111444,3.9752812
0.111446,3.9752812
0.111448,3.9752812
0.11145,3.9752812
0.111452,3.9752812
0.111454,3.9752812
0.111456,3.5591989
0.111457996,2.7732663
0.11146,2.727035
0.111462,2.727035
0.111464,2.727035
0.111466,2.727035
0.111468,2.727035
0.11147,2.727035
0.111472,2.727035
0.111474,2.727035
0.111476,2.6808028
0.111478,2.6808028
0.11148,2.6808028
0.111482,2.6808028
0.111484,2.6808028
0.111486,2.6808028
0.111488,2.6808028
0.11149,2.6808028
0.111492,2.6808028
0.111494,2.6808028
0.111496,2.6808028
0.111498,2.6808028
0.1115,2.6808028
0.111502,2.6808028
0.111504,2.6808028
0.111506,2.6808028
0.111508,2.6808028
0.11151,2.6808028
0.111512,2.6808028
0.111514,2.6808028
0.111516,2.6808028
0.111518,2.6808028
0.11152,2.6808028
0.111522,2.6808028
0.111524,2.6808028
0.111526,2.6808028
0.111528,2.6808028
0.11153,2.6808028
0.111532,2.6808028
0.111534,2.6808028
0.111535996,2.6808028
0.111538,2.6808028
0.11154,2.6808028
0.111542,2.6808028
0.111544,2.6808028
0.111546,2.6808028
0.111548,2.6808028
0.11155,2.6808028
0.111552,2.6808028
0.111554,2.6808028
0.111556,2.6808028
0.111558,2.6808028
0.11156,2.6808028
0.111562,2.6808028
0.111564,2.6808028
0.111566,2.6808028
0.111568,2.6808028
0.11157,2.6808028
0.111572,2.6808028
0.111574,2.6808028
0.111576,2.6808028
0.111578,2.6808028
0.11158,2.6808028
0.111581996,2.6808028
0.111584,2.6808028
0.111586,2.6808028
0.111588,2.6808028
0.11159,2.6808028
0.111592,2.6808028
0.111594,2.6808028
0.111596,2.6808028
0.111598,2.6808028
0.1116,2.6808028
0.111602,2.6808028
0.111604,2.6808028
0.111606,2.6808028
0.111608,2.6808028
0.11161,2.6808028
0.111612,2.6808028
0.111614,2.6808028
0.111616,2.6808028
0.111618,2.6808028
0.11162,2.6808028
0.111622,2.6808028
0.111624,2.6808028
0.111626,2.6808028
0.111628,2.6808028
0.11163,2.6808028
0.111632,2.6808028
0.111634,2.6808028
0.111636,2.6808028
0.111638,2.6808028
0.11164,2.6808028
0.111642,2.6808028
0.111644,2.6808028
0.111646,2.6808028
0.111648,2.6808028
0.11165,2.6808028
0.111652,2.6808028
0.111654,2.6808028
0.111656,2.6808028
0.111658,2.6808028
0.111659996,2.6808028
0.111662,2.6808028
0.111664,2.6808028
0.111666,2.6808028
0.111668,2.6808028
0.11167,2.6808028
0.111672,2.6808028
0.111674,2.6808028
0.111676,2.6808028
0.111678,2.6808028
0.11168,2.6808028
0.111682,2.6808028
0.111684,2.6808028
0.111686,2.6808028
0.111688,2.6808028
0.11169,2.6808028
0.111692,2.6808028
0.111694,2.6808028
0.111696,2.6808028
0.111698,2.6808028
0.1117,2.6808028
0.111702,2.6808028
0.111704,2.6808028
0.111705996,2.6808028
0.111708,2.6808028
0.11171,2.6808028
0.111712,2.6808028
0.111714,2.6808028
0.111716,2.6808028
0.111718,2.6808028
0.11172,2.6808028
0.111722,2.6808028
0.111724,2.6808028
0.111726,2.6808028
0.111728,2.6808028
0.11173,2.6808028
0.111732,2.6808028
0.111734,2.6808028
0.111736,2.6808028
0.111738,2.6808028
0.11174,2.6808028
0.111742,2.6808028
0.111744,2.6808028
0.111746,2.6808028
0.111748,2.6808028
0.11175,2.6808028
0.111752,2.6808028
0.111754,2.6808028
0.111756,2.6808028
0.111758,2.6808028
0.11176,2.6808028
0.111762,2.6808028
0.111764,2.6808028
0.111766,2.6808028
0.111768,2.6808028
0.11177,2.6808028
0.111772,2.6808028
0.111774,2.6808028
0.111776,2.6808028
0.111778,2.6808028
0.11178,2.6808028
0.111782,2.6808028
0.111783996,1.5250192
0.111786,1.4325566
0.111788,1.4325566
0.11179,1.4325566
0.111792,1.4325566
0.111794,1.4325566
0.111796,1.4325566
0.111798,1.4325566
0.1118,1.4325566
0.111802,1.4325566
0.111804,1.4325566
0.111806,1.4325566
0.111808,1.4325566
0.11181,1.4325566
0.111812,1.4325566
0.111814,1.4325566
0.111816,1.4325566
0.111818,1.4325566
0.11182,1.3863249
0.111822,1.4325566
0.111824,1.3863249
0.111826,1.3863249
0.111828,1.3863249
0.111829996,1.3863249
0.111832,1.3863249
0.111834,1.3863249
0.111836,1.3863249
0.111838,1.3863249
0.11184,1.3863249
0.111842,1.3863249
0.111844,1.3863249
0.111846,1.3863249
0.111848,1.3863249
0.11185,1.3863249
0.111852,1.3863249
0.111854,1.3863249
0.111856,1.3863249
0.111858,1.3863249
0.11186,1.3863249
0.111862,1.3863249
0.111864,1.3863249
0.111866,1.3863249
0.111868,1.3863249
0.11187,1.3863249
0.111872,1.3863249
0.111874,1.3863249
0.111875996,1.3863249
0.111878,1.3863249
0.11188,1.3863249
0.111882,1.3863249
0.111884,1.3863249
0.111886,1.3863249
0.111888,1.3863249
0.11189,1.3863249
0.111892,1.3863249
0.111894,1.3863249
0.111896,1.3863249
0.111898,1.3863249
0.1119,1.3863249
0.111902,1.3863249
0.111904,1.3863249
0.111906,1.3863249
0.111907996,1.3863249
0.11191,1.3863249
0.111912,1.3863249
0.111914,1.3863249
0.111916,1.3863249
0.111918,1.3863249
0.11192,1.3863249
0.111922,1.3863249
0.111924,1.3863249
0.111926,1.3863249
0.111928,1.3863249
0.11193,1.3863249
0.111932,1.3863249
0.111934,1.3863249
0.111936,1.3863249
0.111938,1.3863249
0.11194,1.3863249
0.111942,1.3863249
0.111944,1.3863249
0.111946,1.3863249
0.111948,1.3863249
0.11195,1.3863249
0.111952,1.3863249
0.111953996,1.3863249
0.111956,1.3863249
0.111958,1.3863249
0.11196,1.3863249
0.111962,1.3863249
0.111964,1.3863249
0.111966,1.3863249
0.111968,1.3863249
0.11197,1.3863249
0.111972,1.3863249
0.111974,1.3863249
0.111976,1.3863249
0.111978,1.3863249
0.11198,1.3863249
0.111982,1.3863249
0.111984,1.3863249
0.111986,1.3863249
0.111988,1.3863249
0.11199,1.3863249
0.111992,1.3863249
0.111994,1.3863249
0.111996,1.3863249
0.111998,1.3863249
0.111999996,1.3863249
0.112002,1.3863249
0.112004,1.3863249
0.112006,1.3863249
0.112008,1.3863249
0.11201,1.3863249
0.112012,1.3863249
0.112014,1.3863249
0.112016,1.3863249
0.112018,1.3863249
0.11202,1.3863249
0.112022,1.3863249
0.112024,1.3863249
0.112026,1.3863249
0.112028,1.3863249
0.11203,1.3863249
0.112031996,1.3863249
0.112034,1.3863249
0.112036,1.3863249
0.112038,1.3863249
0.11204,1.3863249
0.112042,1.3863249
0.112044,1.3863249
0.112046,1.3863249
0.112048,1.3863249
0.11205,1.3863249
0.112052,1.3863249
0.112054,1.3863249
0.112056,1.3863249
0.112058,1.3863249
0.11206,1.3863249
0.112062,1.3863249
0.112064,1.3863249
0.112066,1.3863249
0.112068,1.3863249
0.11207,1.3863249
0.112072,1.3863249
0.112074,1.3863249
0.112076,1.3863249
0.112077996,1.3863249
0.11208,1.3863249
0.112082,1.3863249
0.112084,1.3863249
0.112086,1.3863249
0.112088,1.3863249
0.11209,1.3863249
0.112092,1.3863249
0.112094,1.3863249
0.112096,1.3863249
0.112098,1.3863249
0.1121,1.3863249
0.112102,1.3863249
0.112104,1.3863249
0.112106,1.3863249
0.112108,1.3863249
0.11211,1.3863249
0.112112,1.3863249
0.112114,1.3863249
0.112116,1.3863249
0.112118,1.3863249
0.11212,1.3863249
0.112122,1.3863249
0.112123996,1.3863249
0.112126,1.3863249
0.112128,1.3863249
0.11213,1.3863249
0.112132,1.3863249
0.112134,1.3863249
0.112136,1.4325566
0.112138,0.184309
0.11214,0.13807821
0.112142,0.13807821
0.112144,0.13807821
0.112146,0.13807821
0.112148,0.13807821
0.11215,0.13807821
0.112152,0.13807821
0.112154,0.13807821
0.112155996,0.13807821
0.112158,0.091846466
0.11216,0.13807821
0.112162,0.091846466
0.112164,0.091846466
0.112166,0.091846466
0.112168,0.091846466
0.11217,0.091846466
0.112172,0.091846466
0.112174,0.091846466
0.112176,0.091846466
0.112178,0.091846466
0.11218,0.091846466
0.112182,0.091846466
0.112184,0.091846466
0.112186,0.091846466
0.112188,0.091846466
0.11219,0.091846466
0.112192,0.091846466
0.112194,0.091846466
0.112196,0.091846466
0.112198,0.091846466
0.1122,0.091846466
0.112201996,0.091846466
0.112204,0.091846466
0.112206,0.091846466
0.112208,0.091846466
0.11221,0.091846466
0.112212,0.091846466
0.112214,0.091846466
0.112216,0.091846466
0.112218,0.091846466
0.11222,0.091846466
0.112222,0.091846466
0.112224,0.091846466
0.112226,0.091846466
0.112228,0.091846466
0.11223,0.091846466
0.112232,0.091846466
0.112234,0.091846466
0.112236,0.091846466
0.112238,0.091846466
0.11224,0.091846466
0.112242,0.091846466
0.112244,0.091846466
0.112246,0.091846466
0.112247996,0.091846466
0.11225,0.091846466
0.112252,0.091846466
0.112254,0.091846466
0.112256,0.091846466
0.112258,0.091846466
0.11226,0.091846466
0.112262,0.091846466
0.112264,0.091846466
0.112266,0.091846466
0.112268,0.091846466
0.11227,0.091846466
0.112272,0.091846466
0.112274,0.091846466
0.112276,0.091846466
0.112278,0.091846466
0.11228,0.091846466
0.112282,0.091846466
0.112284,0.091846466
0.112286,0.091846466
0.112288,0.091846466
0.11229,0.091846466
0.112292,0.091846466
0.112294,0.091846466
0.112296,0.091846466
0.112298,0.091846466
0.1123,0.091846466
0.112302,0.091846466
0.112304,0.091846466
0.112306,0.091846466
0.112308,0.091846466
0.11231,0.091846466
0.112312,0.091846466
0.112314,0.091846466
0.112316,0.091846466
0.112318,0.091846466
0.11232,0.091846466
0.112322,0.091846466
0.112324,0.091846466
0.112325996,0.091846466
0.112328,0.091846466
0.11233,0.091846466
0.112332,0.091846466
0.112334,0.091846466
0.112336,0.091846466
0.112338,0.091846466
0.11234,0.091846466
0.112342,0.091846466
0.112344,0.091846466
0.112346,0.091846466
0.112348,0.091846466
0.11235,0.091846466
0.112352,0.091846466
0.112354,0.091846466
0.112356,0.091846466
0.112358,0.091846466
0.11236,0.091846466
0.112362,0.091846466
0.112364,0.091846466
0.112366,0.091846466
0.112368,0.091846466
0.11237,0.091846466
0.112371996,0.091846466
0.112374,0.091846466
0.112376,0.091846466
0.112378,0.091846466
0.11238,0.091846466
0.112382,0.091846466
0.112384,0.091846466
0.112386,0.091846466
0.112388,0.091846466
0.11239,0.091846466
0.112392,0.091846466
0.112394,0.091846466
0.112396,0.091846466
0.112398,0.091846466
0.1124,0.091846466
0.112402,0.091846466
0.112404,0.091846466
0.112406,0.091846466
0.112408,0.091846466
0.11241,0.091846466
0.112412,0.091846466
0.112414,0.091846466
0.112416,0.091846466
0.112418,0.091846466
0.11242,0.091846466
0.112422,0.091846466
0.112424,0.091846466
0.112426,0.091846466
0.112428,0.091846466
0.11243,0.091846466
0.112432,0.091846466
0.112434,0.091846466
0.112436,0.091846466
0.112438,0.091846466
0.11244,0.091846466
0.112442,0.091846466
0.112444,0.091846466
0.112446,0.091846466
0.112448,0.091846466
0.112449996,0.091846466
0.112452,0.091846466
0.112454,0.091846466
0.112456,0.091846466
0.112458,0.091846466
0.11246,0.091846466
0.112462,0.091846466
0.112464,0.091846466
0.112466,0.091846466
0.112468,0.091846466
0.11247,0.091846466
0.112472,0.091846466
0.112474,0.091846466
0.112476,0.091846466
0.112478,0.091846466
0.11248,0.091846466
0.112482,0.091846466
0.112484,0.091846466
0.112486,0.091846466
0.112488,0.091846466
0.11249,0.091846466
0.112492,0.091846466
0.112494,0.091846466
0.112495996,0.091846466
0.112498,0.091846466
0.1125,0.091846466
0.112502,0.091846466
0.112504,0.091846466
0.112506,0.091846466
0.112508,0.091846466
0.11251,0.091846466
0.112512,0.091846466
0.112514,0.091846466
0.112516,0.091846466
0.112518,0.091846466
0.11252,0.091846466
0.112522,0.091846466
0.112524,0.091846466
0.112526,0.091846466
0.112528,0.091846466
0.11253,0.091846466
0.112532,0.091846466
0.112534,0.091846466
0.112536,0.091846466
0.112538,0.091846466
0.11254,0.091846466
0.112542,0.091846466
0.112544,0.091846466
0.112546,0.091846466
0.112548,0.091846466
0.11255,0.091846466
0.112552,0.091846466
0.112554,0.091846466
0.112556,0.091846466
0.112558,0.091846466
0.11256,0.091846466
0.112562,0.091846466
0.112564,0.091846466
0.112566,0.091846466
0.112568,0.091846466
0.11257,0.091846466
0.112572,0.091846466
0.112573996,0.091846466
0.112576,0.091846466
0.112578,0.091846466
0.11258,0.091846466
0.112582,0.091846466
0.112584,0.091846466
0.112586,0.091846466
0.112588,0.091846466
0.11259,0.091846466
0.112592,0.091846466
0.112594,0.091846466
0.112596,0.091846466
0.112598,0.091846466
0.1126,0.091846466
0.112602,0.091846466
0.112604,0.091846466
0.112606,0.091846466
0.112608,0.091846466
0.11261,0.091846466
0.112612,0.091846466
0.112614,0.091846466
0.112616,0.091846466
0.112618,0.091846466
0.112619996,0.091846466
0.112622,0.091846466
0.112624,0.091846466
0.112626,0.091846466
0.112628,0.091846466
0.11263,0.091846466
0.112632,0.091846466
0.112634,0.091846466
0.112636,0.091846466
0.112638,0.091846466
0.11264,0.091846466
0.112642,0.091846466
0.112644,0.091846466
0.112646,0.091846466
0.112648,0.091846466
0.11265,0.091846466
0.112652,0.091846466
0.112654,0.091846466
0.112656,0.091846466
0.112658,0.091846466
0.11266,0.091846466
0.112662,0.091846466
0.112664,0.091846466
0.112666,0.091846466
0.112668,0.091846466
0.11267,0.091846466
0.112672,0.091846466
0.112674,0.091846466
0.112676,0.091846466
0.112678,0.091846466
0.11268,0.091846466
0.112682,0.091846466
0.112684,0.091846466
0.112686,0.091846466
0.112688,0.091846466
0.11269,0.091846466
0.112692,0.091846466
0.112694,0.091846466
0.112696,0.091846466
0.112697996,0.091846466
0.1127,0.091846466
0.112702,0.091846466
0.112704,0.091846466
0.112706,0.091846466
0.112708,0.091846466
0.11271,0.091846466
0.112712,0.091846466
0.112714,0.091846466
0.112716,0.091846466
0.112718,0.091846466
0.11272,0.091846466
0.112722,0.091846466
0.112724,0.091846466
0.112726,0.091846466
0.112728,0.091846466
0.11273,0.091846466
0.112732,0.091846466
0.112734,0.091846466
0.112736,0.091846466
0.112738,0.091846466
0.11274,0.091846466
0.112742,0.091846466
0.112743996,0.091846466
0.112746,0.091846466
0.112748,0.091846466
0.11275,0.091846466
0.112752,0.091846466
0.112754,0.091846466
0.112756,0.091846466
0.112758,0.091846466
0.11276,0.091846466
0.112762,0.091846466
0.112764,0.091846466
0.112766,0.091846466
0.112768,0.091846466
0.11277,0.091846466
0.112772,0.091846466
0.112774,0.091846466
0.112776,0.091846466
0.112778,0.091846466
0.11278,0.091846466
0.112782,0.091846466
0.112784,0.091846466
0.112786,0.091846466
0.112788,0.091846466
0.11279,0.091846466
0.112792,0.091846466
0.112794,0.091846466
0.112796,0.091846466
0.112798,0.091846466
0.1128,0.091846466
0.112802,0.091846466
0.112804,0.091846466
0.112806,0.091846466
0.112808,0.091846466
0.11281,0.091846466
0.112812,0.091846466
0.112814,0.091846466
0.112816,0.091846466
0.112818,0.091846466
0.11282,0.091846466
0.112821996,0.091846466
0.112824,0.091846466
0.112826,0.091846466
0.112828,0.091846466
0.11283,0.091846466
0.112832,0.091846466
0.112834,0.091846466
0.112836,0.091846466
0.112838,0.091846466
0.11284,0.091846466
0.112842,0.091846466
0.112844,0.091846466
0.112846,0.091846466
0.112848,0.091846466
0.11285,0.091846466
0.112852,0.091846466
0.112854,0.091846466
0.112856,0.091846466
0.112858,0.091846466
0.11286,0.091846466
0.112862,0.091846466
0.112864,0.091846466
0.112866,0.091846466
0.112867996,0.091846466
0.11287,0.091846466
0.112872,0.091846466
0.112874,0.091846466
0.112876,0.091846466
0.112878,0.091846466
0.11288,0.091846466
0.112882,0.091846466
0.112884,0.091846466
0.112886,0.091846466
0.112888,0.091846466
0.11289,0.091846466
0.112892,0.091846466
0.112894,0.091846466
0.112896,0.091846466
0.112898,0.091846466
0.1129,0.091846466
0.112902,0.091846466
0.112904,0.091846466
0.112906,0.091846466
0.112908,0.091846466
0.11291,0.091846466
0.112912,0.091846466
0.112914,0.091846466
0.112916,0.091846466
0.112918,0.091846466
0.11292,0.091846466
0.112922,0.091846466
0.112924,0.091846466
0.112926,0.091846466
0.112928,0.091846466
0.11293,0.091846466
0.112932,0.091846466
0.112934,0.091846466
0.112936,0.091846466
0.112938,0.091846466
0.11294,0.091846466
0.112942,0.091846466
0.112944,0.091846466
0.112945996,0.091846466
0.112948,0.091846466
0.11295,0.091846466
0.112952,0.091846466
0.112954,0.091846466
0.112956,0.091846466
0.112958,0.091846466
0.11296,0.091846466
0.112962,0.091846466
0.112964,0.091846466
0.112966,0.091846466
0.112968,0.091846466
0.11297,0.091846466
0.112972,0.091846466
0.112974,0.091846466
0.112976,0.091846466
0.112978,0.091846466
0.11298,0.5541601
0.112982,1.2938623
0.112984,1.3400936
0.112986,1.3863249
0.112988,1.3863249
0.11299,1.3863249
0.112991996,1.3863249
0.112994,1.3863249
0.112996,1.3863249
0.112998,1.3863249
0.113,1.3863249
0.113002,1.3863249
0.113004,1.3863249
0.113006,1.3863249
0.113008,1.3863249
0.11301,1.3863249
0.113012,1.3863249
0.113014,1.3863249
0.113016,1.3863249
0.113018,1.3863249
0.11302,1.3863249
0.113022,1.3863249
0.113024,1.3863249
0.113026,1.3863249
0.113028,1.3863249
0.11303,1.3863249
0.113032,1.3863249
0.113034,1.3863249
0.113036,1.3863249
0.113037996,1.3863249
0.11304,1.3863249
0.113042,1.3863249
0.113044,1.3863249
0.113046,1.3863249
0.113048,1.3863249
0.11305,1.3863249
0.113052,1.3863249
0.113054,1.3863249
0.113056,1.3863249
0.113058,1.3863249
0.11306,1.3863249
0.113062,1.3863249
0.113064,1.3863249
0.113066,1.3863249
0.113068,1.3863249
0.113069996,1.3863249
0.113072,1.3863249
0.113074,1.3863249
0.113076,1.3863249
0.113078,1.3863249
0.11308,1.3863249
0.113082,1.3863249
0.113084,1.3863249
0.113086,1.3863249
0.113088,1.3863249
0.11309,1.3863249
0.113092,1.3863249
0.113094,1.3863249
0.113096,1.3863249
0.113098,1.3863249
0.1131,1.3863249
0.113102,1.3863249
0.113104,1.3863249
0.113106,1.3863249
0.113108,1.3863249
0.11311,1.3863249
0.113112,1.3863249
0.113114,1.3863249
0.113115996,1.3863249
0.113118,1.3863249
0.11312,1.3863249
0.113122,1.3863249
0.113124,1.3863249
0.113126,1.3863249
0.113128,1.3863249
0.11313,1.3863249
0.113132,1.3863249
0.113134,1.3863249
0.113136,1.3863249
0.113138,1.3863249
0.11314,1.3863249
0.113142,1.3863249
0.113144,1.3863249
0.113146,1.3863249
0.113148,1.3863249
0.11315,1.3863249
0.113152,1.3863249
0.113154,1.3863249
0.113156,1.3863249
0.113158,1.3863249
0.11316,1.3863249
0.113161996,1.3863249
0.113164,1.3863249
0.113166,1.3863249
0.113168,1.3863249
0.11317,1.3863249
0.113172,1.3863249
0.113174,1.3863249
0.113176,1.3863249
0.113178,1.3863249
0.11318,1.3863249
0.113182,1.3863249
0.113184,1.3863249
0.113186,1.3863249
0.113188,1.3863249
0.11319,1.3863249
0.113192,1.3863249
0.113193996,1.3863249
0.113196,1.3863249
0.113198,1.3863249
0.1132,1.3863249
0.113202,1.3863249
0.113204,1.3863249
0.113206,1.3863249
0.113208,1.3863249
0.11321,1.3863249
0.113212,1.3863249
0.113214,1.3863249
0.113216,1.3863249
0.113218,1.3863249
0.11322,1.3863249
0.113222,1.3863249
0.113224,1.3863249
0.113226,1.3863249
0.113228,1.3863249
0.11323,1.3863249
0.113232,1.3863249
0.113234,1.3863249
0.113236,1.3863249
0.113238,1.3863249
0.113239996,1.3863249
0.113242,1.3863249
0.113244,1.3863249
0.113246,1.3863249
0.113248,1.3863249
0.11325,1.3863249
0.113252,1.3863249
0.113254,1.3863249
0.113256,1.3863249
0.113258,1.3863249
0.11326,1.3863249
0.113262,1.3863249
0.113264,1.3863249
0.113266,1.3863249
0.113268,1.3863249
0.11327,1.3863249
0.113272,1.3863249
0.113274,1.3863249
0.113276,1.3863249
0.113278,1.3863249
0.11328,1.3863249
0.113282,1.3863249
0.113284,1.3863249
0.113285996,1.3863249
0.113288,1.3863249
0.11329,1.3863249
0.113292,1.3863249
0.113294,1.3863249
0.113296,1.3863249
0.113298,1.3863249
0.1133,1.3863249
0.113302,1.3863249
0.113304,1.3863249
0.113306,1.3863249
0.113308,1.3863249
0.11331,1.3863249
0.113312,1.3863249
0.113314,1.3863249
0.113316,1.3863249
0.113317996,1.3863249
0.11332,1.3863249
0.113322,1.3863249
0.113324,1.3863249
0.113326,1.3863249
0.113328,1.3863249
0.11333,1.3863249
0.113332,1.3863249
0.113334,1.8948698
0.113336,2.6345725
0.113338,2.6345725
0.11334,2.6345725
0.113342,2.6345725
0.113344,2.6345725
0.113346,2.6345725
0.113348,2.6345725
0.11335,2.6808028
0.113352,2.6345725
0.113354,2.6808028
0.113356,2.6808028
0.113358,2.6808028
0.11336,2.6808028
0.113362,2.6808028
0.113363996,2.6808028
0.113366,2.6808028
0.113368,2.6808028
0.11337,2.6808028
0.113372,2.6808028
0.113374,2.6808028
0.113376,2.6808028
0.113378,2.6808028
0.11338,2.6808028
0.113382,2.6808028
0.113384,2.6808028
0.113386,2.6808028
0.113388,2.6808028
0.11339,2.6808028
0.113392,2.6808028
0.113394,2.6808028
0.113396,2.6808028
0.113398,2.6808028
0.1134,2.6808028
0.113402,2.6808028
0.113404,2.6808028
0.113406,2.6808028
0.113408,2.6808028
0.113409996,2.6808028
0.113412,2.6808028
0.113414,2.6808028
0.113416,2.6808028
0.113418,2.6808028
0.11342,2.6808028
0.113422,2.6808028
0.113424,2.6808028
0.113426,2.6808028
0.113428,2.6808028
0.11343,2.6808028
0.113432,2.6808028
0.113434,2.6808028
0.113436,2.6808028
0.113438,2.6808028
0.11344,2.6808028
0.113442,2.6808028
0.113444,2.6808028
0.113446,2.6808028
0.113448,2.6808028
0.11345,2.6808028
0.113452,2.6808028
0.113454,2.6808028
0.113456,2.6808028
0.113458,2.6808028
0.11346,2.6808028
0.113462,2.6808028
0.113464,2.6808028
0.113466,2.6808028
0.113468,2.6808028
0.11347,2.6808028
0.113472,2.6808028
0.113474,2.6808028
0.113476,2.6808028
0.113478,2.6808028
0.11348,2.6808028
0.113482,2.6808028
0.113484,2.6808028
0.113486,2.6808028
0.113487996,2.6808028
0.11349,2.6808028
0.113492,2.6808028
0.113494,2.6808028
0.113496,2.6808028
0.113498,2.6808028
0.1135,2.6808028
0.113502,2.6808028
0.113504,2.6808028
0.113506,2.6808028
0.113508,2.6808028
0.11351,2.6808028
0.113512,2.6808028
0.113514,2.6808028
0.113516,2.6808028
0.113518,2.6808028
0.11352,2.6808028
0.113522,2.6808028
0.113524,2.6808028
0.113526,2.6808028
0.113528,2.6808028
0.11353,2.6808028
0.113532,2.6808028
0.113533996,2.6808028
0.113536,2.6808028
0.113538,2.6808028
0.11354,2.6808028
0.113542,2.6808028
0.113544,2.6808028
0.113546,2.6808028
0.113548,2.6808028
0.11355,2.6808028
0.113552,2.6808028
0.113554,2.6808028
0.113556,2.6808028
0.113558,2.6808028
0.11356,2.6808028
0.113562,2.6808028
0.113564,2.6808028
0.113566,2.6808028
0.113568,2.6808028
0.11357,2.6808028
0.113572,2.6808028
0.113574,2.6808028
0.113576,2.6808028
0.113578,2.6808028
0.11358,2.6808028
0.113582,2.6808028
0.113584,2.6808028
0.113586,2.6808028
0.113588,2.6808028
0.11359,2.6808028
0.113592,2.6808028
0.113594,2.6808028
0.113596,2.6808028
0.113598,2.6808028
0.1136,2.6808028
0.113602,2.6808028
0.113604,2.6808028
0.113606,2.6808028
0.113608,2.6808028
0.11361,2.6808028
0.113611996,2.6808028
0.113614,2.6808028
0.113616,2.6808028
0.113618,2.6808028
0.11362,2.6808028
0.113622,2.6808028
0.113624,2.6808028
0.113626,2.6808028
0.113628,2.6808028
0.11363,2.6808028
0.113632,2.6808028
0.113634,2.6808028
0.113636,2.6808028
0.113638,2.6808028
0.11364,2.6808028
0.113642,2.6808028
0.113644,2.6808028
0.113646,2.6808028
0.113648,2.6808028
0.11365,2.6808028
0.113652,2.6808028
0.113654,2.6808028
0.113656,2.6808028
0.113657996,2.6808028
0.11366,2.6808028
0.113662,3.92905
0.113664,3.92905
0.113666,3.92905
0.113668,3.92905
0.11367,3.9752812
0.113672,3.9752812
0.113674,3.9752812
0.113676,3.9752812
0.113678,3.9752812
0.11368,3.9752812
0.113682,3.9752812
0.113684,3.9752812
0.113686,3.9752812
0.113688,3.9752812
0.11369,3.9752812
0.113692,3.9752812
0.113694,3.9752812
0.113696,3.9752812
0.113698,3.9752812
0.1137,3.9752812
0.113702,3.9752812
0.113704,3.9752812
0.113706,3.9752812
0.113708,3.9752812
0.11371,3.9752812
0.113712,3.9752812
0.113714,3.9752812
0.113716,3.9752812
0.113718,3.9752812
0.11372,3.9752812
0.113722,3.9752812
0.113724,3.9752812
0.113726,3.9752812
0.113728,3.9752812
0.11373,3.9752812
0.113732,3.9752812
0.113734,3.9752812
0.113735996,3.9752812
0.113738,3.9752812
0.11374,3.9752812
0.113742,3.9752812
0.113744,3.9752812
0.113746,3.9752812
0.113748,3.9752812
0.11375,3.9752812
0.113752,3.9752812
0.113754,3.9752812
0.113756,3.9752812
0.113758,3.9752812
0.11376,3.9752812
0.113762,3.9752812
0.113764,3.9752812
0.113766,3.9752812
0.113768,3.9752812
0.11377,3.9752812
0.113772,3.9752812
0.113774,3.9752812
0.113776,3.9752812
0.113778,3.9752812
0.11378,3.9752812
0.113781996,3.9752812
0.113784,3.9752812
0.113786,3.9752812
0.113788,3.9752812
0.11379,3.9752812
0.113792,3.9752812
0.113794,3.9752812
0.113796,3.9752812
0.113798,3.9752812
0.1138,3.9752812
0.113802,3.9752812
0.113804,3.9752812
0.113806,3.9752812
0.113808,3.9752812
0.11381,3.9752812
0.113812,3.9752812
0.113814,3.9752812
0.113816,3.9752812
0.113818,3.9752812
0.11382,3.9752812
0.113822,3.9752812
0.113824,3.9752812
0.113826,3.9752812
0.113828,3.9752812
0.11383,3.9752812
0.113832,3.9752812
0.113834,3.9752812
0.113836,3.9752812
0.113838,3.9752812
0.11384,3.9752812
0.113842,3.9752812
0.113844,3.9752812
0.113846,3.9752812
0.113848,3.9752812
0.11385,3.9752812
0.113852,3.9752812
0.113854,3.9752812
0.113856,3.9752812
0.113858,3.9752812
0.113859996,3.9752812
0.113862,3.9752812
0.113864,3.9752812
0.113866,3.9752812
0.113868,3.9752812
0.11387,3.9752812
0.113872,3.9752812
0.113874,3.9752812
0.113876,3.9752812
0.113878,3.9752812
0.11388,3.9752812
0.113882,3.9752812
0.113884,3.9752812
0.113886,3.9752812
0.113888,3.9752812
0.11389,3.9752812
0.113892,3.9752812
0.113894,3.9752812
0.113896,3.9752812
0.113898,3.9752812
0.1139,3.9752812
0.113902,3.9752812
0.113904,3.9752812
0.113905996,3.9752812
0.113908,3.9752812
0.11391,3.9752812
0.113912,3.9752812
0.113914,3.9752812
0.113916,3.9752812
0.113918,3.9752812
0.11392,3.9752812
0.113922,3.9752812
0.113924,3.9752812
0.113926,3.9752812
0.113928,3.9752812
0.11393,3.9752812
0.113932,3.9752812
0.113934,3.9752812
0.113936,3.9752812
0.113938,3.9752812
0.11394,3.9752812
0.113942,3.9752812
0.113944,3.9752812
0.113946,3.9752812
0.113948,3.9752812
0.11395,3.9752812
0.113952,3.9752812
0.113954,3.9752812
0.113956,3.9752812
0.113958,3.9752812
0.11396,3.9752812
0.113962,3.9752812
0.113964,3.9752812
0.113966,3.9752812
0.113968,3.9752812
0.11397,3.9752812
0.113972,3.9752812
0.113974,3.9752812
0.113976,3.9752812
0.113978,3.9752812
0.11398,3.9752812
0.113982,3.9752812
0.113983996,3.9752812
0.113986,3.9752812
0.113988,3.9752812
0.11399,3.9752812
0.113992,3.9752812
0.113994,3.9752812
0.113996,3.9752812
0.113998,3.9752812
0.114,3.9752812
0.114002,3.9752812
0.114004,3.9752812
0.114006,3.9752812
0.114008,3.9752812
0.11401,3.9752812
0.114012,3.9752812
0.114014,3.9752812
0.114016,3.9752812
0.114018,3.9752812
0.11402,3.9752812
0.114022,3.9752812
0.114024,3.9752812
0.114026,3.9752812
0.114028,3.9752812
0.114029996,3.9752812
0.114032,3.9752812
0.114034,3.9752812
0.114036,3.9752812
0.114038,3.9752812
0.11404,3.9752812
0.114042,3.9752812
0.114044,3.9752812
0.114046,3.9752812
0.114048,3.9752812
0.11405,3.9752812
0.114052,3.9752812
0.114054,3.9752812
0.114056,3.9752812
0.114058,3.9752812
0.11406,3.9752812
0.114062,3.9752812
0.114064,3.9752812
0.114066,3.9752812
0.114068,3.9752812
0.11407,3.9752812
0.114072,3.9752812
0.114074,3.9752812
0.114076,3.9752812
0.114078,3.9752812
0.11408,3.9752812
0.114082,3.9752812
0.114084,3.9752812
0.114086,3.9752812
0.114088,3.9752812
0.11409,3.9752812
0.114092,3.9752812
0.114094,3.9752812
0.114096,3.9752812
0.114098,3.9752812
0.1141,3.9752812
0.114102,3.9752812
0.114104,3.9752812
0.114106,3.9752812
0.114107996,3.9752812
0.11411,3.9752812
0.114112,3.9752812
0.114114,3.9752812
0.114116,3.9752812
0.114118,3.9752812
0.11412,3.9752812
0.114122,3.9752812
0.114124,3.9752812
0.114126,3.9752812
0.114128,3.9752812
0.11413,3.9752812
0.114132,3.9752812
0.114134,3.9752812
0.114136,3.9752812
0.114138,3.9752812
0.11414,3.9752812
0.114142,3.9752812
0.114144,3.9752812
0.114146,3.9752812
0.114148,3.9752812
0.11415,3.9752812
0.114152,3.9752812
0.114153996,3.9752812
0.114156,3.9752812
0.114158,3.9752812
0.11416,3.9752812
0.114162,3.9752812
0.114164,3.9752812
0.114166,3.9752812
0.114168,3.9752812
0.11417,3.9752812
0.114172,3.9752812
0.114174,3.9752812
0.114176,3.9752812
0.114178,3.9752812
0.11418,3.9752812
0.114182,3.9752812
0.114184,3.9752812
0.114186,3.9752812
0.114188,3.9752812
0.11419,3.9752812
0.114192,3.9752812
0.114194,3.9752812
0.114196,3.9752812
0.114198,3.9752812
0.114199996,3.9752812
0.114202,3.9752812
0.114204,3.9752812
0.114206,3.9752812
0.114208,3.9752812
0.11421,3.9752812
0.114212,3.9752812
0.114214,3.9752812
0.114216,3.9752812
0.114218,3.9752812
0.11422,3.9752812
0.114222,3.9752812
0.114224,3.9752812
0.114226,3.9752812
0.114228,3.9752812
0.11423,3.9752812
0.114231996,3.9752812
0.114234,3.9752812
0.114236,3.9752812
0.114238,3.9752812
0.11424,3.9752812
0.114242,3.9752812
0.114244,3.9752812
0.114246,3.9752812
0.114248,3.9752812
0.11425,3.9752812
0.114252,3.9752812
0.114254,3.9752812
0.114256,3.9752812
0.114258,3.9752812
0.11426,3.9752812
0.114262,3.9752812
0.114264,3.9752812
0.114266,3.9752812
0.114268,3.9752812
0.11427,3.9752812
0.114272,3.9752812
0.114274,3.9752812
0.114276,3.9752812
0.114277996,3.9752812
0.11428,3.9752812
0.114282,3.9752812
0.114284,3.9752812
0.114286,3.9752812
0.114288,3.9752812
0.11429,3.9752812
0.114292,3.9752812
0.114294,3.9752812
0.114296,3.9752812
0.114298,3.9752812
0.1143,3.9752812
0.114302,3.9752812
0.114304,3.9752812
0.114306,3.9752812
0.114308,3.9752812
0.11431,3.9752812
0.114312,3.9752812
0.114314,3.9752812
0.114316,3.9752812
0.114318,3.9752812
0.11432,3.9752812
0.114322,3.9752812
0.114323996,3.9752812
0.114326,3.9752812
0.114328,3.9752812
0.11433,3.9752812
0.114332,3.9752812
0.114334,3.9752812
0.114336,3.9752812
0.114338,3.9752812
0.11434,3.9752812
0.114342,3.9752812
0.114344,3.9752812
0.114346,3.9752812
0.114348,3.9752812
0.11435,3.9752812
0.114352,3.9752812
0.114354,3.9752812
0.114355996,3.9752812
0.114358,3.9752812
0.11436,3.9752812
0.114362,3.9752812
0.114364,3.9752812
0.114366,3.9752812
0.114368,3.9752812
0.11437,3.9752812
0.114372,3.9752812
0.114374,3.9752812
0.114376,3.9752812
0.114378,3.9752812
0.11438,3.9752812
0.114382,3.9752812
0.114384,3.9752812
0.114386,3.9752812
0.114388,3.9752812
0.11439,3.9752812
0.114392,3.9752812
0.114394,3.9752812
0.114396,3.9752812
0.114398,3.9752812
0.1144,3.9752812
0.114401996,3.9752812
0.114404,3.9752812
0.114406,3.9752812
0.114408,3.9752812
0.11441,3.9752812
0.114412,3.9752812
0.114414,3.9752812
0.114416,3.9752812
0.114418,3.9752812
0.11442,3.9752812
0.114422,3.9752812
0.114424,3.9752812
0.114426,3.9752812
0.114428,3.9752812
0.11443,3.9752812
0.114432,3.9752812
0.114434,3.9752812
0.114436,3.9752812
0.114438,3.9752812
0.11444,3.9752812
0.114442,3.9752812
0.114444,3.9752812
0.114446,3.9752812
0.114447996,3.9752812
0.11445,3.9752812
0.114452,3.9752812
0.114454,3.9752812
0.114456,3.9752812
0.114458,3.9752812
0.11446,3.9752812
0.114462,3.9752812
0.114464,3.9752812
0.114466,3.9752812
0.114468,3.9752812
0.11447,3.9752812
0.114472,3.9752812
0.114474,3.9752812
0.114476,3.9752812
0.114478,3.9752812
0.114479996,3.9752812
0.114482,3.9752812
0.114484,3.9752812
0.114486,3.9752812
0.114488,3.9752812
0.11449,3.9752812
0.114492,3.9752812
0.114494,3.9752812
0.114496,3.9752812
0.114498,3.9752812
0.1145,3.9752812
0.114502,3.9752812
0.114504,3.9752812
0.114506,3.9752812
0.114508,3.9752812
0.11451,3.9752812
0.114512,3.9752812
0.114514,3.9752812
0.114516,3.9752812
0.114518,3.9752812
0.11452,3.9752812
0.114522,3.9752812
0.114524,3.9752812
0.114525996,3.9752812
0.114528,3.9752812
0.11453,3.9752812
0.114532,3.9752812
0.114534,3.9752812
0.114536,3.9752812
0.114538,3.9752812
0.11454,3.9752812
0.114542,3.9752812
0.114544,3.9752812
0.114546,3.9752812
0.114548,3.9752812
0.11455,3.9752812
0.114552,3.9752812
0.114554,3.9752812
0.114556,3.9752812
0.114558,3.9752812
0.11456,3.9752812
0.114562,3.9752812
0.114564,3.9752812
0.114566,3.9752812
0.114568,3.9752812
0.11457,3.9752812
0.114571996,3.9752812
0.114574,3.9752812
0.114576,3.9752812
0.114578,3.9752812
0.11458,3.9752812
0.114582,3.9752812
0.114584,3.9752812
0.114586,3.9752812
0.114588,3.9752812
0.11459,3.9752812
0.114592,3.9752812
0.114594,3.9752812
0.114596,3.9752812
0.114598,3.9752812
0.1146,3.9752812
0.114602,3.9752812
0.114604,3.9752812
0.114606,3.9752812
0.114608,3.9752812
0.11461,3.9752812
0.114612,3.9752812
0.114614,3.9752812
0.114616,3.9752812
0.114618,3.9752812
0.11462,3.9752812
0.114622,3.9752812
0.114624,3.9752812
0.114626,3.9752812
0.114628,3.9752812
0.11463,3.9752812
0.114632,3.9752812
0.114634,3.9752812
0.114636,3.9752812
0.114638,3.9752812
0.11464,3.9752812
0.114642,3.9752812
0.114644,3.9752812
0.114646,3.9752812
0.114648,3.9752812
0.114649996,3.9752812
0.114652,3.9752812
0.114654,3.9752812
0.114656,3.9752812
0.114658,3.9752812
0.11466,3.9752812
0.114662,3.9752812
0.114664,3.9752812
0.114666,3.9752812
0.114668,3.9752812
0.11467,3.9752812
0.114672,3.9752812
0.114674,3.9752812
0.114676,3.9752812
0.114678,3.9752812
0.11468,3.9752812
0.114682,3.9752812
0.114684,3.9752812
0.114686,3.9752812
0.114688,3.9752812
0.11469,3.9752812
0.114692,3.9752812
0.114694,3.9752812
0.114695996,3.9752812
0.114698,3.9752812
0.1147,3.9752812
0.114702,3.9752812
0.114704,3.9752812
0.114706,3.9752812
0.114708,3.9752812
0.11471,3.9752812
0.114712,3.9752812
0.114714,3.9752812
0.114716,3.9752812
0.114718,3.9752812
0.11472,3.9752812
0.114722,3.9752812
0.114724,3.9752812
0.114726,3.9752812
0.114728,3.9752812
0.11473,3.9752812
0.114732,3.9752812
0.114734,3.9752812
0.114736,3.9752812
0.114738,3.9752812
0.11474,3.9752812
0.114742,3.9752812
0.114744,3.9752812
0.114746,3.9752812
0.114748,3.9752812
0.11475,3.9752812
0.114752,3.9752812
0.114754,3.9752812
0.114756,3.9752812
0.114758,3.9752812
0.11476,3.9752812
0.114762,3.9752812
0.114764,3.9752812
0.114766,3.9752812
0.114768,3.9752812
0.11477,3.9752812
0.114772,3.9752812
0.114773996,3.9752812
0.114776,3.9752812
0.114778,3.9752812
0.11478,3.9752812
0.114782,3.9752812
0.114784,3.9752812
0.114786,3.9752812
0.114788,3.9752812
0.11479,3.9752812
0.114792,3.9752812
0.114794,3.9752812
0.114796,3.9752812
0.114798,3.9752812
0.1148,3.9752812
0.114802,3.9752812
0.114804,3.0044227
0.114806,2.727035
0.114808,2.727035
0.11481,2.727035
0.114812,2.727035
0.114814,2.727035
0.114816,2.727035
0.114818,2.727035
0.114819996,2.727035
0.114822,2.727035
0.114824,2.6808028
0.114826,2.6808028
0.114828,2.6808028
0.11483,2.6808028
0.114832,2.6808028
0.114834,2.6808028
0.114836,2.6808028
0.114838,2.6808028
0.11484,2.6808028
0.114842,2.6808028
0.114844,2.6808028
0.114846,2.6808028
0.114848,2.6808028
0.11485,2.6808028
0.114852,2.6808028
0.114854,2.6808028
0.114856,2.6808028
0.114858,2.6808028
0.11486,2.6808028
0.114862,2.6808028
0.114864,2.6808028
0.114866,2.6808028
0.114868,2.6808028
0.11487,2.6808028
0.114872,2.6808028
0.114874,2.6808028
0.114876,2.6808028
0.114878,2.6808028
0.11488,2.6808028
0.114882,2.6808028
0.114884,2.6808028
0.114886,2.6808028
0.114888,2.6808028
0.11489,2.6808028
0.114892,2.6808028
0.114894,2.6808028
0.114896,2.6808028
0.114897996,2.6808028
0.1149,2.6808028
0.114902,2.6808028
0.114904,2.6808028
0.114906,2.6808028
0.114908,2.6808028
0.11491,2.6808028
0.114912,2.6808028
0.114914,2.6808028
0.114916,2.6808028
0.114918,2.6808028
0.11492,2.6808028
0.114922,2.6808028
0.114924,2.6808028
0.114926,2.6808028
0.114928,2.6808028
0.11493,2.6808028
0.114932,2.6808028
0.114934,2.6808028
0.114936,2.6808028
0.114938,2.6808028
0.11494,2.6808028
0.114942,2.6808028
0.114943996,2.6808028
0.114946,2.6808028
0.114948,2.6808028
0.11495,2.6808028
0.114952,2.6808028
0.114954,2.6808028
0.114956,2.6808028
0.114958,2.6808028
0.11496,2.6808028
0.114962,2.6808028
0.114964,2.6808028
0.114966,2.6808028
0.114968,2.6808028
0.11497,2.6808028
0.114972,2.6808028
0.114974,2.6808028
0.114976,2.6808028
0.114978,2.6808028
0.11498,2.6808028
0.114982,2.6808028
0.114984,2.6808028
0.114986,2.6808028
0.114988,2.6808028
0.11499,2.6808028
0.114992,2.6808028
0.114994,2.6808028
0.114996,2.6808028
0.114998,2.6808028
0.115,2.6808028
0.115002,2.6808028
0.115004,2.6808028
0.115006,2.6808028
0.115008,2.6808028
0.11501,2.6808028
0.115012,2.6808028
0.115014,2.6808028
0.115016,2.6808028
0.115018,2.6808028
0.11502,2.6808028
0.115021996,2.6808028
0.115024,2.6808028
0.115026,2.6808028
0.115028,2.6808028
0.11503,2.6808028
0.115032,2.6808028
0.115034,2.6808028
0.115036,2.6808028
0.115038,2.6808028
0.11504,2.6808028
0.115042,2.6808028
0.115044,2.6808028
0.115046,2.6808028
0.115048,2.6808028
0.11505,2.6808028
0.115052,2.6808028
0.115054,2.6808028
0.115056,2.6808028
0.115058,2.6808028
0.11506,2.6808028
0.115062,2.6808028
0.115064,2.6808028
0.115066,2.6808028
0.115067996,2.6808028
0.11507,2.6808028
0.115072,2.6808028
0.115074,2.6808028
0.115076,2.6808028
0.115078,2.6808028
0.11508,2.6808028
0.115082,2.6808028
0.115084,2.6808028
0.115086,2.6808028
0.115088,2.6808028
0.11509,2.6808028
0.115092,2.6808028
0.115094,2.6808028
0.115096,2.6808028
0.115098,2.6808028
0.1151,2.6808028
0.115102,2.6808028
0.115104,2.6808028
0.115106,2.6808028
0.115108,2.6808028
0.11511,2.6808028
0.115112,2.6808028
0.115114,2.6808028
0.115116,2.6808028
0.115118,2.6808028
0.11512,2.6808028
0.115122,2.6808028
0.115124,2.6808028
0.115126,2.6808028
0.115128,2.6808028
0.11513,2.0797954
0.115132,1.4325566
0.115134,1.4325566
0.115136,1.4325566
0.115138,1.4325566
0.11514,1.4325566
0.115142,1.4325566
0.115144,1.4325566
0.115145996,1.4325566
0.115148,1.4325566
0.11515,1.4325566
0.115152,1.4325566
0.115154,1.4325566
0.115156,1.4325566
0.115158,1.4325566
0.11516,1.4325566
0.115162,1.4325566
0.115164,1.4325566
0.115166,1.3863249
0.115168,1.3863249
0.11517,1.3863249
0.115172,1.3863249
0.115174,1.3863249
0.115176,1.3863249
0.115178,1.3863249
0.11518,1.3863249
0.115182,1.3863249
0.115184,1.3863249
0.115186,1.3863249
0.115188,1.3863249
0.11519,1.3863249
0.115191996,1.3863249
0.115194,1.3863249
0.115196,1.3863249
0.115198,1.3863249
0.1152,1.3863249
0.115202,1.3863249
0.115204,1.3863249
0.115206,1.3863249
0.115208,1.3863249
0.11521,1.3863249
0.115212,1.3863249
0.115214,1.3863249
0.115216,1.3863249
0.115218,1.3863249
0.11522,1.3863249
0.115222,1.3863249
0.115224,1.3863249
0.115226,1.3863249
0.115228,1.3863249
0.11523,1.3863249
0.115232,1.3863249
0.115234,1.3863249
0.115236,1.3863249
0.115238,1.3863249
0.11524,1.3863249
0.115242,1.3863249
0.115244,1.3863249
0.115246,1.3863249
0.115248,1.3863249
0.11525,1.3863249
0.115252,1.3863249
0.115254,1.3863249
0.115256,1.3863249
0.115258,1.3863249
0.11526,1.3863249
0.115262,1.3863249
0.115264,1.3863249
0.115266,1.3863249
0.115268,1.3863249
0.115269996,1.3863249
0.115272,1.3863249
0.115274,1.3863249
0.115276,1.3863249
0.115278,1.3863249
0.11528,1.3863249
0.115282,1.3863249
0.115284,1.3863249
0.115286,1.3863249
0.115288,1.3863249
0.11529,1.3863249
0.115292,1.3863249
0.115294,1.3863249
0.115296,1.3863249
0.115298,1.3863249
0.1153,1.3863249
0.115302,1.3863249
0.115304,1.3863249
0.115306,1.3863249
0.115308,1.3863249
0.11531,1.3863249
0.115312,1.3863249
0.115314,1.3863249
0.115315996,1.3863249
0.115318,1.3863249
0.11532,1.3863249
0.115322,1.3863249
0.115324,1.3863249
0.115326,1.3863249
0.115328,1.3863249
0.11533,1.3863249
0.115332,1.3863249
0.115334,1.3863249
0.115336,1.3863249
0.115338,1.3863249
0.11534,1.3863249
0.115342,1.3863249
0.115344,1.3863249
0.115346,1.3863249
0.115348,1.3863249
0.11535,1.3863249
0.115352,1.3863249
0.115354,1.3863249
0.115356,1.3863249
0.115358,1.3863249
0.11536,1.3863249
0.115361996,1.3863249
0.115364,1.3863249
0.115366,1.3863249
0.115368,1.3863249
0.11537,1.3863249
0.115372,1.3863249
0.115374,1.3863249
0.115376,1.3863249
0.115378,1.3863249
0.11538,1.3863249
0.115382,1.3863249
0.115384,1.3863249
0.115386,1.3863249
0.115388,1.3863249
0.11539,1.3863249
0.115392,1.3863249
0.115393996,1.3863249
0.115396,1.3863249
0.115398,1.3863249
0.1154,1.3863249
0.115402,1.3863249
0.115404,1.3863249
0.115406,1.3863249
0.115408,1.3863249
0.11541,1.3863249
0.115412,1.3863249
0.115414,1.3863249
0.115416,1.3863249
0.115418,1.3863249
0.11542,1.3863249
0.115422,1.3863249
0.115424,1.3863249
0.115426,1.3863249
0.115428,1.3863249
0.11543,1.3863249
0.115432,1.3863249
0.115434,1.3863249
0.115436,1.3863249
0.115438,1.3863249
0.115439996,1.3863249
0.115442,1.3863249
0.115444,1.3863249
0.115446,1.3863249
0.115448,1.3863249
0.11545,1.3863249
0.115452,1.3863249
0.115454,1.3863249
0.115456,1.3863249
0.115458,1.3863249
0.11546,1.3863249
0.115462,1.3863249
0.115464,1.3863249
0.115466,1.3863249
0.115468,1.3863249
0.11547,1.3863249
0.115472,1.3863249
0.115474,1.3863249
0.115476,1.3863249
0.115478,1.3863249
0.11548,1.3863249
0.115482,1.3863249
0.115484,0.7390857
0.115485996,0.13807821
0.115488,0.13807821
0.11549,0.13807821
0.115492,0.13807821
0.115494,0.13807821
0.115496,0.13807821
0.115498,0.13807821
0.1155,0.13807821
0.115502,0.13807821
0.115504,0.13807821
0.115506,0.13807821
0.115508,0.091846466
0.11551,0.091846466
0.115512,0.13807821
0.115514,0.091846466
0.115516,0.091846466
0.115517996,0.091846466
0.11552,0.091846466
0.115522,0.091846466
0.115524,0.091846466
0.115526,0.091846466
0.115528,0.091846466
0.11553,0.091846466
0.115532,0.091846466
0.115534,0.091846466
0.115536,0.091846466
0.115538,0.091846466
0.11554,0.091846466
0.115542,0.091846466
0.115544,0.091846466
0.115546,0.091846466
0.115548,0.091846466
0.11555,0.091846466
0.115552,0.091846466
0.115554,0.091846466
0.115556,0.091846466
0.115558,0.091846466
0.11556,0.091846466
0.115562,0.091846466
0.115563996,0.091846466
0.115566,0.091846466
0.115568,0.091846466
0.11557,0.091846466
0.115572,0.091846466
0.115574,0.091846466
0.115576,0.091846466
0.115578,0.091846466
0.11558,0.091846466
0.115582,0.091846466
0.115584,0.091846466
0.115586,0.091846466
0.115588,0.091846466
0.11559,0.091846466
0.115592,0.091846466
0.115594,0.091846466
0.115596,0.091846466
0.115598,0.091846466
0.1156,0.091846466
0.115602,0.091846466
0.115604,0.091846466
0.115606,0.091846466
0.115608,0.091846466
0.115609996,0.091846466
0.115612,0.091846466
0.115614,0.091846466
0.115616,0.091846466
0.115618,0.091846466
0.11562,0.091846466
0.115622,0.091846466
0.115624,0.091846466
0.115626,0.091846466
0.115628,0.091846466
0.11563,0.091846466
0.115632,0.091846466
0.115634,0.091846466
0.115636,0.091846466
0.115638,0.091846466
0.11564,0.091846466
0.115641996,0.091846466
0.115644,0.091846466
0.115646,0.091846466
0.115648,0.091846466
0.11565,0.091846466
0.115652,0.091846466
0.115654,0.091846466
0.115656,0.091846466
0.115658,0.091846466
0.11566,0.091846466
0.115662,0.091846466
0.115664,0.091846466
0.115666,0.091846466
0.115668,0.091846466
0.11567,0.091846466
0.115672,0.091846466
0.115674,0.091846466
0.115676,0.091846466
0.115678,0.091846466
0.11568,0.091846466
0.115682,0.091846466
0.115684,0.091846466
0.115686,0.091846466
0.115687996,0.091846466
0.11569,0.091846466
0.115692,0.091846466
0.115694,0.091846466
0.115696,0.091846466
0.115698,0.091846466
0.1157,0.091846466
0.115702,0.091846466
0.115704,0.091846466
0.115706,0.091846466
0.115708,0.091846466
0.11571,0.091846466
0.115712,0.091846466
0.115714,0.091846466
0.115716,0.091846466
0.115718,0.091846466
0.11572,0.091846466
0.115722,0.091846466
0.115724,0.091846466
0.115726,0.091846466
0.115728,0.091846466
0.11573,0.091846466
0.115732,0.091846466
0.115733996,0.091846466
0.115736,0.091846466
0.115738,0.091846466
0.11574,0.091846466
0.115742,0.091846466
0.115744,0.091846466
0.115746,0.091846466
0.115748,0.091846466
0.11575,0.091846466
0.115752,0.091846466
0.115754,0.091846466
0.115756,0.091846466
0.115758,0.091846466
0.11576,0.091846466
0.115762,0.091846466
0.115764,0.091846466
0.115766,0.091846466
0.115768,0.091846466
0.11577,0.091846466
0.115772,0.091846466
0.115774,0.091846466
0.115776,0.091846466
0.115778,0.091846466
0.11578,0.091846466
0.115782,0.091846466
0.115784,0.091846466
0.115786,0.091846466
0.115788,0.091846466
0.11579,0.091846466
0.115792,0.091846466
0.115794,0.091846466
0.115796,0.091846466
0.115798,0.091846466
0.1158,0.091846466
0.115802,0.091846466
0.115804,0.091846466
0.115806,0.091846466
0.115808,0.091846466
0.11581,0.091846466
0.115811996,0.091846466
0.115814,0.091846466
0.115816,0.091846466
0.115818,0.091846466
0.11582,0.091846466
0.115822,0.091846466
0.115824,0.091846466
0.115826,0.091846466
0.115828,0.091846466
0.11583,0.091846466
0.115832,0.091846466
0.115834,0.091846466
0.115836,0.091846466
0.115838,0.091846466
0.11584,0.091846466
0.115842,0.091846466
0.115844,0.091846466
0.115846,0.091846466
0.115848,0.091846466
0.11585,0.091846466
0.115852,0.091846466
0.115854,0.091846466
0.115856,0.091846466
0.115857996,0.091846466
0.11586,0.091846466
0.115862,0.091846466
0.115864,0.091846466
0.115866,0.091846466
0.115868,0.091846466
0.11587,0.091846466
0.115872,0.091846466
0.115874,0.091846466
0.115876,0.091846466
0.115878,0.091846466
0.11588,0.091846466
0.115882,0.091846466
0.115884,0.091846466
0.115886,0.091846466
0.115888,0.091846466
0.11589,0.091846466
0.115892,0.091846466
0.115894,0.091846466
0.115896,0.091846466
0.115898,0.091846466
0.1159,0.091846466
0.115902,0.091846466
0.115904,0.091846466
0.115906,0.091846466
0.115908,0.091846466
0.11591,0.091846466
0.115912,0.091846466
0.115914,0.091846466
0.115916,0.091846466
0.115918,0.091846466
0.11592,0.091846466
0.115922,0.091846466
0.115924,0.091846466
0.115926,0.091846466
0.115928,0.091846466
0.11593,0.091846466
0.115932,0.091846466
0.115934,0.091846466
0.115935996,0.091846466
0.115938,0.091846466
0.11594,0.091846466
0.115942,0.091846466
0.115944,0.091846466
0.115946,0.091846466
0.115948,0.091846466
0.11595,0.091846466
0.115952,0.091846466
0.115954,0.091846466
0.115956,0.091846466
0.115958,0.091846466
0.11596,0.091846466
0.115962,0.091846466
0.115964,0.091846466
0.115966,0.091846466
0.115968,0.091846466
0.11597,0.091846466
0.115972,0.091846466
0.115974,0.091846466
0.115976,0.091846466
0.115978,0.091846466
0.11598,0.091846466
0.115981996,0.091846466
0.115984,0.091846466
0.115986,0.091846466
0.115988,0.091846466
0.11599,0.091846466
0.115992,0.091846466
0.115994,0.091846466
0.115996,0.091846466
0.115998,0.091846466
0.116,0.091846466
0.116002,0.091846466
0.116004,0.091846466
0.116006,0.091846466
0.116008,0.091846466
0.11601,0.091846466
0.116012,0.091846466
0.116014,0.091846466
0.116016,0.091846466
0.116018,0.091846466
0.11602,0.091846466
0.116022,0.091846466
0.116024,0.091846466
0.116026,0.091846466
0.116028,0.091846466
0.11603,0.091846466
0.116032,0.091846466
0.116034,0.091846466
0.116036,0.091846466
0.116038,0.091846466
0.11604,0.091846466
0.116042,0.091846466
0.116044,0.091846466
0.116046,0.091846466
0.116048,0.091846466
0.11605,0.091846466
0.116052,0.091846466
0.116054,0.091846466
0.116056,0.091846466
0.116058,0.091846466
0.116059996,0.091846466
0.116062,0.091846466
0.116064,0.091846466
0.116066,0.091846466
0.116068,0.091846466
0.11607,0.091846466
0.116072,0.091846466
0.116074,0.091846466
0.116076,0.091846466
0.116078,0.091846466
0.11608,0.091846466
0.116082,0.091846466
0.116084,0.091846466
0.116086,0.091846466
0.116088,0.091846466
0.11609,0.091846466
0.116092,0.091846466
0.116094,0.091846466
0.116096,0.091846466
0.116098,0.091846466
0.1161,0.091846466
0.116102,0.091846466
0.116104,0.091846466
0.116105996,0.091846466
0.116108,0.091846466
0.11611,0.091846466
0.116112,0.091846466
0.116114,0.091846466
0.116116,0.091846466
0.116118,0.091846466
0.11612,0.091846466
0.116122,0.091846466
0.116124,0.091846466
0.116126,0.091846466
0.116128,0.091846466
0.11613,0.091846466
0.116132,0.091846466
0.116134,0.091846466
0.116136,0.091846466
0.116138,0.091846466
0.11614,0.091846466
0.116142,0.091846466
0.116144,0.091846466
0.116146,0.091846466
0.116148,0.091846466
0.11615,0.091846466
0.116152,0.091846466
0.116154,0.091846466
0.116156,0.091846466
0.116158,0.091846466
0.11616,0.091846466
0.116162,0.091846466
0.116164,0.091846466
0.116166,0.091846466
0.116168,0.091846466
0.11617,0.091846466
0.116172,0.091846466
0.116174,0.091846466
0.116176,0.091846466
0.116178,0.091846466
0.11618,0.091846466
0.116182,0.091846466
0.116183996,0.091846466
0.116186,0.091846466
0.116188,0.091846466
0.11619,0.091846466
0.116192,0.091846466
0.116194,0.091846466
0.116196,0.091846466
0.116198,0.091846466
0.1162,0.091846466
0.116202,0.091846466
0.116204,0.091846466
0.116206,0.091846466
0.116208,0.091846466
0.11621,0.091846466
0.116212,0.091846466
0.116214,0.091846466
0.116216,0.091846466
0.116218,0.091846466
0.11622,0.091846466
0.116222,0.091846466
0.116224,0.091846466
0.116226,0.091846466
0.116228,0.091846466
0.116229996,0.091846466
0.116232,0.091846466
0.116234,0.091846466
0.116236,0.091846466
0.116238,0.091846466
0.11624,0.091846466
0.116242,0.091846466
0.116244,0.091846466
0.116246,0.091846466
0.116248,0.091846466
0.11625,0.091846466
0.116252,0.091846466
0.116254,0.091846466
0.116256,0.091846466
0.116258,0.091846466
0.11626,0.091846466
0.116262,0.091846466
0.116264,0.091846466
0.116266,0.091846466
0.116268,0.091846466
0.11627,0.091846466
0.116272,0.091846466
0.116274,0.091846466
0.116276,0.091846466
0.116278,0.091846466
0.11628,0.091846466
0.116282,0.091846466
0.116284,0.091846466
0.116286,0.091846466
0.116288,0.091846466
0.11629,0.091846466
0.116292,0.091846466
0.116294,0.091846466
0.116296,0.091846466
0.116298,0.091846466
0.1163,0.50792885
0.116302,1.2938623
0.116304,1.3400936
0.116306,1.3863249
0.116307996,1.3863249
0.11631,1.3863249
0.116312,1.3863249
0.116314,1.3863249
0.116316,1.3863249
0.116318,1.3863249
0.11632,1.3863249
0.116322,1.3863249
0.116324,1.3863249
0.116326,1.3863249
0.116328,1.3863249
0.11633,1.3863249
0.116332,1.3863249
0.116334,1.3863249
0.116336,1.3863249
0.116338,1.3863249
0.11634,1.3863249
0.116342,1.3863249
0.116344,1.3863249
0.116346,1.3863249
0.116348,1.3863249
0.11635,1.3863249
0.116352,1.3863249
0.116353996,1.3863249
0.116356,1.3863249
0.116358,1.3863249
0.11636,1.3863249
0.116362,1.3863249
0.116364,1.3863249
0.116366,1.3863249
0.116368,1.3863249
0.11637,1.3863249
0.116372,1.3863249
0.116374,1.3863249
0.116376,1.3863249
0.116378,1.3863249
0.11638,1.3863249
0.116382,1.3863249
0.116384,1.3863249
0.116386,1.3863249
0.116388,1.3863249
0.11639,1.3863249
0.116392,1.3863249
0.116394,1.3863249
0.116396,1.3863249
0.116398,1.3863249
0.116399996,1.3863249
0.116402,1.3863249
0.116404,1.3863249
0.116406,1.3863249
0.116408,1.3863249
0.11641,1.3863249
0.116412,1.3863249
0.116414,1.3863249
0.116416,1.3863249
0.116418,1.3863249
0.11642,1.3863249
0.116422,1.3863249
0.116424,1.3863249
0.116426,1.3863249
0.116428,1.3863249
0.11643,1.3863249
0.116431996,1.3863249
0.116434,1.3863249
0.116436,1.3863249
0.116438,1.3863249
0.11644,1.3863249
0.116442,1.3863249
0.116444,1.3863249
0.116446,1.3863249
0.116448,1.3863249
0.11645,1.3863249
0.116452,1.3863249
0.116454,1.3863249
0.116456,1.3863249
0.116458,1.3863249
0.11646,1.3863249
0.116462,1.3863249
0.116464,1.3863249
0.116466,1.3863249
0.116468,1.3863249
0.11647,1.3863249
0.116472,1.3863249
0.116474,1.3863249
0.116476,1.3863249
0.116477996,1.3863249
0.11648,1.3863249
0.116482,1.3863249
0.116484,1.3863249
0.116486,1.3863249
0.116488,1.3863249
0.11649,1.3863249
0.116492,1.3863249
0.116494,1.3863249
0.116496,1.3863249
0.116498,1.3863249
0.1165,1.3863249
0.116502,1.3863249
0.116504,1.3863249
0.116506,1.3863249
0.116508,1.3863249
0.11651,1.3863249
0.116512,1.3863249
0.116514,1.3863249
0.116516,1.3863249
0.116518,1.3863249
0.11652,1.3863249
0.116522,1.3863249
0.116523996,1.3863249
0.116526,1.3863249
0.116528,1.3863249
0.11653,1.3863249
0.116532,1.3863249
0.116534,1.3863249
0.116536,1.3863249
0.116538,1.3863249
0.11654,1.3863249
0.116542,1.3863249
0.116544,1.3863249
0.116546,1.3863249
0.116548,1.3863249
0.11655,1.3863249
0.116552,1.3863249
0.116554,1.3863249
0.116555996,1.3863249
0.116558,1.3863249
0.11656,1.3863249
0.116562,1.3863249
0.116564,1.3863249
0.116566,1.3863249
0.116568,1.3863249
0.11657,1.3863249
0.116572,1.3863249
0.116574,1.3863249
0.116576,1.3863249
0.116578,1.3863249
0.11658,1.3863249
0.116582,1.3863249
0.116584,1.3863249
0.116586,1.3863249
0.116588,1.3863249
0.11659,1.3863249
0.116592,1.3863249
0.116594,1.3863249
0.116596,1.3863249
0.116598,1.3863249
0.1166,1.3863249
0.116601996,1.3863249
0.116604,1.3863249
0.116606,1.3863249
0.116608,1.3863249
0.11661,1.3863249
0.116612,1.3863249
0.116614,1.3863249
0.116616,1.3863249
0.116618,1.3863249
0.11662,1.3863249
0.116622,1.3863249
0.116624,1.3863249
0.116626,1.3863249
0.116628,1.3863249
0.11663,1.3863249
0.116632,1.3863249
0.116634,1.3863249
0.116636,1.3863249
0.116638,1.3863249
0.11664,1.3863249
0.116642,1.3863249
0.116644,1.3863249
0.116646,1.3863249
0.116647996,1.3863249
0.11665,1.3863249
0.116652,1.3863249
0.116654,1.8948698
0.116656,2.6345725
0.116658,2.6345725
0.11666,2.6345725
0.116662,2.6345725
0.116664,2.6345725
0.116666,2.6345725
0.116668,2.6345725
0.11667,2.6808028
0.116672,2.6808028
0.116674,2.6808028
0.116676,2.6808028
0.116678,2.6808028
0.116679996,2.6808028
0.116682,2.6808028
0.116684,2.6808028
0.116686,2.6808028
0.116688,2.6808028
0.11669,2.6808028
0.116692,2.6808028
0.116694,2.6808028
0.116696,2.6808028
0.116698,2.6808028
0.1167,2.6808028
0.116702,2.6808028
0.116704,2.6808028
0.116706,2.6808028
0.116708,2.6808028
0.11671,2.6808028
0.116712,2.6808028
0.116714,2.6808028
0.116716,2.6808028
0.116718,2.6808028
0.11672,2.6808028
0.116722,2.6808028
0.116724,2.6808028
0.116725996,2.6808028
0.116728,2.6808028
0.11673,2.6808028
0.116732,2.6808028
0.116734,2.6808028
0.116736,2.6808028
0.116738,2.6808028
0.11674,2.6808028
0.116742,2.6808028
0.116744,2.6808028
0.116746,2.6808028
0.116748,2.6808028
0.11675,2.6808028
0.116752,2.6808028
0.116754,2.6808028
0.116756,2.6808028
0.116758,2.6808028
0.11676,2.6808028
0.116762,2.6808028
0.116764,2.6808028
0.116766,2.6808028
0.116768,2.6808028
0.11677,2.6808028
0.116771996,2.6808028
0.116774,2.6808028
0.116776,2.6808028
0.116778,2.6808028
0.11678,2.6808028
0.116782,2.6808028
0.116784,2.6808028
0.116786,2.6808028
0.116788,2.6808028
0.11679,2.6808028
0.116792,2.6808028
0.116794,2.6808028
0.116796,2.6808028
0.116798,2.6808028
0.1168,2.6808028
0.116802,2.6808028
0.116803996,2.6808028
0.116806,2.6808028
0.116808,2.6808028
0.11681,2.6808028
0.116812,2.6808028
0.116814,2.6808028
0.116816,2.6808028
0.116818,2.6808028
0.11682,2.6808028
0.116822,2.6808028
0.116824,2.6808028
0.116826,2.6808028
0.116828,2.6808028
0.11683,2.6808028
0.116832,2.6808028
0.116834,2.6808028
0.116836,2.6808028
0.116838,2.6808028
0.11684,2.6808028
0.116842,2.6808028
0.116844,2.6808028
0.116846,2.6808028
0.116848,2.6808028
0.116849996,2.6808028
0.116852,2.6808028
0.116854,2.6808028
0.116856,2.6808028
0.116858,2.6808028
0.11686,2.6808028
0.116862,2.6808028
0.116864,2.6808028
0.116866,2.6808028
0.116868,2.6808028
0.11687,2.6808028
0.116872,2.6808028
0.116874,2.6808028
0.116876,2.6808028
0.116878,2.6808028
0.11688,2.6808028
0.116882,2.6808028
0.116884,2.6808028
0.116886,2.6808028
0.116888,2.6808028
0.11689,2.6808028
0.116892,2.6808028
0.116894,2.6808028
0.116895996,2.6808028
0.116898,2.6808028
0.1169,2.6808028
0.116902,2.6808028
0.116904,2.6808028
0.116906,2.6808028
0.116908,2.6808028
0.11691,2.6808028
0.116912,2.6808028
0.116914,2.6808028
0.116916,2.6808028
0.116918,2.6808028
0.11692,2.6808028
0.116922,2.6808028
0.116924,2.6808028
0.116926,2.6808028
0.116928,2.6808028
0.11693,2.6808028
0.116932,2.6808028
0.116934,2.6808028
0.116936,2.6808028
0.116938,2.6808028
0.11694,2.6808028
0.116942,2.6808028
0.116944,2.6808028
0.116946,2.6808028
0.116948,2.6808028
0.11695,2.6808028
0.116952,2.6808028
0.116954,2.6808028
0.116956,2.6808028
0.116958,2.6808028
0.11696,2.6808028
0.116962,2.6808028
0.116964,2.6808028
0.116966,2.6808028
0.116968,2.6808028
0.11697,2.6808028
0.116972,2.6808028
0.116973996,2.6808028
0.116976,2.6808028
0.116978,2.6808028
0.11698,2.6345725
0.116982,3.92905
0.116984,3.92905
0.116986,3.92905
0.116988,3.92905
0.11699,3.9752812
0.116992,3.9752812
0.116994,3.9752812
0.116996,3.9752812
0.116998,3.9752812
0.117,3.9752812
0.117002,3.9752812
0.117004,3.9752812
0.117006,3.9752812
0.117008,3.9752812
0.11701,3.9752812
0.117012,3.9752812
0.117014,3.9752812
0.117016,3.9752812
0.117018,3.9752812
0.117019996,3.9752812
0.117022,3.9752812
0.117024,3.9752812
0.117026,3.9752812
0.117028,3.9752812
0.11703,3.9752812
0.117032,3.9752812
0.117034,3.9752812
0.117036,3.9752812
0.117038,3.9752812
0.11704,3.9752812
0.117042,3.9752812
0.117044,3.9752812
0.117046,3.9752812
0.117048,3.9752812
0.11705,3.9752812
0.117052,3.9752812
0.117054,3.9752812
0.117056,3.9752812
0.117058,3.9752812
0.11706,3.9752812
0.117062,3.9752812
0.117064,3.9752812
0.117066,3.9752812
0.117068,3.9752812
0.11707,3.9752812
0.117072,3.9752812
0.117074,3.9752812
0.117076,3.9752812
0.117078,3.9752812
0.11708,3.9752812
0.117082,3.9752812
0.117084,3.9752812
0.117086,3.9752812
0.117088,3.9752812
0.11709,3.9752812
0.117092,3.9752812
0.117094,3.9752812
0.117096,3.9752812
0.117097996,3.9752812
0.1171,3.9752812
0.117102,3.9752812
0.117104,3.9752812
0.117106,3.9752812
0.117108,3.9752812
0.11711,3.9752812
0.117112,3.9752812
0.117114,3.9752812
0.117116,3.9752812
0.117118,3.9752812
0.11712,3.9752812
0.117122,3.9752812
0.117124,3.9752812
0.117126,3.9752812
0.117128,3.9752812
0.11713,3.9752812
0.117132,3.9752812
0.117134,3.9752812
0.117136,3.9752812
0.117138,3.9752812
0.11714,3.9752812
0.117142,3.9752812
0.117143996,3.9752812
0.117146,3.9752812
0.117148,3.9752812
0.11715,3.9752812
0.117152,3.9752812
0.117154,3.9752812
0.117156,3.9752812
0.117158,3.9752812
0.11716,3.9752812
0.117162,3.9752812
0.117164,3.9752812
0.117166,3.9752812
0.117168,3.9752812
0.11717,3.9752812
0.117172,3.9752812
0.117174,3.9752812
0.117176,3.9752812
0.117178,3.9752812
0.11718,3.9752812
0.117182,3.9752812
0.117184,3.9752812
0.117186,3.9752812
0.117188,3.9752812
0.11719,3.9752812
0.117192,3.9752812
0.117194,3.9752812
0.117196,3.9752812
0.117198,3.9752812
0.1172,3.9752812
0.117202,3.9752812
0.117204,3.9752812
0.117206,3.9752812
0.117208,3.9752812
0.11721,3.9752812
0.117212,3.9752812
0.117214,3.9752812
0.117216,3.9752812
0.117218,3.9752812
0.11722,3.9752812
0.117221996,3.9752812
0.117224,3.9752812
0.117226,3.9752812
0.117228,3.9752812
0.11723,3.9752812
0.117232,3.9752812
0.117234,3.9752812
0.117236,3.9752812
0.117238,3.9752812
0.11724,3.9752812
0.117242,3.9752812
0.117244,3.9752812
0.117246,3.9752812
0.117248,3.9752812
0.11725,3.9752812
0.117252,3.9752812
0.117254,3.9752812
0.117256,3.9752812
0.117258,3.9752812
0.11726,3.9752812
0.117262,3.9752812
0.117264,3.9752812
0.117266,3.9752812
0.117267996,3.9752812
0.11727,3.9752812
0.117272,3.9752812
0.117274,3.9752812
0.117276,3.9752812
0.117278,3.9752812
0.11728,3.9752812
0.117282,3.9752812
0.117284,3.9752812
0.117286,3.9752812
0.117288,3.9752812
0.11729,3.9752812
0.117292,3.9752812
0.117294,3.9752812
0.117296,3.9752812
0.117298,3.9752812
0.1173,3.9752812
0.117302,3.9752812
0.117304,3.9752812
0.117306,3.9752812
0.117308,3.9752812
0.11731,3.9752812
0.117312,3.9752812
0.117314,3.9752812
0.117316,3.9752812
0.117318,3.9752812
0.11732,3.9752812
0.117322,3.9752812
0.117324,3.9752812
0.117326,3.9752812
0.117328,3.9752812
0.11733,3.9752812
0.117332,3.9752812
0.117334,3.9752812
0.117336,3.9752812
0.117338,3.9752812
0.11734,3.9752812
0.117342,3.9752812
0.117344,3.9752812
0.117345996,3.9752812
0.117348,3.9752812
0.11735,3.9752812
0.117352,3.9752812
0.117354,3.9752812
0.117356,3.9752812
0.117358,3.9752812
0.11736,3.9752812
0.117362,3.9752812
0.117364,3.9752812
0.117366,3.9752812
0.117368,3.9752812
0.11737,3.9752812
0.117372,3.9752812
0.117374,3.9752812
0.117376,3.9752812
0.117378,3.9752812
0.11738,3.9752812
0.117382,3.9752812
0.117384,3.9752812
0.117386,3.9752812
0.117388,3.9752812
0.11739,3.9752812
0.117391996,3.9752812
0.117394,3.9752812
0.117396,3.9752812
0.117398,3.9752812
0.1174,3.9752812
0.117402,3.9752812
0.117404,3.9752812
0.117406,3.9752812
0.117408,3.9752812
0.11741,3.9752812
0.117412,3.9752812
0.117414,3.9752812
0.117416,3.9752812
0.117418,3.9752812
0.11742,3.9752812
0.117422,3.9752812
0.117424,3.9752812
0.117426,3.9752812
0.117428,3.9752812
0.11743,3.9752812
0.117432,3.9752812
0.117434,3.9752812
0.117436,3.9752812
0.117438,3.9752812
0.11744,3.9752812
0.117442,3.9752812
0.117444,3.9752812
0.117446,3.9752812
0.117448,3.9752812
0.11745,3.9752812
0.117452,3.9752812
0.117454,3.9752812
0.117456,3.9752812
0.117458,3.9752812
0.11746,3.9752812
0.117462,3.9752812
0.117464,3.9752812
0.117466,3.9752812
0.117468,3.9752812
0.117469996,3.9752812
0.117472,3.9752812
0.117474,3.9752812
0.117476,3.9752812
0.117478,3.9752812
0.11748,3.9752812
0.117482,3.9752812
0.117484,3.9752812
0.117486,3.9752812
0.117488,3.9752812
0.11749,3.9752812
0.117492,3.9752812
0.117494,3.9752812
0.117496,3.9752812
0.117498,3.9752812
0.1175,3.9752812
0.117502,3.9752812
0.117504,3.9752812
0.117506,3.9752812
0.117508,3.9752812
0.11751,3.9752812
0.117512,3.9752812
0.117514,3.9752812
0.117515996,3.9752812
0.117518,3.9752812
0.11752,3.9752812
0.117522,3.9752812
0.117524,3.9752812
0.117526,3.9752812
0.117528,3.9752812
0.11753,3.9752812
0.117532,3.9752812
0.117534,3.9752812
0.117536,3.9752812
0.117538,3.9752812
0.11754,3.9752812
0.117542,3.9752812
0.117544,3.9752812
0.117546,3.9752812
0.117548,3.9752812
0.11755,3.9752812
0.117552,3.9752812
0.117554,3.9752812
0.117556,3.9752812
0.117558,3.9752812
0.11756,3.9752812
0.117561996,3.9752812
0.117564,3.9752812
0.117566,3.9752812
0.117568,3.9752812
0.11757,3.9752812
0.117572,3.9752812
0.117574,3.9752812
0.117576,3.9752812
0.117578,3.9752812
0.11758,3.9752812
0.117582,3.9752812
0.117584,3.9752812
0.117586,3.9752812
0.117588,3.9752812
0.11759,3.9752812
0.117592,3.9752812
0.117593996,3.9752812
0.117596,3.9752812
0.117598,3.9752812
0.1176,3.9752812
0.117602,3.9752812
0.117604,3.9752812
0.117606,3.9752812
0.117608,3.9752812
0.11761,3.9752812
0.117612,3.9752812
0.117614,3.9752812
0.117616,3.9752812
0.117618,3.9752812
0.11762,3.9752812
0.117622,3.9752812
0.117624,3.9752812
0.117626,3.9752812
0.117628,3.9752812
0.11763,3.9752812
0.117632,3.9752812
0.117634,3.9752812
0.117636,3.9752812
0.117638,3.9752812
0.117639996,3.9752812
0.117642,3.9752812
0.117644,3.9752812
0.117646,3.9752812
0.117648,3.9752812
0.11765,3.9752812
0.117652,3.9752812
0.117654,3.9752812
0.117656,3.9752812
0.117658,3.9752812
0.11766,3.9752812
0.117662,3.9752812
0.117664,3.9752812
0.117666,3.9752812
0.117668,3.9752812
0.11767,3.9752812
0.117672,3.9752812
0.117674,3.9752812
0.117676,3.9752812
0.117678,3.9752812
0.11768,3.9752812
0.117682,3.9752812
0.117684,3.9752812
0.117685996,3.9752812
0.117688,3.9752812
0.11769,3.9752812
0.117692,3.9752812
0.117694,3.9752812
0.117696,3.9752812
0.117698,3.9752812
0.1177,3.9752812
0.117702,3.9752812
0.117704,3.9752812
0.117706,3.9752812
0.117708,3.9752812
0.11771,3.9752812
0.117712,3.9752812
0.117714,3.9752812
0.117716,3.9752812
0.117717996,3.9752812
0.11772,3.9752812
0.117722,3.9752812
0.117724,3.9752812
0.117726,3.9752812
0.117728,3.9752812
0.11773,3.9752812
0.117732,3.9752812
0.117734,3.9752812
0.117736,3.9752812
0.117738,3.9752812
0.11774,3.9752812
0.117742,3.9752812
0.117744,3.9752812
0.117746,3.9752812
0.117748,3.9752812
0.11775,3.9752812
0.117752,3.9752812
0.117754,3.9752812
0.117756,3.9752812
0.117758,3.9752812
0.11776,3.9752812
0.117762,3.9752812
0.117763996,3.9752812
0.117766,3.9752812
0.117768,3.9752812
0.11777,3.9752812
0.117772,3.9752812
0.117774,3.9752812
0.117776,3.9752812
0.117778,3.9752812
0.11778,3.9752812
0.117782,3.9752812
0.117784,3.9752812
0.117786,3.9752812
0.117788,3.9752812
0.11779,3.9752812
0.117792,3.9752812
0.117794,3.9752812
0.117796,3.9752812
0.117798,3.9752812
0.1178,3.9752812
0.117802,3.9752812
0.117804,3.9752812
0.117806,3.9752812
0.117808,3.9752812
0.117809996,3.9752812
0.117812,3.9752812
0.117814,3.9752812
0.117816,3.9752812
0.117818,3.9752812
0.11782,3.9752812
0.117822,3.9752812
0.117824,3.9752812
0.117826,3.9752812
0.117828,3.9752812
0.11783,3.9752812
0.117832,3.9752812
0.117834,3.9752812
0.117836,3.9752812
0.117838,3.9752812
0.11784,3.9752812
0.117841996,3.9752812
0.117844,3.9752812
0.117846,3.9752812
0.117848,3.9752812
0.11785,3.9752812
0.117852,3.9752812
0.117854,3.9752812
0.117856,3.9752812
0.117858,3.9752812
0.11786,3.9752812
0.117862,3.9752812
0.117864,3.9752812
0.117866,3.9752812
0.117868,3.9752812
0.11787,3.9752812
0.117872,3.9752812
0.117874,3.9752812
0.117876,3.9752812
0.117878,3.9752812
0.11788,3.9752812
0.117882,3.9752812
0.117884,3.9752812
0.117886,3.9752812
0.117887996,3.9752812
0.11789,3.9752812
0.117892,3.9752812
0.117894,3.9752812
0.117896,3.9752812
0.117898,3.9752812
0.1179,3.9752812
0.117902,3.9752812
0.117904,3.9752812
0.117906,3.9752812
0.117908,3.9752812
0.11791,3.9752812
0.117912,3.9752812
0.117914,3.9752812
0.117916,3.9752812
0.117918,3.9752812
0.11792,3.9752812
0.117922,3.9752812
0.117924,3.9752812
0.117926,3.9752812
0.117928,3.9752812
0.11793,3.9752812
0.117932,3.9752812
0.117933996,3.9752812
0.117936,3.9752812
0.117938,3.9752812
0.11794,3.9752812
0.117942,3.9752812
0.117944,3.9752812
0.117946,3.9752812
0.117948,3.9752812
0.11795,3.9752812
0.117952,3.9752812
0.117954,3.9752812
0.117956,3.9752812
0.117958,3.9752812
0.11796,3.9752812
0.117962,3.9752812
0.117964,3.9752812
0.117965996,3.9752812
0.117968,3.9752812
0.11797,3.9752812
0.117972,3.9752812
0.117974,3.9752812
0.117976,3.9752812
0.117978,3.9752812
0.11798,3.9752812
0.117982,3.9752812
0.117984,3.9752812
0.117986,3.9752812
0.117988,3.9752812
0.11799,3.9752812
0.117992,3.9752812
0.117994,3.9752812
0.117996,3.9752812
0.117998,3.9752812
0.118,3.9752812
0.118002,3.9752812
0.118004,3.9752812
0.118006,3.9752812
0.118008,3.9752812
0.11801,3.9752812
0.118011996,3.9752812
0.118014,3.9752812
0.118016,3.9752812
0.118018,3.9752812
0.11802,3.9752812
0.118022,3.9752812
0.118024,3.9752812
0.118026,3.9752812
0.118028,3.9752812
0.11803,3.9752812
0.118032,3.9752812
0.118034,3.9752812
0.118036,3.9752812
0.118038,3.9752812
0.11804,3.9752812
0.118042,3.9752812
0.118044,3.9752812
0.118046,3.9752812
0.118048,3.9752812
0.11805,3.9752812
0.118052,3.9752812
0.118054,3.9752812
0.118056,3.9752812
0.118057996,3.9752812
0.11806,3.9752812
0.118062,3.9752812
0.118064,3.9752812
0.118066,3.9752812
0.118068,3.9752812
0.11807,3.9752812
0.118072,3.9752812
0.118074,3.9752812
0.118076,3.9752812
0.118078,3.9752812
0.11808,3.9752812
0.118082,3.9752812
0.118084,3.9752812
0.118086,3.9752812
0.118088,3.9752812
0.11809,3.9752812
0.118092,3.9752812
0.118094,3.9752812
0.118096,3.9752812
0.118098,3.9752812
0.1181,3.9752812
0.118102,3.9752812
0.118104,3.9752812
0.118106,3.9752812
0.118108,3.9752812
0.11811,3.9752812
0.118112,3.9752812
0.118114,3.9752812
0.118116,3.9752812
0.118118,3.9752812
0.11812,3.9752812
0.118122,3.9752812
0.118124,3.0044227
0.118126,2.727035
0.118128,2.727035
0.11813,2.727035
0.118132,2.727035
0.118134,2.727035
0.118135996,2.727035
0.118138,2.727035
0.11814,2.727035
0.118142,2.727035
0.118144,2.6808028
0.118146,2.6808028
0.118148,2.6808028
0.11815,2.6808028
0.118152,2.6808028
0.118154,2.6808028
0.118156,2.6808028
0.118158,2.6808028
0.11816,2.6808028
0.118162,2.6808028
0.118164,2.6808028
0.118166,2.6808028
0.118168,2.6808028
0.11817,2.6808028
0.118172,2.6808028
0.118174,2.6808028
0.118176,2.6808028
0.118178,2.6808028
0.11818,2.6808028
0.118181996,2.6808028
0.118184,2.6808028
0.118186,2.6808028
0.118188,2.6808028
0.11819,2.6808028
0.118192,2.6808028
0.118194,2.6808028
0.118196,2.6808028
0.118198,2.6808028
0.1182,2.6808028
0.118202,2.6808028
0.118204,2.6808028
0.118206,2.6808028
0.118208,2.6808028
0.11821,2.6808028
0.118212,2.6808028
0.118214,2.6808028
0.118216,2.6808028
0.118218,2.6808028
0.11822,2.6808028
0.118222,2.6808028
0.118224,2.6808028
0.118226,2.6808028
0.118228,2.6808028
0.11823,2.6808028
0.118232,2.6808028
0.118234,2.6808028
0.118236,2.6808028
0.118238,2.6808028
0.11824,2.6808028
0.118242,2.6808028
0.118244,2.6808028
0.118246,2.6808028
0.118248,2.6808028
0.11825,2.6808028
0.118252,2.6808028
0.118254,2.6808028
0.118256,2.6808028
0.118258,2.6808028
0.118259996,2.6808028
0.118262,2.6808028
0.118264,2.6808028
0.118266,2.6808028
0.118268,2.6808028
0.11827,2.6808028
0.118272,2.6808028
0.118274,2.6808028
0.118276,2.6808028
0.118278,2.6808028
0.11828,2.6808028
0.118282,2.6808028
0.118284,2.6808028
0.118286,2.6808028
0.118288,2.6808028
0.11829,2.6808028
0.118292,2.6808028
0.118294,2.6808028
0.118296,2.6808028
0.118298,2.6808028
0.1183,2.6808028
0.118302,2.6808028
0.118304,2.6808028
0.118305996,2.6808028
0.118308,2.6808028
0.11831,2.6808028
0.118312,2.6808028
0.118314,2.6808028
0.118316,2.6808028
0.118318,2.6808028
0.11832,2.6808028
0.118322,2.6808028
0.118324,2.6808028
0.118326,2.6808028
0.118328,2.6808028
0.11833,2.6808028
0.118332,2.6808028
0.118334,2.6808028
0.118336,2.6808028
0.118338,2.6808028
0.11834,2.6808028
0.118342,2.6808028
0.118344,2.6808028
0.118346,2.6808028
0.118348,2.6808028
0.11835,2.6808028
0.118352,2.6808028
0.118354,2.6808028
0.118356,2.6808028
0.118358,2.6808028
0.11836,2.6808028
0.118362,2.6808028
0.118364,2.6808028
0.118366,2.6808028
0.118368,2.6808028
0.11837,2.6808028
0.118372,2.6808028
0.118374,2.6808028
0.118376,2.6808028
0.118378,2.6808028
0.11838,2.6808028
0.118382,2.6808028
0.118383996,2.6808028
0.118386,2.6808028
0.118388,2.6808028
0.11839,2.6808028
0.118392,2.6808028
0.118394,2.6808028
0.118396,2.6808028
0.118398,2.6808028
0.1184,2.6808028
0.118402,2.6808028
0.118404,2.6808028
0.118406,2.6808028
0.118408,2.6808028
0.11841,2.6808028
0.118412,2.6808028
0.118414,2.6808028
0.118416,2.6808028
0.118418,2.6808028
0.11842,2.6808028
0.118422,2.6808028
0.118424,2.6808028
0.118426,2.6808028
0.118428,2.6808028
0.118429996,2.6808028
0.118432,2.6808028
0.118434,2.6808028
0.118436,2.6808028
0.118438,2.6808028
0.11844,2.6808028
0.118442,2.6808028
0.118444,2.6808028
0.118446,2.6808028
0.118448,2.6808028
0.11845,2.0797954
0.118452,1.4787879
0.118454,1.4325566
0.118456,1.4325566
0.118458,1.4325566
0.11846,1.4325566
0.118462,1.4325566
0.118464,1.4325566
0.118466,1.4325566
0.118468,1.4325566
0.11847,1.4325566
0.118472,1.4325566
0.118474,1.4325566
0.118476,1.4325566
0.118478,1.4325566
0.11848,1.4325566
0.118482,1.4325566
0.118484,1.4325566
0.118486,1.4325566
0.118488,1.3863249
0.11849,1.4325566
0.118492,1.3863249
0.118494,1.3863249
0.118496,1.3863249
0.118498,1.3863249
0.1185,1.3863249
0.118502,1.3863249
0.118504,1.3863249
0.118506,1.3863249
0.118507996,1.3863249
0.11851,1.3863249
0.118512,1.3863249
0.118514,1.3863249
0.118516,1.3863249
0.118518,1.3863249
0.11852,1.3863249
0.118522,1.3863249
0.118524,1.3863249
0.118526,1.3863249
0.118528,1.3863249
0.11853,1.3863249
0.118532,1.3863249
0.118534,1.3863249
0.118536,1.3863249
0.118538,1.3863249
0.11854,1.3863249
0.118542,1.3863249
0.118544,1.3863249
0.118546,1.3863249
0.118548,1.3863249
0.11855,1.3863249
0.118552,1.3863249
0.118553996,1.3863249
0.118556,1.3863249
0.118558,1.3863249
0.11856,1.3863249
0.118562,1.3863249
0.118564,1.3863249
0.118566,1.3863249
0.118568,1.3863249
0.11857,1.3863249
0.118572,1.3863249
0.118574,1.3863249
0.118576,1.3863249
0.118578,1.3863249
0.11858,1.3863249
0.118582,1.3863249
0.118584,1.3863249
0.118586,1.3863249
0.118588,1.3863249
0.11859,1.3863249
0.118592,1.3863249
0.118594,1.3863249
0.118596,1.3863249
0.118598,1.3863249
0.1186,1.3863249
0.118602,1.3863249
0.118604,1.3863249
0.118606,1.3863249
0.118608,1.3863249
0.11861,1.3863249
0.118612,1.3863249
0.118614,1.3863249
0.118616,1.3863249
0.118618,1.3863249
0.11862,1.3863249
0.118622,1.3863249
0.118624,1.3863249
0.118626,1.3863249
0.118628,1.3863249
0.11863,1.3863249
0.118631996,1.3863249
0.118634,1.3863249
0.118636,1.3863249
0.118638,1.3863249
0.11864,1.3863249
0.118642,1.3863249
0.118644,1.3863249
0.118646,1.3863249
0.118648,1.3863249
0.11865,1.3863249
0.118652,1.3863249
0.118654,1.3863249
0.118656,1.3863249
0.118658,1.3863249
0.11866,1.3863249
0.118662,1.3863249
0.118664,1.3863249
0.118666,1.3863249
0.118668,1.3863249
0.11867,1.3863249
0.118672,1.3863249
0.118674,1.3863249
0.118676,1.3863249
0.118677996,1.3863249
0.11868,1.3863249
0.118682,1.3863249
0.118684,1.3863249
0.118686,1.3863249
0.118688,1.3863249
0.11869,1.3863249
0.118692,1.3863249
0.118694,1.3863249
0.118696,1.3863249
0.118698,1.3863249
0.1187,1.3863249
0.118702,1.3863249
0.118704,1.3863249
0.118706,1.3863249
0.118708,1.3863249
0.11871,1.3863249
0.118712,1.3863249
0.118714,1.3863249
0.118716,1.3863249
0.118718,1.3863249
0.11872,1.3863249
0.118722,1.3863249
0.118723996,1.3863249
0.118726,1.3863249
0.118728,1.3863249
0.11873,1.3863249
0.118732,1.3863249
0.118734,1.3863249
0.118736,1.3863249
0.118738,1.3863249
0.11874,1.3863249
0.118742,1.3863249
0.118744,1.3863249
0.118746,1.3863249
0.118748,1.3863249
0.11875,1.3863249
0.118752,1.3863249
0.118754,1.3863249
0.118755996,1.3863249
0.118758,1.3863249
0.11876,1.3863249
0.118762,1.3863249
0.118764,1.3863249
0.118766,1.3863249
0.118768,1.3863249
0.11877,1.3863249
0.118772,1.3863249
0.118774,1.3863249
0.118776,1.3863249
0.118778,1.3863249
0.11878,1.3863249
0.118782,1.3863249
0.118784,1.3863249
0.118786,1.3863249
0.118788,1.3863249
0.11879,1.3863249
0.118792,1.3863249
0.118794,1.3863249
0.118796,1.3863249
0.118798,1.3863249
0.1188,1.3863249
0.118801996,1.3863249
0.118804,0.7390857
0.118806,0.13807821
0.118808,0.13807821
0.11881,0.13807821
0.118812,0.13807821
0.118814,0.13807821
0.118816,0.13807821
0.118818,0.13807821
0.11882,0.13807821
0.118822,0.13807821
0.118824,0.13807821
0.118826,0.13807821
0.118828,0.091846466
0.11883,0.091846466
0.118832,0.091846466
0.118834,0.091846466
0.118836,0.091846466
0.118838,0.091846466
0.11884,0.091846466
0.118842,0.091846466
0.118844,0.091846466
0.118846,0.091846466
0.118847996,0.091846466
0.11885,0.091846466
0.118852,0.091846466
0.118854,0.091846466
0.118856,0.091846466
0.118858,0.091846466
0.11886,0.091846466
0.118862,0.091846466
0.118864,0.091846466
0.118866,0.091846466
0.118868,0.091846466
0.11887,0.091846466
0.118872,0.091846466
0.118874,0.091846466
0.118876,0.091846466
0.118878,0.091846466
0.118879996,0.091846466
0.118882,0.091846466
0.118884,0.091846466
0.118886,0.091846466
0.118888,0.091846466
0.11889,0.091846466
0.118892,0.091846466
0.118894,0.091846466
0.118896,0.091846466
0.118898,0.091846466
0.1189,0.091846466
0.118902,0.091846466
0.118904,0.091846466
0.118906,0.091846466
0.118908,0.091846466
0.11891,0.091846466
0.118912,0.091846466
0.118914,0.091846466
0.118916,0.091846466
0.118918,0.091846466
0.11892,0.091846466
0.118922,0.091846466
0.118924,0.091846466
0.118925996,0.091846466
0.118928,0.091846466
0.11893,0.091846466
0.118932,0.091846466
0.118934,0.091846466
0.118936,0.091846466
0.118938,0.091846466
0.11894,0.091846466
0.118942,0.091846466
0.118944,0.091846466
0.118946,0.091846466
0.118948,0.091846466
0.11895,0.091846466
0.118952,0.091846466
0.118954,0.091846466
0.118956,0.091846466
0.118958,0.091846466
0.11896,0.091846466
0.118962,0.091846466
0.118964,0.091846466
0.118966,0.091846466
0.118968,0.091846466
0.11897,0.091846466
0.118971996,0.091846466
0.118974,0.091846466
0.118976,0.091846466
0.118978,0.091846466
0.11898,0.091846466
0.118982,0.091846466
0.118984,0.091846466
0.118986,0.091846466
0.118988,0.091846466
0.11899,0.091846466
0.118992,0.091846466
0.118994,0.091846466
0.118996,0.091846466
0.118998,0.091846466
0.119,0.091846466
0.119002,0.091846466
0.119003996,0.091846466
0.119006,0.091846466
0.119008,0.091846466
0.11901,0.091846466
0.119012,0.091846466
0.119014,0.091846466
0.119016,0.091846466
0.119018,0.091846466
0.11902,0.091846466
0.119022,0.091846466
0.119024,0.091846466
0.119026,0.091846466
0.119028,0.091846466
0.11903,0.091846466
0.119032,0.091846466
0.119034,0.091846466
0.119036,0.091846466
0.119038,0.091846466
0.11904,0.091846466
0.119042,0.091846466
0.119044,0.091846466
0.119046,0.091846466
0.119048,0.091846466
0.119049996,0.091846466
0.119052,0.091846466
0.119054,0.091846466
0.119056,0.091846466
0.119058,0.091846466
0.11906,0.091846466
0.119062,0.091846466
0.119064,0.091846466
0.119066,0.091846466
0.119068,0.091846466
0.11907,0.091846466
0.119072,0.091846466
0.119074,0.091846466
0.119076,0.091846466
0.119078,0.091846466
0.11908,0.091846466
0.119082,0.091846466
0.119084,0.091846466
0.119086,0.091846466
0.119088,0.091846466
0.11909,0.091846466
0.119092,0.091846466
0.119094,0.091846466
0.119095996,0.091846466
0.119098,0.091846466
0.1191,0.091846466
0.119102,0.091846466
0.119104,0.091846466
0.119106,0.091846466
0.119108,0.091846466
0.11911,0.091846466
0.119112,0.091846466
0.119114,0.091846466
0.119116,0.091846466
0.119118,0.091846466
0.11912,0.091846466
0.119122,0.091846466
0.119124,0.091846466
0.119126,0.091846466
0.119127996,0.091846466
0.11913,0.091846466
0.119132,0.091846466
0.119134,0.091846466
0.119136,0.091846466
0.119138,0.091846466
0.11914,0.091846466
0.119142,0.091846466
0.119144,0.091846466
0.119146,0.091846466
0.119148,0.091846466
0.11915,0.091846466
0.119152,0.091846466
0.119154,0.091846466
0.119156,0.091846466
0.119158,0.091846466
0.11916,0.091846466
0.119162,0.091846466
0.119164,0.091846466
0.119166,0.091846466
0.119168,0.091846466
0.11917,0.091846466
0.119172,0.091846466
0.119173996,0.091846466
0.119176,0.091846466
0.119178,0.091846466
0.11918,0.091846466
0.119182,0.091846466
0.119184,0.091846466
0.119186,0.091846466
0.119188,0.091846466
0.11919,0.091846466
0.119192,0.091846466
0.119194,0.091846466
0.119196,0.091846466
0.119198,0.091846466
0.1192,0.091846466
0.119202,0.091846466
0.119204,0.091846466
0.119206,0.091846466
0.119208,0.091846466
0.11921,0.091846466
0.119212,0.091846466
0.119214,0.091846466
0.119216,0.091846466
0.119218,0.091846466
0.119219996,0.091846466
0.119222,0.091846466
0.119224,0.091846466
0.119226,0.091846466
0.119228,0.091846466
0.11923,0.091846466
0.119232,0.091846466
0.119234,0.091846466
0.119236,0.091846466
0.119238,0.091846466
0.11924,0.091846466
0.119242,0.091846466
0.119244,0.091846466
0.119246,0.091846466
0.119248,0.091846466
0.11925,0.091846466
0.119252,0.091846466
0.119254,0.091846466
0.119256,0.091846466
0.119258,0.091846466
0.11926,0.091846466
0.119262,0.091846466
0.119264,0.091846466
0.119266,0.091846466
0.119268,0.091846466
0.11927,0.091846466
0.119272,0.091846466
0.119274,0.091846466
0.119276,0.091846466
0.119278,0.091846466
0.11928,0.091846466
0.119282,0.091846466
0.119284,0.091846466
0.119286,0.091846466
0.119288,0.091846466
0.11929,0.091846466
0.119292,0.091846466
0.119294,0.091846466
0.119296,0.091846466
0.119297996,0.091846466
0.1193,0.091846466
0.119302,0.091846466
0.119304,0.091846466
0.119306,0.091846466
0.119308,0.091846466
0.11931,0.091846466
0.119312,0.091846466
0.119314,0.091846466
0.119316,0.091846466
0.119318,0.091846466
0.11932,0.091846466
0.119322,0.091846466
0.119324,0.091846466
0.119326,0.091846466
0.119328,0.091846466
0.11933,0.091846466
0.119332,0.091846466
0.119334,0.091846466
0.119336,0.091846466
0.119338,0.091846466
0.11934,0.091846466
0.119342,0.091846466
0.119343996,0.091846466
0.119346,0.091846466
0.119348,0.091846466
0.11935,0.091846466
0.119352,0.091846466
0.119354,0.091846466
0.119356,0.091846466
0.119358,0.091846466
0.11936,0.091846466
0.119362,0.091846466
0.119364,0.091846466
0.119366,0.091846466
0.119368,0.091846466
0.11937,0.091846466
0.119372,0.091846466
0.119374,0.091846466
0.119376,0.091846466
0.119378,0.091846466
0.11938,0.091846466
0.119382,0.091846466
0.119384,0.091846466
0.119386,0.091846466
0.119388,0.091846466
0.11939,0.091846466
0.119392,0.091846466
0.119394,0.091846466
0.119396,0.091846466
0.119398,0.091846466
0.1194,0.091846466
0.119402,0.091846466
0.119404,0.091846466
0.119406,0.091846466
0.119408,0.091846466
0.11941,0.091846466
0.119412,0.091846466
0.119414,0.091846466
0.119416,0.091846466
0.119418,0.091846466
0.11942,0.091846466
0.119421996,0.091846466
0.119424,0.091846466
0.119426,0.091846466
0.119428,0.091846466
0.11943,0.091846466
0.119432,0.091846466
0.119434,0.091846466
0.119436,0.091846466
0.119438,0.091846466
0.11944,0.091846466
0.119442,0.091846466
0.119444,0.091846466
0.119446,0.091846466
0.119448,0.091846466
0.11945,0.091846466
0.119452,0.091846466
0.119454,0.091846466
0.119456,0.091846466
0.119458,0.091846466
0.11946,0.091846466
0.119462,0.091846466
0.119464,0.091846466
0.119466,0.091846466
0.119467996,0.091846466
0.11947,0.091846466
0.119472,0.091846466
0.119474,0.091846466
0.119476,0.091846466
0.119478,0.091846466
0.11948,0.091846466
0.119482,0.091846466
0.119484,0.091846466
0.119486,0.091846466
0.119488,0.091846466
0.11949,0.091846466
0.119492,0.091846466
0.119494,0.091846466
0.119496,0.091846466
0.119498,0.091846466
0.1195,0.091846466
0.119502,0.091846466
0.119504,0.091846466
0.119506,0.091846466
0.119508,0.091846466
0.11951,0.091846466
0.119512,0.091846466
0.119514,0.091846466
0.119516,0.091846466
0.119518,0.091846466
0.11952,0.091846466
0.119522,0.091846466
0.119524,0.091846466
0.119526,0.091846466
0.119528,0.091846466
0.11953,0.091846466
0.119532,0.091846466
0.119534,0.091846466
0.119536,0.091846466
0.119538,0.091846466
0.11954,0.091846466
0.119542,0.091846466
0.119544,0.091846466
0.119545996,0.091846466
0.119548,0.091846466
0.11955,0.091846466
0.119552,0.091846466
0.119554,0.091846466
0.119556,0.091846466
0.119558,0.091846466
0.11956,0.091846466
0.119562,0.091846466
0.119564,0.091846466
0.119566,0.091846466
0.119568,0.091846466
0.11957,0.091846466
0.119572,0.091846466
0.119574,0.091846466
0.119576,0.091846466
0.119578,0.091846466
0.11958,0.091846466
0.119582,0.091846466
0.119584,0.091846466
0.119586,0.091846466
0.119588,0.091846466
0.11959,0.091846466
0.119591996,0.091846466
0.119594,0.091846466
0.119596,0.091846466
0.119598,0.091846466
0.1196,0.091846466
0.119602,0.091846466
0.119604,0.091846466
0.119606,0.091846466
0.119608,0.091846466
0.11961,0.091846466
0.119612,0.091846466
0.119614,0.091846466
0.119616,0.091846466
0.119618,0.091846466
0.11962,0.091846466
0.119622,0.091846466
0.119624,0.091846466
0.119626,0.091846466
0.119628,0.091846466
0.11963,0.091846466
0.119632,0.091846466
0.119634,0.091846466
0.119636,0.091846466
0.119638,0.091846466
0.11964,0.091846466
0.119642,0.091846466
0.119644,0.091846466
0.119646,0.091846466
0.119648,1.0627055
0.11965,1.3400936
0.119652,1.3400936
0.119654,1.3863249
0.119656,1.3863249
0.119658,1.3863249
0.11966,1.3863249
0.119662,1.3863249
0.119664,1.3863249
0.119666,1.3863249
0.119668,1.3863249
0.119669996,1.3863249
0.119672,1.3863249
0.119674,1.3863249
0.119676,1.3863249
0.119678,1.3863249
0.11968,1.3863249
0.119682,1.3863249
0.119684,1.3863249
0.119686,1.3863249
0.119688,1.3863249
0.11969,1.3863249
0.119692,1.3863249
0.119694,1.3863249
0.119696,1.3863249
0.119698,1.3863249
0.1197,1.3863249
0.119702,1.3863249
0.119704,1.3863249
0.119706,1.3863249
0.119708,1.3863249
0.11971,1.3863249
0.119712,1.3863249
0.119714,1.3863249
0.119715996,1.3863249
0.119718,1.3863249
0.11972,1.3863249
0.119722,1.3863249
0.119724,1.3863249
0.119726,1.3863249
0.119728,1.3863249
0.11973,1.3863249
0.119732,1.3863249
0.119734,1.3863249
0.119736,1.3863249
0.119738,1.3863249
0.11974,1.3863249
0.119742,1.3863249
0.119744,1.3863249
0.119746,1.3863249
0.119748,1.3863249
0.11975,1.3863249
0.119752,1.3863249
0.119754,1.3863249
0.119756,1.3863249
0.119758,1.3863249
0.11976,1.3863249
0.119762,1.3863249
0.119764,1.3863249
0.119766,1.3863249
0.119768,1.3863249
0.11977,1.3863249
0.119772,1.3863249
0.119774,1.3863249
0.119776,1.3863249
0.119778,1.3863249
0.11978,1.3863249
0.119782,1.3863249
0.119784,1.3863249
0.119786,1.3863249
0.119788,1.3863249
0.11979,1.3863249
0.119792,1.3863249
0.119793996,1.3863249
0.119796,1.3863249
0.119798,1.3863249
0.1198,1.3863249
0.119802,1.3863249
0.119804,1.3863249
0.119806,1.3863249
0.119808,1.3863249
0.11981,1.3863249
0.119812,1.3863249
0.119814,1.3863249
0.119816,1.3863249
0.119818,1.3863249
0.11982,1.3863249
0.119822,1.3863249
0.119824,1.3863249
0.119826,1.3863249
0.119828,1.3863249
0.11983,1.3863249
0.119832,1.3863249
0.119834,1.3863249
0.119836,1.3863249
0.119838,1.3863249
0.119839996,1.3863249
0.119842,1.3863249
0.119844,1.3863249
0.119846,1.3863249
0.119848,1.3863249
0.11985,1.3863249
0.119852,1.3863249
0.119854,1.3863249
0.119856,1.3863249
0.119858,1.3863249
0.11986,1.3863249
0.119862,1.3863249
0.119864,1.3863249
0.119866,1.3863249
0.119868,1.3863249
0.11987,1.3863249
0.119872,1.3863249
0.119874,1.3863249
0.119876,1.3863249
0.119878,1.3863249
0.11988,1.3863249
0.119882,1.3863249
0.119884,1.3863249
0.119885996,1.3863249
0.119888,1.3863249
0.11989,1.3863249
0.119892,1.3863249
0.119894,1.3863249
0.119896,1.3863249
0.119898,1.3863249
0.1199,1.3863249
0.119902,1.3863249
0.119904,1.3863249
0.119906,1.3863249
0.119908,1.3863249
0.11991,1.3863249
0.119912,1.3863249
0.119914,1.3863249
0.119916,1.3863249
0.119917996,1.3863249
0.11992,1.3863249
0.119922,1.3863249
0.119924,1.3863249
0.119926,1.3863249
0.119928,1.3863249
0.11993,1.3863249
0.119932,1.3863249
0.119934,1.3863249
0.119936,1.3863249
0.119938,1.3863249
0.11994,1.3863249
0.119942,1.3863249
0.119944,1.3863249
0.119946,1.3863249
0.119948,1.3863249
0.11995,1.3863249
0.119952,1.3863249
0.119954,1.3863249
0.119956,1.3863249
0.119958,1.3863249
0.11996,1.3863249
0.119962,1.3863249
0.119963996,1.3863249
0.119966,1.3863249
0.119968,1.3863249
0.11997,1.3863249
0.119972,1.3863249
0.119974,1.3863249
0.119976,1.3863249
0.119978,1.3863249
0.11998,1.3863249
0.119982,1.3863249
0.119984,1.3863249
0.119986,1.3863249
0.119988,1.3863249
0.11999,1.3863249
0.119992,1.3863249
0.119994,1.3863249
0.119996,1.3863249
0.119998,1.3863249
0.12,1.3863249
0.120002,2.4958777
0.120004,2.6345725
0.120006,2.6345725
0.120008,2.6345725
0.120009996,2.6345725
0.120012,2.6345725
0.120014,2.6345725
0.120016,2.6345725
0.120018,2.6808028
0.12002,2.6808028
0.120022,2.6808028
0.120024,2.6808028
0.120026,2.6808028
0.120028,2.6808028
0.12003,2.6808028
0.120032,2.6808028
0.120034,2.6808028
0.120036,2.6808028
0.120038,2.6808028
0.12004,2.6808028
0.120041996,2.6808028
0.120044,2.6808028
0.120046,2.6808028
0.120048,2.6808028
0.12005,2.6808028
0.120052,2.6808028
0.120054,2.6808028
0.120056,2.6808028
0.120058,2.6808028
0.12006,2.6808028
0.120062,2.6808028
0.120064,2.6808028
0.120066,2.6808028
0.120068,2.6808028
0.12007,2.6808028
0.120072,2.6808028
0.120074,2.6808028
0.120076,2.6808028
0.120078,2.6808028
0.12008,2.6808028
0.120082,2.6808028
0.120084,2.6808028
0.120086,2.6808028
0.120087996,2.6808028
0.12009,2.6808028
0.120092,2.6808028
0.120094,2.6808028
0.120096,2.6808028
0.120098,2.6808028
0.1201,2.6808028
0.120102,2.6808028
0.120104,2.6808028
0.120106,2.6808028
0.120108,2.6808028
0.12011,2.6808028
0.120112,2.6808028
0.120114,2.6808028
0.120116,2.6808028
0.120118,2.6808028
0.12012,2.6808028
0.120122,2.6808028
0.120124,2.6808028
0.120126,2.6808028
0.120128,2.6808028
0.12013,2.6808028
0.120132,2.6808028
0.120133996,2.6808028
0.120136,2.6808028
0.120138,2.6808028
0.12014,2.6808028
0.120142,2.6808028
0.120144,2.6808028
0.120146,2.6808028
0.120148,2.6808028
0.12015,2.6808028
0.120152,2.6808028
0.120154,2.6808028
0.120156,2.6808028
0.120158,2.6808028
0.12016,2.6808028
0.120162,2.6808028
0.120164,2.6808028
0.120165996,2.6808028
0.120168,2.6808028
0.12017,2.6808028
0.120172,2.6808028
0.120174,2.6808028
0.120176,2.6808028
0.120178,2.6808028
0.12018,2.6808028
0.120182,2.6808028
0.120184,2.6808028
0.120186,2.6808028
0.120188,2.6808028
0.12019,2.6808028
0.120192,2.6808028
0.120194,2.6808028
0.120196,2.6808028
0.120198,2.6808028
0.1202,2.6808028
0.120202,2.6808028
0.120204,2.6808028
0.120206,2.6808028
0.120208,2.6808028
0.12021,2.6808028
0.120211996,2.6808028
0.120214,2.6808028
0.120216,2.6808028
0.120218,2.6808028
0.12022,2.6808028
0.120222,2.6808028
0.120224,2.6808028
0.120226,2.6808028
0.120228,2.6808028
0.12023,2.6808028
0.120232,2.6808028
0.120234,2.6808028
0.120236,2.6808028
0.120238,2.6808028
0.12024,2.6808028
0.120242,2.6808028
0.120244,2.6808028
0.120246,2.6808028
0.120248,2.6808028
0.12025,2.6808028
0.120252,2.6808028
0.120254,2.6808028
0.120256,2.6808028
0.120257996,2.6808028
0.12026,2.6808028
0.120262,2.6808028
0.120264,2.6808028
0.120266,2.6808028
0.120268,2.6808028
0.12027,2.6808028
0.120272,2.6808028
0.120274,2.6808028
0.120276,2.6808028
0.120278,2.6808028
0.12028,2.6808028
0.120282,2.6808028
0.120284,2.6808028
0.120286,2.6808028
0.120288,2.6808028
0.120289996,2.6808028
0.120292,2.6808028
0.120294,2.6808028
0.120296,2.6808028
0.120298,2.6808028
0.1203,2.6808028
0.120302,2.6808028
0.120304,2.6808028
0.120306,2.6808028
0.120308,2.6808028
0.12031,2.6808028
0.120312,2.6808028
0.120314,2.6808028
0.120316,2.6808028
0.120318,2.6808028
0.12032,2.6808028
0.120322,2.6808028
0.120324,2.6808028
0.120326,2.6808028
0.120328,3.5591989
0.12033,3.92905
0.120332,3.92905
0.120334,3.92905
0.120335996,3.92905
0.120338,3.92905
0.12034,3.92905
0.120342,3.9752812
0.120344,3.9752812
0.120346,3.9752812
0.120348,3.9752812
0.12035,3.9752812
0.120352,3.9752812
0.120354,3.9752812
0.120356,3.9752812
0.120358,3.9752812
0.12036,3.9752812
0.120362,3.9752812
0.120364,3.9752812
0.120366,3.9752812
0.120368,3.9752812
0.12037,3.9752812
0.120372,3.9752812
0.120374,3.9752812
0.120376,3.9752812
0.120378,3.9752812
0.12038,3.9752812
0.120381996,3.9752812
0.120384,3.9752812
0.120386,3.9752812
0.120388,3.9752812
0.12039,3.9752812
0.120392,3.9752812
0.120394,3.9752812
0.120396,3.9752812
0.120398,3.9752812
0.1204,3.9752812
0.120402,3.9752812
0.120404,3.9752812
0.120406,3.9752812
0.120408,3.9752812
0.12041,3.9752812
0.120412,3.9752812
0.120414,3.9752812
0.120416,3.9752812
0.120418,3.9752812
0.12042,3.9752812
0.120422,3.9752812
0.120424,3.9752812
0.120426,3.9752812
0.120428,3.9752812
0.12043,3.9752812
0.120432,3.9752812
0.120434,3.9752812
0.120436,3.9752812
0.120438,3.9752812
0.12044,3.9752812
0.120442,3.9752812
0.120444,3.9752812
0.120446,3.9752812
0.120448,4.0215135
0.12045,3.9752812
0.120452,3.9752812
0.120454,3.9752812
0.120456,3.9752812
0.120458,3.9752812
0.120459996,3.9752812
0.120462,3.9752812
0.120464,3.9752812
0.120466,3.9752812
0.120468,3.9752812
0.12047,3.9752812
0.120472,3.9752812
0.120474,3.9752812
0.120476,3.9752812
0.120478,3.9752812
0.12048,3.9752812
0.120482,3.9752812
0.120484,3.9752812
0.120486,3.9752812
0.120488,3.9752812
0.12049,3.9752812
0.120492,3.9752812
0.120494,3.9752812
0.120496,3.9752812
0.120498,3.9752812
0.1205,3.9752812
0.120502,3.9752812
0.120504,3.9752812
0.120505996,3.9752812
0.120508,3.9752812
0.12051,3.9752812
0.120512,3.9752812
0.120514,3.9752812
0.120516,3.9752812
0.120518,3.9752812
0.12052,3.9752812
0.120522,3.9752812
0.120524,3.9752812
0.120526,3.9752812
0.120528,3.9752812
0.12053,3.9752812
0.120532,3.9752812
0.120534,3.9752812
0.120536,3.9752812
0.120538,3.9752812
0.12054,3.9752812
0.120542,3.9752812
0.120544,4.0215135
0.120546,3.9752812
0.120548,3.9752812
0.12055,3.9752812
0.120552,3.9752812
0.120554,3.9752812
0.120556,3.9752812
0.120558,3.9752812
0.12056,3.9752812
0.120562,3.9752812
0.120564,3.9752812
0.120566,3.9752812
0.120568,3.9752812
0.12057,3.9752812
0.120572,3.9752812
0.120574,3.9752812
0.120576,3.9752812
0.120578,3.9752812
0.12058,3.9752812
0.120582,3.9752812
0.120583996,3.9752812
0.120586,3.9752812
0.120588,3.9752812
0.12059,3.9752812
0.120592,3.9752812
0.120594,3.9752812
0.120596,3.9752812
0.120598,3.9752812
0.1206,3.9752812
0.120602,3.9752812
0.120604,3.9752812
0.120606,3.9752812
0.120608,3.9752812
0.12061,3.9752812
0.120612,3.9752812
0.120614,3.9752812
0.120616,3.9752812
0.120618,3.9752812
0.12062,3.9752812
0.120622,3.9752812
0.120624,3.9752812
0.120626,3.9752812
0.120628,3.9752812
0.120629996,3.9752812
0.120632,3.9752812
0.120634,3.9752812
0.120636,3.9752812
0.120638,3.9752812
0.12064,3.9752812
0.120642,3.9752812
0.120644,3.9752812
0.120646,3.9752812
0.120648,3.9752812
0.12065,3.9752812
0.120652,3.9752812
0.120654,3.9752812
0.120656,3.9752812
0.120658,3.9752812
0.12066,3.9752812
0.120662,3.9752812
0.120664,3.9752812
0.120666,3.9752812
0.120668,3.9752812
0.12067,3.9752812
0.120672,3.9752812
0.120674,3.9752812
0.120676,3.9752812
0.120678,3.9752812
0.12068,3.9752812
0.120682,3.9752812
0.120684,3.9752812
0.120686,3.9752812
0.120688,3.9752812
0.12069,3.9752812
0.120692,3.9752812
0.120694,3.9752812
0.120696,3.9752812
0.120698,3.9752812
0.1207,3.9752812
0.120702,3.9752812
0.120704,3.9752812
0.120706,3.9752812
0.120707996,3.9752812
0.12071,3.9752812
0.120712,3.9752812
0.120714,3.9752812
0.120716,3.9752812
0.120718,3.9752812
0.12072,3.9752812
0.120722,3.9752812
0.120724,3.9752812
0.120726,3.9752812
0.120728,3.9752812
0.12073,3.9752812
0.120732,3.9752812
0.120734,3.9752812
0.120736,3.9752812
0.120738,3.9752812
0.12074,3.9752812
0.120742,3.9752812
0.120744,3.9752812
0.120746,3.9752812
0.120748,3.9752812
0.12075,3.9752812
0.120752,3.9752812
0.120753996,3.9752812
0.120756,3.9752812
0.120758,3.9752812
0.12076,3.9752812
0.120762,3.9752812
0.120764,3.9752812
0.120766,3.9752812
0.120768,3.9752812
0.12077,3.9752812
0.120772,3.9752812
0.120774,3.9752812
0.120776,3.9752812
0.120778,3.9752812
0.12078,3.9752812
0.120782,3.9752812
0.120784,3.9752812
0.120786,3.9752812
0.120788,3.9752812
0.12079,3.9752812
0.120792,3.9752812
0.120794,3.9752812
0.120796,3.9752812
0.120798,3.9752812
0.1208,3.9752812
0.120802,3.9752812
0.120804,3.9752812
0.120806,3.9752812
0.120808,3.9752812
0.12081,3.9752812
0.120812,3.9752812
0.120814,3.9752812
0.120816,3.9752812
0.120818,3.9752812
0.12082,3.9752812
0.120822,3.9752812
0.120824,3.9752812
0.120826,3.9752812
0.120828,3.9752812
0.12083,3.9752812
0.120831996,3.9752812
0.120834,3.9752812
0.120836,3.9752812
0.120838,3.9752812
0.12084,3.9752812
0.120842,3.9752812
0.120844,3.9752812
0.120846,3.9752812
0.120848,3.9752812
0.12085,3.9752812
0.120852,3.9752812
0.120854,3.9752812
0.120856,3.9752812
0.120858,3.9752812
0.12086,3.9752812
0.120862,3.9752812
0.120864,3.9752812
0.120866,3.9752812
0.120868,3.9752812
0.12087,3.9752812
0.120872,3.9752812
0.120874,3.9752812
0.120876,3.9752812
0.120877996,3.9752812
0.12088,3.9752812
0.120882,3.9752812
0.120884,3.9752812
0.120886,3.9752812
0.120888,3.9752812
0.12089,3.9752812
0.120892,3.9752812
0.120894,3.9752812
0.120896,3.9752812
0.120898,3.9752812
0.1209,3.9752812
0.120902,3.9752812
0.120904,3.9752812
0.120906,3.9752812
0.120908,3.9752812
0.12091,3.9752812
0.120912,3.9752812
0.120914,3.9752812
0.120916,3.9752812
0.120918,3.9752812
0.12092,3.9752812
0.120922,3.9752812
0.120923996,3.9752812
0.120926,3.9752812
0.120928,3.9752812
0.12093,3.9752812
0.120932,3.9752812
0.120934,3.9752812
0.120936,3.9752812
0.120938,3.9752812
0.12094,3.9752812
0.120942,3.9752812
0.120944,3.9752812
0.120946,3.9752812
0.120948,3.9752812
0.12095,3.9752812
0.120952,3.9752812
0.120954,3.9752812
0.120955996,3.9752812
0.120958,3.9752812
0.12096,3.9752812
0.120962,3.9752812
0.120964,3.9752812
0.120966,3.9752812
0.120968,3.9752812
0.12097,3.9752812
0.120972,3.9752812
0.120974,3.9752812
0.120976,3.9752812
0.120978,3.9752812
0.12098,3.9752812
0.120982,3.9752812
0.120984,3.9752812
0.120986,3.9752812
0.120988,3.9752812
0.12099,3.9752812
0.120992,3.9752812
0.120994,3.9752812
0.120996,3.9752812
0.120998,3.9752812
0.121,3.9752812
0.121001996,3.9752812
0.121004,3.9752812
0.121006,3.9752812
0.121008,3.9752812
0.12101,3.9752812
0.121012,3.9752812
0.121014,3.9752812
0.121016,3.9752812
0.121018,3.9752812
0.12102,3.9752812
0.121022,3.9752812
0.121024,3.9752812
0.121026,3.9752812
0.121028,3.9752812
0.12103,3.9752812
0.121032,3.9752812
0.121034,3.9752812
0.121036,3.9752812
0.121038,3.9752812
0.12104,3.9752812
0.121042,3.9752812
0.121044,3.9752812
0.121046,3.9752812
0.121047996,3.9752812
0.12105,3.9752812
0.121052,3.9752812
0.121054,3.9752812
0.121056,3.9752812
0.121058,3.9752812
0.12106,3.9752812
0.121062,3.9752812
0.121064,3.9752812
0.121066,3.9752812
0.121068,3.9752812
0.12107,3.9752812
0.121072,3.9752812
0.121074,3.9752812
0.121076,3.9752812
0.121078,3.9752812
0.121079996,3.9752812
0.121082,3.9752812
0.121084,3.9752812
0.121086,3.9752812
0.121088,3.9752812
0.12109,3.9752812
0.121092,3.9752812
0.121094,3.9752812
0.121096,3.9752812
0.121098,3.9752812
0.1211,3.9752812
0.121102,3.9752812
0.121104,3.9752812
0.121106,3.9752812
0.121108,3.9752812
0.12111,3.9752812
0.121112,3.9752812
0.121114,3.9752812
0.121116,3.9752812
0.121118,3.9752812
0.12112,3.9752812
0.121122,3.9752812
0.121124,3.9752812
0.121125996,3.9752812
0.121128,3.9752812
0.12113,3.9752812
0.121132,3.9752812
0.121134,3.9752812
0.121136,3.9752812
0.121138,3.9752812
0.12114,3.9752812
0.121142,3.9752812
0.121144,3.9752812
0.121146,3.9752812
0.121148,3.9752812
0.12115,3.9752812
0.121152,3.9752812
0.121154,3.9752812
0.121156,3.9752812
0.121158,3.9752812
0.12116,3.9752812
0.121162,3.9752812
0.121164,3.9752812
0.121166,3.9752812
0.121168,3.9752812
0.12117,3.9752812
0.121171996,3.9752812
0.121174,3.9752812
0.121176,3.9752812
0.121178,3.9752812
0.12118,3.9752812
0.121182,3.9752812
0.121184,3.9752812
0.121186,3.9752812
0.121188,3.9752812
0.12119,3.9752812
0.121192,3.9752812
0.121194,3.9752812
0.121196,3.9752812
0.121198,3.9752812
0.1212,3.9752812
0.121202,3.9752812
0.121203996,3.9752812
0.121206,3.9752812
0.121208,3.9752812
0.12121,3.9752812
0.121212,3.9752812
0.121214,3.9752812
0.121216,3.9752812
0.121218,3.9752812
0.12122,3.9752812
0.121222,3.9752812
0.121224,3.9752812
0.121226,3.9752812
0.121228,3.9752812
0.12123,3.9752812
0.121232,3.9752812
0.121234,3.9752812
0.121236,3.9752812
0.121238,3.9752812
0.12124,3.9752812
0.121242,3.9752812
0.121244,3.9752812
0.121246,3.9752812
0.121248,3.9752812
0.121249996,3.9752812
0.121252,3.9752812
0.121254,3.9752812
0.121256,3.9752812
0.121258,3.9752812
0.12126,3.9752812
0.121262,3.9752812
0.121264,3.9752812
0.121266,3.9752812
0.121268,3.9752812
0.12127,3.9752812
0.121272,3.9752812
0.121274,3.9752812
0.121276,3.9752812
0.121278,3.9752812
0.12128,3.9752812
0.121282,3.9752812
0.121284,3.9752812
0.121286,3.9752812
0.121288,3.9752812
0.12129,3.9752812
0.121292,3.9752812
0.121294,3.9752812
0.121295996,3.9752812
0.121298,3.9752812
0.1213,3.9752812
0.121302,3.9752812
0.121304,3.9752812
0.121306,3.9752812
0.121308,3.9752812
0.12131,3.9752812
0.121312,3.9752812
0.121314,3.9752812
0.121316,3.9752812
0.121318,3.9752812
0.12132,3.9752812
0.121322,3.9752812
0.121324,3.9752812
0.121326,3.9752812
0.121327996,3.9752812
0.12133,3.9752812
0.121332,3.9752812
0.121334,3.9752812
0.121336,3.9752812
0.121338,3.9752812
0.12134,3.9752812
0.121342,3.9752812
0.121344,3.9752812
0.121346,3.9752812
0.121348,3.9752812
0.12135,3.9752812
0.121352,3.9752812
0.121354,3.9752812
0.121356,3.9752812
0.121358,3.9752812
0.12136,3.9752812
0.121362,3.9752812
0.121364,3.9752812
0.121366,3.9752812
0.121368,3.9752812
0.12137,3.9752812
0.121372,3.9752812
0.121373996,3.9752812
0.121376,3.9752812
0.121378,3.9752812
0.12138,3.9752812
0.121382,3.9752812
0.121384,3.9752812
0.121386,3.9752812
0.121388,3.9752812
0.12139,3.9752812
0.121392,3.9752812
0.121394,3.9752812
0.121396,3.9752812
0.121398,3.9752812
0.1214,3.9752812
0.121402,3.9752812
0.121404,3.9752812
0.121406,3.9752812
0.121408,3.9752812
0.12141,3.9752812
0.121412,3.9752812
0.121414,3.9752812
0.121416,3.9752812
0.121418,3.9752812
0.121419996,3.9752812
0.121422,3.9752812
0.121424,3.9752812
0.121426,3.9752812
0.121428,3.9752812
0.12143,3.9752812
0.121432,3.9752812
0.121434,3.9752812
0.121436,3.9752812
0.121438,3.9752812
0.12144,3.9752812
0.121442,3.9752812
0.121444,3.9752812
0.121446,3.9752812
0.121448,3.9752812
0.12145,3.9752812
0.121451996,3.9752812
0.121454,3.9752812
0.121456,3.9752812
0.121458,3.9752812
0.12146,3.9752812
0.121462,3.9752812
0.121464,3.9752812
0.121466,3.9752812
0.121468,3.9752812
0.12147,3.9752812
0.121472,2.8194976
0.121474,2.727035
0.121476,2.727035
0.121478,2.727035
0.12148,2.727035
0.121482,2.727035
0.121484,2.727035
0.121486,2.727035
0.121488,2.727035
0.12149,2.6808028
0.121492,2.6808028
0.121494,2.6808028
0.121496,2.6808028
0.121497996,2.6808028
0.1215,2.6808028
0.121502,2.6808028
0.121504,2.6808028
0.121506,2.6808028
0.121508,2.6808028
0.12151,2.6808028
0.121512,2.6808028
0.121514,2.6808028
0.121516,2.6808028
0.121518,2.6808028
0.12152,2.6808028
0.121522,2.6808028
0.121524,2.6808028
0.121526,2.6808028
0.121528,2.6808028
0.12153,2.6808028
0.121532,2.6808028
0.121534,2.6808028
0.121536,2.6808028
0.121538,2.6808028
0.12154,2.6808028
0.121542,2.6808028
0.121543996,2.6808028
0.121546,2.6808028
0.121548,2.6808028
0.12155,2.6808028
0.121552,2.6808028
0.121554,2.6808028
0.121556,2.6808028
0.121558,2.6808028
0.12156,2.6808028
0.121562,2.6808028
0.121564,2.6808028
0.121566,2.6808028
0.121568,2.6808028
0.12157,2.6808028
0.121572,2.6808028
0.121574,2.6808028
0.121576,2.6808028
0.121578,2.6808028
0.12158,2.6808028
0.121582,2.6808028
0.121584,2.6808028
0.121586,2.6808028
0.121588,2.6808028
0.12159,2.6808028
0.121592,2.6808028
0.121594,2.6808028
0.121596,2.6808028
0.121598,2.6808028
0.1216,2.6808028
0.121602,2.6808028
0.121604,2.6808028
0.121606,2.6808028
0.121608,2.6808028
0.12161,2.6808028
0.121612,2.6808028
0.121614,2.6808028
0.121616,2.6808028
0.121618,2.6808028
0.12162,2.6808028
0.121621996,2.6808028
0.121624,2.6808028
0.121626,2.6808028
0.121628,2.6808028
0.12163,2.6808028
0.121632,2.6808028
0.121634,2.6808028
0.121636,2.6808028
0.121638,2.6808028
0.12164,2.6808028
0.121642,2.6808028
0.121644,2.6808028
0.121646,2.6808028
0.121648,2.6808028
0.12165,2.6808028
0.121652,2.6808028
0.121654,2.6808028
0.121656,2.6808028
0.121658,2.6808028
0.12166,2.6808028
0.121662,2.6808028
0.121664,2.6808028
0.121666,2.6808028
0.121667996,2.6808028
0.12167,2.6808028
0.121672,2.6808028
0.121674,2.6808028
0.121676,2.6808028
0.121678,2.6808028
0.12168,2.6808028
0.121682,2.6808028
0.121684,2.6808028
0.121686,2.6808028
0.121688,2.6808028
0.12169,2.6808028
0.121692,2.6808028
0.121694,2.6808028
0.121696,2.6808028
0.121698,2.6808028
0.1217,2.6808028
0.121702,2.6808028
0.121704,2.6808028
0.121706,2.6808028
0.121708,2.6808028
0.12171,2.6808028
0.121712,2.6808028
0.121714,2.6808028
0.121716,2.6808028
0.121718,2.6808028
0.12172,2.6808028
0.121722,2.6808028
0.121724,2.6808028
0.121726,2.6808028
0.121728,2.6808028
0.12173,2.6808028
0.121732,2.6808028
0.121734,2.6808028
0.121736,2.6808028
0.121738,2.6808028
0.12174,2.6808028
0.121742,2.6808028
0.121744,2.6808028
0.121745996,2.6808028
0.121748,2.6808028
0.12175,2.6808028
0.121752,2.6808028
0.121754,2.6808028
0.121756,2.6808028
0.121758,2.6808028
0.12176,2.6808028
0.121762,2.6808028
0.121764,2.6808028
0.121766,2.6808028
0.121768,2.6808028
0.12177,2.6808028
0.121772,2.6808028
0.121774,2.6808028
0.121776,2.6808028
0.121778,2.6808028
0.12178,2.6808028
0.121782,2.6808028
0.121784,2.6808028
0.121786,2.6808028
0.121788,2.6808028
0.12179,2.6808028
0.121791996,2.6808028
0.121794,2.6808028
0.121796,2.6808028
0.121798,1.6637135
0.1218,1.4325566
0.121802,1.4325566
0.121804,1.4325566
0.121806,1.4325566
0.121808,1.4325566
0.12181,1.4325566
0.121812,1.4325566
0.121814,1.4325566
0.121816,1.4325566
0.121818,1.4325566
0.12182,1.4325566
0.121822,1.4325566
0.121824,1.4325566
0.121826,1.4325566
0.121828,1.4325566
0.12183,1.4325566
0.121832,1.4325566
0.121834,1.4325566
0.121836,1.3863249
0.121838,1.3863249
0.12184,1.3863249
0.121842,1.3863249
0.121844,1.3863249
0.121846,1.3863249
0.121848,1.3863249
0.12185,1.3863249
0.121852,1.3863249
0.121854,1.3863249
0.121856,1.3863249
0.121858,1.3863249
0.12186,1.3863249
0.121862,1.3863249
0.121864,1.3863249
0.121866,1.3863249
0.121868,1.3863249
0.121869996,1.3863249
0.121872,1.3863249
0.121874,1.3863249
0.121876,1.3863249
0.121878,1.3863249
0.12188,1.3863249
0.121882,1.3863249
0.121884,1.3863249
0.121886,1.3863249
0.121888,1.3863249
0.12189,1.3863249
0.121892,1.3863249
0.121894,1.3863249
0.121896,1.3863249
0.121898,1.3863249
0.1219,1.3863249
0.121902,1.3863249
0.121904,1.3863249
0.121906,1.3863249
0.121908,1.3863249
0.12191,1.3863249
0.121912,1.3863249
0.121914,1.3863249
0.121915996,1.3863249
0.121918,1.3863249
0.12192,1.3863249
0.121922,1.3863249
0.121924,1.3863249
0.121926,1.3863249
0.121928,1.3863249
0.12193,1.3863249
0.121932,1.3863249
0.121934,1.3863249
0.121936,1.3863249
0.121938,1.3863249
0.12194,1.3863249
0.121942,1.3863249
0.121944,1.3863249
0.121946,1.3863249
0.121948,1.3863249
0.12195,1.3863249
0.121952,1.3863249
0.121954,1.3863249
0.121956,1.3863249
0.121958,1.3863249
0.12196,1.3863249
0.121962,1.3863249
0.121964,1.3863249
0.121966,1.3863249
0.121968,1.3863249
0.12197,1.3863249
0.121972,1.3863249
0.121974,1.3863249
0.121976,1.3863249
0.121978,1.3863249
0.12198,1.3863249
0.121982,1.3863249
0.121984,1.3863249
0.121986,1.3863249
0.121988,1.3863249
0.12199,1.3863249
0.121992,1.3863249
0.121993996,1.3863249
0.121996,1.3863249
0.121998,1.3863249
0.122,1.3863249
0.122002,1.3863249
0.122004,1.3863249
0.122006,1.3863249
0.122008,1.3863249
0.12201,1.3863249
0.122012,1.3863249
0.122014,1.3863249
0.122016,1.3863249
0.122018,1.3863249
0.12202,1.3863249
0.122022,1.3863249
0.122024,1.3863249
0.122026,1.3863249
0.122028,1.3863249
0.12203,1.3863249
0.122032,1.3863249
0.122034,1.3863249
0.122036,1.3863249
0.122038,1.3863249
0.122039996,1.3863249
0.122042,1.3863249
0.122044,1.3863249
0.122046,1.3863249
0.122048,1.3863249
0.12205,1.3863249
0.122052,1.3863249
0.122054,1.3863249
0.122056,1.3863249
0.122058,1.3863249
0.12206,1.3863249
0.122062,1.3863249
0.122064,1.3863249
0.122066,1.3863249
0.122068,1.3863249
0.12207,1.3863249
0.122072,1.3863249
0.122074,1.3863249
0.122076,1.3863249
0.122078,1.3863249
0.12208,1.3863249
0.122082,1.3863249
0.122084,1.3863249
0.122085996,1.3863249
0.122088,1.3863249
0.12209,1.3863249
0.122092,1.3863249
0.122094,1.3863249
0.122096,1.3863249
0.122098,1.3863249
0.1221,1.3863249
0.122102,1.3863249
0.122104,1.3863249
0.122106,1.3863249
0.122108,1.3863249
0.12211,1.3863249
0.122112,1.3863249
0.122114,1.3863249
0.122116,1.3863249
0.122117996,1.3863249
0.12212,1.3863249
0.122122,1.3863249
0.122124,1.3863249
0.122126,1.3863249
0.122128,1.3863249
0.12213,1.3863249
0.122132,1.3863249
0.122134,1.3863249
0.122136,1.3863249
0.122138,1.3863249
0.12214,1.3863249
0.122142,1.3863249
0.122144,1.3863249
0.122146,1.3863249
0.122148,1.3863249
0.12215,1.3863249
0.122152,0.184309
0.122154,0.13807821
0.122156,0.13807821
0.122158,0.13807821
0.12216,0.13807821
0.122162,0.13807821
0.122163996,0.13807821
0.122166,0.13807821
0.122168,0.13807821
0.12217,0.13807821
0.122172,0.13807821
0.122174,0.13807821
0.122176,0.091846466
0.122178,0.13807821
0.12218,0.091846466
0.122182,0.091846466
0.122184,0.091846466
0.122186,0.091846466
0.122188,0.091846466
0.12219,0.091846466
0.122192,0.091846466
0.122194,0.091846466
0.122196,0.091846466
0.122198,0.091846466
0.1222,0.091846466
0.122202,0.091846466
0.122204,0.091846466
0.122206,0.091846466
0.122208,0.091846466
0.122209996,0.091846466
0.122212,0.091846466
0.122214,0.091846466
0.122216,0.091846466
0.122218,0.091846466
0.12222,0.091846466
0.122222,0.091846466
0.122224,0.091846466
0.122226,0.091846466
0.122228,0.091846466
0.12223,0.091846466
0.122232,0.091846466
0.122234,0.091846466
0.122236,0.091846466
0.122238,0.091846466
0.12224,0.091846466
0.122241996,0.091846466
0.122244,0.091846466
0.122246,0.091846466
0.122248,0.091846466
0.12225,0.091846466
0.122252,0.091846466
0.122254,0.091846466
0.122256,0.091846466
0.122258,0.091846466
0.12226,0.091846466
0.122262,0.091846466
0.122264,0.091846466
0.122266,0.091846466
0.122268,0.091846466
0.12227,0.091846466
0.122272,0.091846466
0.122274,0.091846466
0.122276,0.091846466
0.122278,0.091846466
0.12228,0.091846466
0.122282,0.091846466
0.122284,0.091846466
0.122286,0.091846466
0.122287996,0.091846466
0.12229,0.091846466
0.122292,0.091846466
0.122294,0.091846466
0.122296,0.091846466
0.122298,0.091846466
0.1223,0.091846466
0.122302,0.091846466
0.122304,0.091846466
0.122306,0.091846466
0.122308,0.091846466
0.12231,0.091846466
0.122312,0.091846466
0.122314,0.091846466
0.122316,0.091846466
0.122318,0.091846466
0.12232,0.091846466
0.122322,0.091846466
0.122324,0.091846466
0.122326,0.091846466
0.122328,0.091846466
0.12233,0.091846466
0.122332,0.091846466
0.122333996,0.091846466
0.122336,0.091846466
0.122338,0.091846466
0.12234,0.091846466
0.122342,0.091846466
0.122344,0.091846466
0.122346,0.091846466
0.122348,0.091846466
0.12235,0.091846466
0.122352,0.091846466
0.122354,0.091846466
0.122356,0.091846466
0.122358,0.091846466
0.12236,0.091846466
0.122362,0.091846466
0.122364,0.091846466
0.122365996,0.091846466
0.122368,0.091846466
0.12237,0.091846466
0.122372,0.091846466
0.122374,0.091846466
0.122376,0.091846466
0.122378,0.091846466
0.12238,0.091846466
0.122382,0.091846466
0.122384,0.091846466
0.122386,0.091846466
0.122388,0.091846466
0.12239,0.091846466
0.122392,0.091846466
0.122394,0.091846466
0.122396,0.091846466
0.122398,0.091846466
0.1224,0.091846466
0.122402,0.091846466
0.122404,0.091846466
0.122406,0.091846466
0.122408,0.091846466
0.12241,0.091846466
0.122411996,0.091846466
0.122414,0.091846466
0.122416,0.091846466
0.122418,0.091846466
0.12242,0.091846466
0.122422,0.091846466
0.122424,0.091846466
0.122426,0.091846466
0.122428,0.091846466
0.12243,0.091846466
0.122432,0.091846466
0.122434,0.091846466
0.122436,0.091846466
0.122438,0.091846466
0.12244,0.091846466
0.122442,0.091846466
0.122444,0.091846466
0.122446,0.091846466
0.122448,0.091846466
0.12245,0.091846466
0.122452,0.091846466
0.122454,0.091846466
0.122456,0.091846466
0.122457996,0.091846466
0.12246,0.091846466
0.122462,0.091846466
0.122464,0.091846466
0.122466,0.091846466
0.122468,0.091846466
0.12247,0.091846466
0.122472,0.091846466
0.122474,0.091846466
0.122476,0.091846466
0.122478,0.091846466
0.12248,0.091846466
0.122482,0.091846466
0.122484,0.091846466
0.122486,0.091846466
0.122488,0.091846466
0.122489996,0.091846466
0.122492,0.091846466
0.122494,0.091846466
0.122496,0.091846466
0.122498,0.091846466
0.1225,0.091846466
0.122502,0.091846466
0.122504,0.091846466
0.122506,0.091846466
0.122508,0.091846466
0.12251,0.091846466
0.122512,0.091846466
0.122514,0.091846466
0.122516,0.091846466
0.122518,0.091846466
0.12252,0.091846466
0.122522,0.091846466
0.122524,0.091846466
0.122526,0.091846466
0.122528,0.091846466
0.12253,0.091846466
0.122532,0.091846466
0.122534,0.091846466
0.122535996,0.091846466
0.122538,0.091846466
0.12254,0.091846466
0.122542,0.091846466
0.122544,0.091846466
0.122546,0.091846466
0.122548,0.091846466
0.12255,0.091846466
0.122552,0.091846466
0.122554,0.091846466
0.122556,0.091846466
0.122558,0.091846466
0.12256,0.091846466
0.122562,0.091846466
0.122564,0.091846466
0.122566,0.091846466
0.122568,0.091846466
0.12257,0.091846466
0.122572,0.091846466
0.122574,0.091846466
0.122576,0.091846466
0.122578,0.091846466
0.12258,0.091846466
0.122581996,0.091846466
0.122584,0.091846466
0.122586,0.091846466
0.122588,0.091846466
0.12259,0.091846466
0.122592,0.091846466
0.122594,0.091846466
0.122596,0.091846466
0.122598,0.091846466
0.1226,0.091846466
0.122602,0.091846466
0.122604,0.091846466
0.122606,0.091846466
0.122608,0.091846466
0.12261,0.091846466
0.122612,0.091846466
0.122613996,0.091846466
0.122616,0.091846466
0.122618,0.091846466
0.12262,0.091846466
0.122622,0.091846466
0.122624,0.091846466
0.122626,0.091846466
0.122628,0.091846466
0.12263,0.091846466
0.122632,0.091846466
0.122634,0.091846466
0.122636,0.091846466
0.122638,0.091846466
0.12264,0.091846466
0.122642,0.091846466
0.122644,0.091846466
0.122646,0.091846466
0.122648,0.091846466
0.12265,0.091846466
0.122652,0.091846466
0.122654,0.091846466
0.122656,0.091846466
0.122658,0.091846466
0.122659996,0.091846466
0.122662,0.091846466
0.122664,0.091846466
0.122666,0.091846466
0.122668,0.091846466
0.12267,0.091846466
0.122672,0.091846466
0.122674,0.091846466
0.122676,0.091846466
0.122678,0.091846466
0.12268,0.091846466
0.122682,0.091846466
0.122684,0.091846466
0.122686,0.091846466
0.122688,0.091846466
0.12269,0.091846466
0.122692,0.091846466
0.122694,0.091846466
0.122696,0.091846466
0.122698,0.091846466
0.1227,0.091846466
0.122702,0.091846466
0.122704,0.091846466
0.122705996,0.091846466
0.122708,0.091846466
0.12271,0.091846466
0.122712,0.091846466
0.122714,0.091846466
0.122716,0.091846466
0.122718,0.091846466
0.12272,0.091846466
0.122722,0.091846466
0.122724,0.091846466
0.122726,0.091846466
0.122728,0.091846466
0.12273,0.091846466
0.122732,0.091846466
0.122734,0.091846466
0.122736,0.091846466
0.122738,0.091846466
0.12274,0.091846466
0.122742,0.091846466
0.122744,0.091846466
0.122746,0.091846466
0.122748,0.091846466
0.12275,0.091846466
0.122752,0.091846466
0.122754,0.091846466
0.122756,0.091846466
0.122758,0.091846466
0.12276,0.091846466
0.122762,0.091846466
0.122764,0.091846466
0.122766,0.091846466
0.122768,0.091846466
0.12277,0.091846466
0.122772,0.091846466
0.122774,0.091846466
0.122776,0.091846466
0.122778,0.091846466
0.12278,0.091846466
0.122782,0.091846466
0.122783996,0.091846466
0.122786,0.091846466
0.122788,0.091846466
0.12279,0.091846466
0.122792,0.091846466
0.122794,0.091846466
0.122796,0.091846466
0.122798,0.091846466
0.1228,0.091846466
0.122802,0.091846466
0.122804,0.091846466
0.122806,0.091846466
0.122808,0.091846466
0.12281,0.091846466
0.122812,0.091846466
0.122814,0.091846466
0.122816,0.091846466
0.122818,0.091846466
0.12282,0.091846466
0.122822,0.091846466
0.122824,0.091846466
0.122826,0.091846466
0.122828,0.091846466
0.122829996,0.091846466
0.122832,0.091846466
0.122834,0.091846466
0.122836,0.091846466
0.122838,0.091846466
0.12284,0.091846466
0.122842,0.091846466
0.122844,0.091846466
0.122846,0.091846466
0.122848,0.091846466
0.12285,0.091846466
0.122852,0.091846466
0.122854,0.091846466
0.122856,0.091846466
0.122858,0.091846466
0.12286,0.091846466
0.122862,0.091846466
0.122864,0.091846466
0.122866,0.091846466
0.122868,0.091846466
0.12287,0.091846466
0.122872,0.091846466
0.122874,0.091846466
0.122876,0.091846466
0.122878,0.091846466
0.12288,0.091846466
0.122882,0.091846466
0.122884,0.091846466
0.122886,0.091846466
0.122888,0.091846466
0.12289,0.091846466
0.122892,0.091846466
0.122894,0.091846466
0.122896,0.091846466
0.122898,0.091846466
0.1229,0.091846466
0.122902,0.091846466
0.122904,0.091846466
0.122906,0.091846466
0.122907996,0.091846466
0.12291,0.091846466
0.122912,0.091846466
0.122914,0.091846466
0.122916,0.091846466
0.122918,0.091846466
0.12292,0.091846466
0.122922,0.091846466
0.122924,0.091846466
0.122926,0.091846466
0.122928,0.091846466
0.12293,0.091846466
0.122932,0.091846466
0.122934,0.091846466
0.122936,0.091846466
0.122938,0.091846466
0.12294,0.091846466
0.122942,0.091846466
0.122944,0.091846466
0.122946,0.091846466
0.122948,0.091846466
0.12295,0.091846466
0.122952,0.091846466
0.122953996,0.091846466
0.122956,0.091846466
0.122958,0.091846466
0.12296,0.091846466
0.122962,0.091846466
0.122964,0.091846466
0.122966,0.091846466
0.122968,1.0627055
0.12297,1.3400936
0.122972,1.3400936
0.122974,1.3863249
0.122976,1.3863249
0.122978,1.3863249
0.12298,1.3863249
0.122982,1.3863249
0.122984,1.3863249
0.122986,1.3863249
0.122988,1.3863249
0.12299,1.3863249
0.122992,1.3863249
0.122994,1.3863249
0.122996,1.3863249
0.122998,1.3863249
0.123,1.3863249
0.123002,1.3863249
0.123004,1.3863249
0.123006,1.3863249
0.123008,1.3863249
0.12301,1.3863249
0.123012,1.3863249
0.123014,1.3863249
0.123016,1.3863249
0.123018,1.3863249
0.12302,1.3863249
0.123022,1.3863249
0.123024,1.3863249
0.123026,1.3863249
0.123028,1.3863249
0.12303,1.3863249
0.123031996,1.3863249
0.123034,1.3863249
0.123036,1.3863249
0.123038,1.3863249
0.12304,1.3863249
0.123042,1.3863249
0.123044,1.3863249
0.123046,1.3863249
0.123048,1.3863249
0.12305,1.3863249
0.123052,1.3863249
0.123054,1.3863249
0.123056,1.3863249
0.123058,1.3863249
0.12306,1.3863249
0.123062,1.3863249
0.123064,1.3863249
0.123066,1.3863249
0.123068,1.3863249
0.12307,1.3863249
0.123072,1.3863249
0.123074,1.3863249
0.123076,1.3863249
0.123077996,1.3863249
0.12308,1.3863249
0.123082,1.3863249
0.123084,1.3863249
0.123086,1.3863249
0.123088,1.3863249
0.12309,1.3863249
0.123092,1.3863249
0.123094,1.3863249
0.123096,1.3863249
0.123098,1.3863249
0.1231,1.3863249
0.123102,1.3863249
0.123104,1.3863249
0.123106,1.3863249
0.123108,1.3863249
0.12311,1.3863249
0.123112,1.3863249
0.123114,1.3863249
0.123116,1.3863249
0.123118,1.3863249
0.12312,1.3863249
0.123122,1.3863249
0.123124,1.3863249
0.123126,1.3863249
0.123128,1.3863249
0.12313,1.3863249
0.123132,1.3863249
0.123134,1.3863249
0.123136,1.3863249
0.123138,1.3863249
0.12314,1.3863249
0.123142,1.3863249
0.123144,1.3863249
0.123146,1.3863249
0.123148,1.3863249
0.12315,1.3863249
0.123152,1.3863249
0.123154,1.3863249
0.123155996,1.3863249
0.123158,1.3863249
0.12316,1.3863249
0.123162,1.3863249
0.123164,1.3863249
0.123166,1.3863249
0.123168,1.3863249
0.12317,1.3863249
0.123172,1.3863249
0.123174,1.3863249
0.123176,1.3863249
0.123178,1.3863249
0.12318,1.3863249
0.123182,1.3863249
0.123184,1.3863249
0.123186,1.3863249
0.123188,1.3863249
0.12319,1.3863249
0.123192,1.3863249
0.123194,1.3863249
0.123196,1.3863249
0.123198,1.3863249
0.1232,1.3863249
0.123201996,1.3863249
0.123204,1.3863249
0.123206,1.3863249
0.123208,1.3863249
0.12321,1.3863249
0.123212,1.3863249
0.123214,1.3863249
0.123216,1.3863249
0.123218,1.3863249
0.12322,1.3863249
0.123222,1.3863249
0.123224,1.3863249
0.123226,1.3863249
0.123228,1.3863249
0.12323,1.3863249
0.123232,1.3863249
0.123234,1.3863249
0.123236,1.3863249
0.123238,1.3863249
0.12324,1.3863249
0.123242,1.3863249
0.123244,1.3863249
0.123246,1.3863249
0.123247996,1.3863249
0.12325,1.3863249
0.123252,1.3863249
0.123254,1.3863249
0.123256,1.3863249
0.123258,1.3863249
0.12326,1.3863249
0.123262,1.3863249
0.123264,1.3863249
0.123266,1.3863249
0.123268,1.3863249
0.12327,1.3863249
0.123272,1.3863249
0.123274,1.3863249
0.123276,1.3863249
0.123278,1.3863249
0.123279996,1.3863249
0.123282,1.3863249
0.123284,1.3863249
0.123286,1.3863249
0.123288,1.3863249
0.12329,1.3863249
0.123292,1.3863249
0.123294,1.3863249
0.123296,1.3863249
0.123298,1.3863249
0.1233,1.3863249
0.123302,1.3863249
0.123304,1.3863249
0.123306,1.3863249
0.123308,1.3863249
0.12331,1.3863249
0.123312,1.3863249
0.123314,1.3863249
0.123316,1.3863249
0.123318,1.3863249
0.12332,1.3863249
0.123322,2.4496465
0.123324,2.6345725
0.123325996,2.6345725
0.123328,2.6345725
0.12333,2.6345725
0.123332,2.6345725
0.123334,2.6345725
0.123336,2.6345725
0.123338,2.6808028
0.12334,2.6808028
0.123342,2.6808028
0.123344,2.6808028
0.123346,2.6808028
0.123348,2.6808028
0.12335,2.6808028
0.123352,2.6808028
0.123354,2.6808028
0.123356,2.6808028
0.123358,2.6808028
0.12336,2.6808028
0.123362,2.6808028
0.123364,2.6808028
0.123366,2.6808028
0.123368,2.6808028
0.12337,2.6808028
0.123371996,2.6808028
0.123374,2.6808028
0.123376,2.6808028
0.123378,2.6808028
0.12338,2.6808028
0.123382,2.6808028
0.123384,2.6808028
0.123386,2.6808028
0.123388,2.6808028
0.12339,2.6808028
0.123392,2.6808028
0.123394,2.6808028
0.123396,2.6808028
0.123398,2.6808028
0.1234,2.6808028
0.123402,2.6808028
0.123403996,2.6808028
0.123406,2.6808028
0.123408,2.6808028
0.12341,2.6808028
0.123412,2.6808028
0.123414,2.6808028
0.123416,2.6808028
0.123418,2.6808028
0.12342,2.6808028
0.123422,2.6808028
0.123424,2.6808028
0.123426,2.6808028
0.123428,2.6808028
0.12343,2.6808028
0.123432,2.6808028
0.123434,2.6808028
0.123436,2.6808028
0.123438,2.6808028
0.12344,2.6808028
0.123442,2.6808028
0.123444,2.6808028
0.123446,2.6808028
0.123448,2.6808028
0.123449996,2.6808028
0.123452,2.6808028
0.123454,2.6808028
0.123456,2.6808028
0.123458,2.6808028
0.12346,2.6808028
0.123462,2.6808028
0.123464,2.6808028
0.123466,2.6808028
0.123468,2.6808028
0.12347,2.6808028
0.123472,2.6808028
0.123474,2.6808028
0.123476,2.6808028
0.123478,2.6808028
0.12348,2.6808028
0.123482,2.6808028
0.123484,2.6808028
0.123486,2.6808028
0.123488,2.6808028
0.12349,2.6808028
0.123492,2.6808028
0.123494,2.6808028
0.123495996,2.6808028
0.123498,2.6808028
0.1235,2.6808028
0.123502,2.6808028
0.123504,2.6808028
0.123506,2.6808028
0.123508,2.6808028
0.12351,2.6808028
0.123512,2.6808028
0.123514,2.6808028
0.123516,2.6808028
0.123518,2.6808028
0.12352,2.6808028
0.123522,2.6808028
0.123524,2.6808028
0.123526,2.6808028
0.123527996,2.6808028
0.12353,2.6808028
0.123532,2.6808028
0.123534,2.6808028
0.123536,2.6808028
0.123538,2.6808028
0.12354,2.6808028
0.123542,2.6808028
0.123544,2.6808028
0.123546,2.6808028
0.123548,2.6808028
0.12355,2.6808028
0.123552,2.6808028
0.123554,2.6808028
0.123556,2.6808028
0.123558,2.6808028
0.12356,2.6808028
0.123562,2.6808028
0.123564,2.6808028
0.123566,2.6808028
0.123568,2.6808028
0.12357,2.6808028
0.123572,2.6808028
0.123573996,2.6808028
0.123576,2.6808028
0.123578,2.6808028
0.12358,2.6808028
0.123582,2.6808028
0.123584,2.6808028
0.123586,2.6808028
0.123588,2.6808028
0.12359,2.6808028
0.123592,2.6808028
0.123594,2.6808028
0.123596,2.6808028
0.123598,2.6808028
0.1236,2.6808028
0.123602,2.6808028
0.123604,2.6808028
0.123606,2.6808028
0.123608,2.6808028
0.12361,2.6808028
0.123612,2.6808028
0.123614,2.6808028
0.123616,2.6808028
0.123618,2.6808028
0.123619996,2.6808028
0.123622,2.6808028
0.123624,2.6808028
0.123626,2.6808028
0.123628,2.6808028
0.12363,2.6808028
0.123632,2.6808028
0.123634,2.6808028
0.123636,2.6808028
0.123638,2.6808028
0.12364,2.6808028
0.123642,2.6808028
0.123644,2.6808028
0.123646,2.6808028
0.123648,3.5129685
0.12365,3.92905
0.123651996,3.92905
0.123654,3.92905
0.123656,3.92905
0.123658,3.9752812
0.12366,3.9752812
0.123662,3.9752812
0.123664,3.9752812
0.123666,3.9752812
0.123668,3.9752812
0.12367,3.9752812
0.123672,3.9752812
0.123674,3.9752812
0.123676,3.9752812
0.123678,3.9752812
0.12368,3.9752812
0.123682,3.9752812
0.123684,3.9752812
0.123686,3.9752812
0.123688,3.9752812
0.12369,3.9752812
0.123692,3.9752812
0.123694,3.9752812
0.123696,3.9752812
0.123697996,3.9752812
0.1237,3.9752812
0.123702,3.9752812
0.123704,3.9752812
0.123706,3.9752812
0.123708,3.9752812
0.12371,3.9752812
0.123712,3.9752812
0.123714,3.9752812
0.123716,3.9752812
0.123718,3.9752812
0.12372,3.9752812
0.123722,3.9752812
0.123724,3.9752812
0.123726,3.9752812
0.123728,3.9752812
0.12373,3.9752812
0.123732,3.9752812
0.123734,3.9752812
0.123736,3.9752812
0.123738,3.9752812
0.12374,3.9752812
0.123742,3.9752812
0.123743996,3.9752812
0.123746,3.9752812
0.123748,3.9752812
0.12375,3.9752812
0.123752,3.9752812
0.123754,3.9752812
0.123756,3.9752812
0.123758,3.9752812
0.12376,3.9752812
0.123762,3.9752812
0.123764,3.9752812
0.123766,3.9752812
0.123768,3.9752812
0.12377,3.9752812
0.123772,3.9752812
0.123774,3.9752812
0.123775996,3.9752812
0.123778,3.9752812
0.12378,3.9752812
0.123782,3.9752812
0.123784,3.9752812
0.123786,3.9752812
0.123788,3.9752812
0.12379,3.9752812
0.123792,3.9752812
0.123794,3.9752812
0.123796,3.9752812
0.123798,3.9752812
0.1238,3.9752812
0.123802,3.9752812
0.123804,3.9752812
0.123806,3.9752812
0.123808,3.9752812
0.12381,3.9752812
0.123812,3.9752812
0.123814,3.9752812
0.123816,3.9752812
0.123818,3.9752812
0.12382,3.9752812
0.123821996,3.9752812
0.123824,3.9752812
0.123826,3.9752812
0.123828,3.9752812
0.12383,3.9752812
0.123832,3.9752812
0.123834,3.9752812
0.123836,3.9752812
0.123838,3.9752812
0.12384,3.9752812
0.123842,3.9752812
0.123844,3.9752812
0.123846,3.9752812
0.123848,3.9752812
0.12385,3.9752812
0.123852,3.9752812
0.123854,3.9752812
0.123856,3.9752812
0.123858,3.9752812
0.12386,3.9752812
0.123862,3.9752812
0.123864,3.9752812
0.123866,3.9752812
0.123867996,3.9752812
0.12387,3.9752812
0.123872,3.9752812
0.123874,3.9752812
0.123876,3.9752812
0.123878,3.9752812
0.12388,3.9752812
0.123882,3.9752812
0.123884,3.9752812
0.123886,3.9752812
0.123888,3.9752812
0.12389,3.9752812
0.123892,3.9752812
0.123894,3.9752812
0.123896,3.9752812
0.123898,3.9752812
0.1239,3.9752812
0.123902,3.9752812
0.123904,3.9752812
0.123906,3.9752812
0.123908,3.9752812
0.12391,3.9752812
0.123912,3.9752812
0.123914,3.9752812
0.123916,3.9752812
0.123918,3.9752812
0.12392,3.9752812
0.123922,3.9752812
0.123924,3.9752812
0.123926,3.9752812
0.123928,3.9752812
0.12393,3.9752812
0.123932,3.9752812
0.123934,3.9752812
0.123936,3.9752812
0.123938,3.9752812
0.12394,3.9752812
0.123942,3.9752812
0.123944,3.9752812
0.123945996,3.9752812
0.123948,3.9752812
0.12395,3.9752812
0.123952,3.9752812
0.123954,3.9752812
0.123956,3.9752812
0.123958,3.9752812
0.12396,3.9752812
0.123962,3.9752812
0.123964,3.9752812
0.123966,3.9752812
0.123968,3.9752812
0.12397,3.9752812
0.123972,3.9752812
0.123974,3.9752812
0.123976,3.9752812
0.123978,3.9752812
0.12398,3.9752812
0.123982,3.9752812
0.123984,3.9752812
0.123986,3.9752812
0.123988,3.9752812
0.12399,3.9752812
0.123991996,3.9752812
0.123994,3.9752812
0.123996,3.9752812
0.123998,3.9752812
0.124,3.9752812
0.124002,3.9752812
0.124004,3.9752812
0.124006,3.9752812
0.124008,3.9752812
0.12401,3.9752812
0.124012,3.9752812
0.124014,3.9752812
0.124016,3.9752812
0.124018,3.9752812
0.12402,3.9752812
0.124022,3.9752812
0.124024,3.9752812
0.124026,3.9752812
0.124028,3.9752812
0.12403,3.9752812
0.124032,3.9752812
0.124034,3.9752812
0.124036,3.9752812
0.124038,3.9752812
0.12404,3.9752812
0.124042,3.9752812
0.124044,3.9752812
0.124046,3.9752812
0.124048,3.9752812
0.12405,3.9752812
0.124052,3.9752812
0.124054,3.9752812
0.124056,3.9752812
0.124058,3.9752812
0.12406,3.9752812
0.124062,3.9752812
0.124064,3.9752812
0.124066,3.9752812
0.124068,3.9752812
0.124069996,3.9752812
0.124072,3.9752812
0.124074,3.9752812
0.124076,3.9752812
0.124078,3.9752812
0.12408,3.9752812
0.124082,3.9752812
0.124084,3.9752812
0.124086,3.9752812
0.124088,3.9752812
0.12409,3.9752812
0.124092,3.9752812
0.124094,3.9752812
0.124096,3.9752812
0.124098,3.9752812
0.1241,3.9752812
0.124102,3.9752812
0.124104,3.9752812
0.124106,3.9752812
0.124108,3.9752812
0.12411,3.9752812
0.124112,3.9752812
0.124114,3.9752812
0.124115996,3.9752812
0.124118,3.9752812
0.12412,3.9752812
0.124122,3.9752812
0.124124,3.9752812
0.124126,3.9752812
0.124128,3.9752812
0.12413,3.9752812
0.124132,3.9752812
0.124134,3.9752812
0.124136,3.9752812
0.124138,3.9752812
0.12414,3.9752812
0.124142,3.9752812
0.124144,3.9752812
0.124146,3.9752812
0.124148,3.9752812
0.12415,3.9752812
0.124152,3.9752812
0.124154,3.9752812
0.124156,3.9752812
0.124158,3.9752812
0.12416,3.9752812
0.124162,3.9752812
0.124164,3.9752812
0.124166,3.9752812
0.124168,3.9752812
0.12417,3.9752812
0.124172,3.9752812
0.124174,3.9752812
0.124176,3.9752812
0.124178,3.9752812
0.12418,3.9752812
0.124182,3.9752812
0.124184,3.9752812
0.124186,3.9752812
0.124188,3.9752812
0.12419,3.9752812
0.124192,3.9752812
0.124193996,3.9752812
0.124196,3.9752812
0.124198,3.9752812
0.1242,3.9752812
0.124202,3.9752812
0.124204,3.9752812
0.124206,3.9752812
0.124208,3.9752812
0.12421,3.9752812
0.124212,3.9752812
0.124214,3.9752812
0.124216,3.9752812
0.124218,3.9752812
0.12422,3.9752812
0.124222,3.9752812
0.124224,3.9752812
0.124226,3.9752812
0.124228,3.9752812
0.12423,3.9752812
0.124232,3.9752812
0.124234,3.9752812
0.124236,3.9752812
0.124238,3.9752812
0.124239996,3.9752812
0.124242,3.9752812
0.124244,3.9752812
0.124246,3.9752812
0.124248,3.9752812
0.12425,3.9752812
0.124252,3.9752812
0.124254,3.9752812
0.124256,3.9752812
0.124258,3.9752812
0.12426,3.9752812
0.124262,3.9752812
0.124264,3.9752812
0.124266,3.9752812
0.124268,3.9752812
0.12427,3.9752812
0.124272,3.9752812
0.124274,3.9752812
0.124276,3.9752812
0.124278,3.9752812
0.12428,3.9752812
0.124282,3.9752812
0.124284,3.9752812
0.124286,3.9752812
0.124288,3.9752812
0.12429,3.9752812
0.124292,3.9752812
0.124294,3.9752812
0.124296,3.9752812
0.124298,3.9752812
0.1243,3.9752812
0.124302,3.9752812
0.124304,3.9752812
0.124306,3.9752812
0.124308,3.9752812
0.12431,3.9752812
0.124312,3.9752812
0.124314,3.9752812
0.124316,3.9752812
0.124317996,3.9752812
0.12432,3.9752812
0.124322,3.9752812
0.124324,3.9752812
0.124326,3.9752812
0.124328,3.9752812
0.12433,3.9752812
0.124332,3.9752812
0.124334,3.9752812
0.124336,3.9752812
0.124338,3.9752812
0.12434,3.9752812
0.124342,3.9752812
0.124344,3.9752812
0.124346,3.9752812
0.124348,3.9752812
0.12435,3.9752812
0.124352,3.9752812
0.124354,3.9752812
0.124356,3.9752812
0.124358,3.9752812
0.12436,3.9752812
0.124362,3.9752812
0.124363996,3.9752812
0.124366,3.9752812
0.124368,3.9752812
0.12437,3.9752812
0.124372,3.9752812
0.124374,3.9752812
0.124376,3.9752812
0.124378,3.9752812
0.12438,3.9752812
0.124382,3.9752812
0.124384,3.9752812
0.124386,3.9752812
0.124388,3.9752812
0.12439,3.9752812
0.124392,3.9752812
0.124394,3.9752812
0.124396,3.9752812
0.124398,3.9752812
0.1244,3.9752812
0.124402,3.9752812
0.124404,3.9752812
0.124406,3.9752812
0.124408,3.9752812
0.124409996,3.9752812
0.124412,3.9752812
0.124414,3.9752812
0.124416,3.9752812
0.124418,3.9752812
0.12442,3.9752812
0.124422,3.9752812
0.124424,3.9752812
0.124426,3.9752812
0.124428,3.9752812
0.12443,3.9752812
0.124432,3.9752812
0.124434,3.9752812
0.124436,3.9752812
0.124438,3.9752812
0.12444,3.9752812
0.124441996,3.9752812
0.124444,3.9752812
0.124446,3.9752812
0.124448,3.9752812
0.12445,3.9752812
0.124452,3.9752812
0.124454,3.9752812
0.124456,3.9752812
0.124458,3.9752812
0.12446,3.9752812
0.124462,3.9752812
0.124464,3.9752812
0.124466,3.9752812
0.124468,3.9752812
0.12447,3.9752812
0.124472,3.9752812
0.124474,3.9752812
0.124476,3.9752812
0.124478,3.9752812
0.12448,3.9752812
0.124482,3.9752812
0.124484,3.9752812
0.124486,3.9752812
0.124487996,3.9752812
0.12449,3.9752812
0.124492,3.9752812
0.124494,3.9752812
0.124496,3.9752812
0.124498,3.9752812
0.1245,3.9752812
0.124502,3.9752812
0.124504,3.9752812
0.124506,3.9752812
0.124508,3.9752812
0.12451,3.9752812
0.124512,3.9752812
0.124514,3.9752812
0.124516,3.9752812
0.124518,3.9752812
0.12452,3.9752812
0.124522,3.9752812
0.124524,3.9752812
0.124526,3.9752812
0.124528,3.9752812
0.12453,3.9752812
0.124532,3.9752812
0.124533996,3.9752812
0.124536,3.9752812
0.124538,3.9752812
0.12454,3.9752812
0.124542,3.9752812
0.124544,3.9752812
0.124546,3.9752812
0.124548,3.9752812
0.12455,3.9752812
0.124552,3.9752812
0.124554,3.9752812
0.124556,3.9752812
0.124558,3.9752812
0.12456,3.9752812
0.124562,3.9752812
0.124564,3.9752812
0.124565996,3.9752812
0.124568,3.9752812
0.12457,3.9752812
0.124572,3.9752812
0.124574,3.9752812
0.124576,3.9752812
0.124578,3.9752812
0.12458,3.9752812
0.124582,3.9752812
0.124584,3.9752812
0.124586,3.9752812
0.124588,3.9752812
0.12459,3.9752812
0.124592,3.9752812
0.124594,3.9752812
0.124596,3.9752812
0.124598,3.9752812
0.1246,3.9752812
0.124602,3.9752812
0.124604,3.9752812
0.124606,3.9752812
0.124608,3.9752812
0.12461,3.9752812
0.124611996,3.9752812
0.124614,3.9752812
0.124616,3.9752812
0.124618,3.9752812
0.12462,3.9752812
0.124622,3.9752812
0.124624,3.9752812
0.124626,3.9752812
0.124628,3.9752812
0.12463,3.9752812
0.124632,3.9752812
0.124634,3.9752812
0.124636,3.9752812
0.124638,3.9752812
0.12464,3.9752812
0.124642,3.9752812
0.124644,3.9752812
0.124646,3.9752812
0.124648,3.9752812
0.12465,3.9752812
0.124652,3.9752812
0.124654,3.9752812
0.124656,3.9752812
0.124657996,3.9752812
0.12466,3.9752812
0.124662,3.9752812
0.124664,3.9752812
0.124666,3.9752812
0.124668,3.9752812
0.12467,3.9752812
0.124672,3.9752812
0.124674,3.9752812
0.124676,3.9752812
0.124678,3.9752812
0.12468,3.9752812
0.124682,3.9752812
0.124684,3.9752812
0.124686,3.9752812
0.124688,3.9752812
0.124689996,3.9752812
0.124692,3.9752812
0.124694,3.9752812
0.124696,3.9752812
0.124698,3.9752812
0.1247,3.9752812
0.124702,3.9752812
0.124704,3.9752812
0.124706,3.9752812
0.124708,3.9752812
0.12471,3.9752812
0.124712,3.9752812
0.124714,3.9752812
0.124716,3.9752812
0.124718,3.9752812
0.12472,3.9752812
0.124722,3.9752812
0.124724,3.9752812
0.124726,3.9752812
0.124728,3.9752812
0.12473,3.9752812
0.124732,3.9752812
0.124734,3.9752812
0.124735996,3.9752812
0.124738,3.9752812
0.12474,3.9752812
0.124742,3.9752812
0.124744,3.9752812
0.124746,3.9752812
0.124748,3.9752812
0.12475,3.9752812
0.124752,3.9752812
0.124754,3.9752812
0.124756,3.9752812
0.124758,3.9752812
0.12476,3.9752812
0.124762,3.9752812
0.124764,3.9752812
0.124766,3.9752812
0.124768,3.9752812
0.12477,3.9752812
0.124772,3.9752812
0.124774,3.9752812
0.124776,3.9752812
0.124778,3.9752812
0.12478,3.9752812
0.124781996,3.9752812
0.124784,3.9752812
0.124786,3.9752812
0.124788,3.9752812
0.12479,3.9752812
0.124792,2.8194976
0.124794,2.727035
0.124796,2.727035
0.124798,2.727035
0.1248,2.727035
0.124802,2.727035
0.124804,2.727035
0.124806,2.727035
0.124808,2.727035
0.12481,2.727035
0.124812,2.6808028
0.124813996,2.6808028
0.124816,2.6808028
0.124818,2.6808028
0.12482,2.6808028
0.124822,2.6808028
0.124824,2.6808028
0.124826,2.6808028
0.124828,2.6808028
0.12483,2.6808028
0.124832,2.6808028
0.124834,2.6808028
0.124836,2.6808028
0.124838,2.6808028
0.12484,2.6808028
0.124842,2.6808028
0.124844,2.6808028
0.124846,2.6808028
0.124848,2.6808028
0.12485,2.6808028
0.124852,2.6808028
0.124854,2.6808028
0.124856,2.6808028
0.124858,2.6808028
0.124859996,2.6808028
0.124862,2.6808028
0.124864,2.6808028
0.124866,2.6808028
0.124868,2.6808028
0.12487,2.6808028
0.124872,2.6808028
0.124874,2.6808028
0.124876,2.6808028
0.124878,2.6808028
0.12488,2.6808028
0.124882,2.6808028
0.124884,2.6808028
0.124886,2.6808028
0.124888,2.6808028
0.12489,2.6808028
0.124892,2.6808028
0.124894,2.6808028
0.124896,2.6808028
0.124898,2.6808028
0.1249,2.6808028
0.124902,2.6808028
0.124904,2.6808028
0.124905996,2.6808028
0.124908,2.6808028
0.12491,2.6808028
0.124912,2.6808028
0.124914,2.6808028
0.124916,2.6808028
0.124918,2.6808028
0.12492,2.6808028
0.124922,2.6808028
0.124924,2.6808028
0.124926,2.6808028
0.124928,2.6808028
0.12493,2.6808028
0.124932,2.6808028
0.124934,2.6808028
0.124936,2.6808028
0.124937996,2.6808028
0.12494,2.6808028
0.124942,2.6808028
0.124944,2.6808028
0.124946,2.6808028
0.124948,2.6808028
0.12495,2.6808028
0.124952,2.6808028
0.124954,2.6808028
0.124956,2.6808028
0.124958,2.6808028
0.12496,2.6808028
0.124962,2.6808028
0.124964,2.6808028
0.124966,2.6808028
0.124968,2.6808028
0.12497,2.6808028
0.124972,2.6808028
0.124974,2.6808028
0.124976,2.6808028
0.124978,2.6808028
0.12498,2.6808028
0.124982,2.6808028
0.124983996,2.6808028
0.124986,2.6808028
0.124988,2.6808028
0.12499,2.6808028
0.124992,2.6808028
0.124994,2.6808028
0.124996,2.6808028
0.124998,2.6808028
0.125,2.6808028
0.125002,2.6808028
0.125004,2.6808028
0.125006,2.6808028
0.125008,2.6808028
0.12501,2.6808028
0.125012,2.6808028
0.125014,2.6808028
0.125016,2.6808028
0.125018,2.6808028
0.12502,2.6808028
0.125022,2.6808028
0.125024,2.6808028
0.125026,2.6808028
0.125028,2.6808028
0.12503,2.6808028
0.125032,2.6808028
0.125034,2.6808028
0.125036,2.6808028
0.125038,2.6808028
0.12504,2.6808028
0.125042,2.6808028
0.125044,2.6808028
0.125046,2.6808028
0.125048,2.6808028
0.12505,2.6808028
0.125052,2.6808028
0.125054,2.6808028
0.125056,2.6808028
0.125058,2.6808028
0.12506,2.6808028
0.125062,2.6808028
0.125064,2.6808028
0.125066,2.6808028
0.125068,2.6808028
0.12507,2.6808028
0.125072,2.6808028
0.125074,2.6808028
0.125076,2.6808028
0.125078,2.6808028
0.12508,2.6808028
0.125082,2.6808028
0.125084,2.6808028
0.125086,2.6808028
0.125088,2.6808028
0.12509,2.6808028
0.125092,2.6808028
0.125094,2.6808028
0.125096,2.6808028
0.125098,2.6808028
0.1251,2.6808028
0.125102,2.6808028
0.125104,2.6808028
0.125106,2.6808028
0.125108,2.6808028
0.12511,2.6808028
0.125112,2.6808028
0.125114,2.6808028
0.125116,2.6808028
0.125118,1.6637135
0.12512,1.4325566
0.125122,1.4325566
0.125124,1.4325566
0.125126,1.4325566
0.125128,1.4325566
0.12513,1.4325566
0.125132,1.4325566
0.125134,1.4325566
0.125136,1.4325566
0.125138,1.4325566
0.12514,1.4325566
0.125142,1.4325566
0.125144,1.4325566
0.125146,1.4325566
0.125148,1.4325566
0.12515,1.4325566
0.125152,1.4325566
0.125154,1.4325566
0.125156,1.4325566
0.125158,1.3863249
0.12516,1.3863249
0.125162,1.3863249
0.125164,1.3863249
0.125166,1.3863249
0.125168,1.3863249
0.12516999,1.3863249
0.125172,1.3863249
0.125174,1.3863249
0.125176,1.3863249
0.125178,1.3863249
0.12518,1.3863249
0.125182,1.3863249
0.125184,1.3863249
0.125186,1.3863249
0.125188,1.3863249
0.12519,1.3863249
0.125192,1.3863249
0.125194,1.3863249
0.125196,1.3863249
0.125198,1.3863249
0.1252,1.3863249
0.125202,1.3863249
0.125204,1.3863249
0.125206,1.3863249
0.125208,1.3863249
0.12521,1.3863249
0.125212,1.3863249
0.125214,1.3863249
0.12521599,1.3863249
0.125218,1.3863249
0.12522,1.3863249
0.125222,1.3863249
0.125224,1.3863249
0.125226,1.3863249
0.125228,1.3863249
0.12523,1.3863249
0.125232,1.3863249
0.125234,1.3863249
0.125236,1.3863249
0.125238,1.3863249
0.12524,1.3863249
0.125242,1.3863249
0.125244,1.3863249
0.125246,1.3863249
0.125248,1.3863249
0.12525,1.3863249
0.125252,1.3863249
0.125254,1.3863249
0.125256,1.3863249
0.125258,1.3863249
0.12526,1.3863249
0.125262,1.3863249
0.125264,1.3863249
0.125266,1.3863249
0.125268,1.3863249
0.12527,1.3863249
0.125272,1.3863249
0.125274,1.3863249
0.125276,1.3863249
0.125278,1.3863249
0.12528,1.3863249
0.125282,1.3863249
0.125284,1.3863249
0.125286,1.3863249
0.125288,1.3863249
0.12529,1.3863249
0.125292,1.3863249
0.125294,1.3863249
0.125296,1.3863249
0.125298,1.3863249
0.1253,1.3863249
0.125302,1.3863249
0.125304,1.3863249
0.125306,1.3863249
0.125308,1.3863249
0.12531,1.3863249
0.125312,1.3863249
0.125314,1.3863249
0.125316,1.3863249
0.125318,1.3863249
0.12532,1.3863249
0.125322,1.3863249
0.125324,1.3863249
0.125326,1.3863249
0.125328,1.3863249
0.12533,1.3863249
0.125332,1.3863249
0.125334,1.3863249
0.125336,1.3863249
0.125338,1.3863249
0.12534,1.3863249
0.125342,1.3863249
0.125344,1.3863249
0.125346,1.3863249
0.125348,1.3863249
0.12535,1.3863249
0.125352,1.3863249
0.125354,1.3863249
0.125356,1.3863249
0.125358,1.3863249
0.12536,1.3863249
0.125362,1.3863249
0.125364,1.3863249
0.125366,1.3863249
0.125368,1.3863249
0.12537,1.3863249
0.125372,1.3863249
0.125374,1.3863249
0.125376,1.3863249
0.125378,1.3863249
0.12538,1.3863249
0.125382,1.3863249
0.125384,1.3863249
0.125386,1.3863249
0.125388,1.3863249
0.12539,1.3863249
0.125392,1.3863249
0.125394,1.3863249
0.125396,1.3863249
0.125398,1.3863249
0.1254,1.3863249
0.125402,1.3863249
0.125404,1.3863249
0.125406,1.3863249
0.125408,1.3863249
0.12541,1.3863249
0.125412,1.3863249
0.125414,1.3863249
0.125416,1.3863249
0.12541799,1.3863249
0.12542,1.3863249
0.125422,1.3863249
0.125424,1.3863249
0.125426,1.3863249
0.125428,1.3863249
0.12543,1.3863249
0.125432,1.3863249
0.125434,1.3863249
0.125436,1.3863249
0.125438,1.3863249
0.12544,1.3863249
0.125442,1.3863249
0.125444,1.3863249
0.125446,1.3863249
0.125448,1.3863249
0.12545,1.3863249
0.125452,1.3863249
0.125454,1.3863249
0.125456,1.3863249
0.125458,1.3863249
0.12546,1.3863249
0.125462,1.3863249
0.12546399,1.3863249
0.125466,1.3863249
0.125468,1.3863249
0.12547,1.3863249
0.125472,0.184309
0.125474,0.13807821
0.125476,0.13807821
0.125478,0.13807821
0.12548,0.13807821
0.125482,0.13807821
0.125484,0.13807821
0.125486,0.13807821
0.125488,0.13807821
0.12549,0.13807821
0.125492,0.13807821
0.125494,0.13807821
0.125496,0.091846466
0.125498,0.091846466
0.1255,0.091846466
0.125502,0.091846466
0.125504,0.091846466
0.125506,0.091846466
0.125508,0.091846466
0.12550999,0.091846466
0.125512,0.091846466
0.125514,0.091846466
0.125516,0.091846466
0.125518,0.091846466
0.12552,0.091846466
0.125522,0.091846466
0.125524,0.091846466
0.125526,0.091846466
0.125528,0.091846466
0.12553,0.091846466
0.125532,0.091846466
0.125534,0.091846466
0.125536,0.091846466
0.125538,0.091846466
0.12554,0.091846466
0.125542,0.091846466
0.125544,0.091846466
0.125546,0.091846466
0.125548,0.091846466
0.12555,0.091846466
0.125552,0.091846466
0.125554,0.091846466
0.125556,0.091846466
0.125558,0.091846466
0.12556,0.091846466
0.125562,0.091846466
0.125564,0.091846466
0.125566,0.091846466
0.125568,0.091846466
0.12557,0.091846466
0.125572,0.091846466
0.125574,0.091846466
0.125576,0.091846466
0.125578,0.091846466
0.12558,0.091846466
0.125582,0.091846466
0.125584,0.091846466
0.125586,0.091846466
0.125588,0.091846466
0.12559,0.091846466
0.125592,0.091846466
0.125594,0.091846466
0.125596,0.091846466
0.125598,0.091846466
0.1256,0.091846466
0.125602,0.091846466
0.125604,0.091846466
0.125606,0.091846466
0.125608,0.091846466
0.12561,0.091846466
0.125612,0.091846466
0.125614,0.091846466
0.125616,0.091846466
0.125618,0.091846466
0.12562,0.091846466
0.125622,0.091846466
0.125624,0.091846466
0.125626,0.091846466
0.125628,0.091846466
0.12563,0.091846466
0.125632,0.091846466
0.125634,0.091846466
0.125636,0.091846466
0.125638,0.091846466
0.12564,0.091846466
0.125642,0.091846466
0.125644,0.091846466
0.125646,0.091846466
0.125648,0.091846466
0.12565,0.091846466
0.125652,0.091846466
0.125654,0.091846466
0.125656,0.091846466
0.125658,0.091846466
0.12566,0.091846466
0.125662,0.091846466
0.125664,0.091846466
0.12566599,0.091846466
0.125668,0.091846466
0.12567,0.091846466
0.125672,0.091846466
0.125674,0.091846466
0.125676,0.091846466
0.125678,0.091846466
0.12568,0.091846466
0.125682,0.091846466
0.125684,0.091846466
0.125686,0.091846466
0.125688,0.091846466
0.12569,0.091846466
0.125692,0.091846466
0.125694,0.091846466
0.125696,0.091846466
0.125698,0.091846466
0.1257,0.091846466
0.125702,0.091846466
0.125704,0.091846466
0.125706,0.091846466
0.125708,0.091846466
0.12571,0.091846466
0.12571199,0.091846466
0.125714,0.091846466
0.125716,0.091846466
0.125718,0.091846466
0.12572,0.091846466
0.125722,0.091846466
0.125724,0.091846466
0.125726,0.091846466
0.125728,0.091846466
0.12573,0.091846466
0.125732,0.091846466
0.125734,0.091846466
0.125736,0.091846466
0.125738,0.091846466
0.12574,0.091846466
0.125742,0.091846466
0.125744,0.091846466
0.125746,0.091846466
0.125748,0.091846466
0.12575,0.091846466
0.125752,0.091846466
0.125754,0.091846466
0.125756,0.091846466
0.12575799,0.091846466
0.12576,0.091846466
0.125762,0.091846466
0.125764,0.091846466
0.125766,0.091846466
0.125768,0.091846466
0.12577,0.091846466
0.125772,0.091846466
0.125774,0.091846466
0.125776,0.091846466
0.125778,0.091846466
0.12578,0.091846466
0.125782,0.091846466
0.125784,0.091846466
0.125786,0.091846466
0.125788,0.091846466
0.12579,0.091846466
0.125792,0.091846466
0.125794,0.091846466
0.125796,0.091846466
0.125798,0.091846466
0.1258,0.091846466
0.125802,0.091846466
0.125804,0.091846466
0.125806,0.091846466
0.125808,0.091846466
0.12581,0.091846466
0.125812,0.091846466
0.125814,0.091846466
0.125816,0.091846466
0.125818,0.091846466
0.12582,0.091846466
0.125822,0.091846466
0.125824,0.091846466
0.125826,0.091846466
0.125828,0.091846466
0.12583,0.091846466
0.125832,0.091846466
0.125834,0.091846466
0.125836,0.091846466
0.125838,0.091846466
0.12584,0.091846466
0.125842,0.091846466
0.125844,0.091846466
0.125846,0.091846466
0.125848,0.091846466
0.12585,0.091846466
0.125852,0.091846466
0.125854,0.091846466
0.125856,0.091846466
0.125858,0.091846466
0.12586,0.091846466
0.125862,0.091846466
0.125864,0.091846466
0.125866,0.091846466
0.125868,0.091846466
0.12587,0.091846466
0.125872,0.091846466
0.125874,0.091846466
0.125876,0.091846466
0.125878,0.091846466
0.12588,0.091846466
0.125882,0.091846466
0.125884,0.091846466
0.125886,0.091846466
0.125888,0.091846466
0.12589,0.091846466
0.125892,0.091846466
0.125894,0.091846466
0.125896,0.091846466
0.125898,0.091846466
0.1259,0.091846466
0.125902,0.091846466
0.125904,0.091846466
0.125906,0.091846466
0.125908,0.091846466
0.12591,0.091846466
0.125912,0.091846466
0.12591399,0.091846466
0.125916,0.091846466
0.125918,0.091846466
0.12592,0.091846466
0.125922,0.091846466
0.125924,0.091846466
0.125926,0.091846466
0.125928,0.091846466
0.12593,0.091846466
0.125932,0.091846466
0.125934,0.091846466
0.125936,0.091846466
0.125938,0.091846466
0.12594,0.091846466
0.125942,0.091846466
0.125944,0.091846466
0.125946,0.091846466
0.125948,0.091846466
0.12595,0.091846466
0.125952,0.091846466
0.125954,0.091846466
0.125956,0.091846466
0.125958,0.091846466
0.12595999,0.091846466
0.125962,0.091846466
0.125964,0.091846466
0.125966,0.091846466
0.125968,0.091846466
0.12597,0.091846466
0.125972,0.091846466
0.125974,0.091846466
0.125976,0.091846466
0.125978,0.091846466
0.12598,0.091846466
0.125982,0.091846466
0.125984,0.091846466
0.125986,0.091846466
0.125988,0.091846466
0.12599,0.091846466
0.125992,0.091846466
0.125994,0.091846466
0.125996,0.091846466
0.125998,0.091846466
0.126,0.091846466
0.126002,0.091846466
0.126004,0.091846466
0.12600599,0.091846466
0.126008,0.091846466
0.12601,0.091846466
0.126012,0.091846466
0.126014,0.091846466
0.126016,0.091846466
0.126018,0.091846466
0.12602,0.091846466
0.126022,0.091846466
0.126024,0.091846466
0.126026,0.091846466
0.126028,0.091846466
0.12603,0.091846466
0.126032,0.091846466
0.126034,0.091846466
0.126036,0.091846466
0.126038,0.091846466
0.12604,0.091846466
0.126042,0.091846466
0.126044,0.091846466
0.126046,0.091846466
0.126048,0.091846466
0.12605,0.091846466
0.126052,0.091846466
0.126054,0.091846466
0.126056,0.091846466
0.126058,0.091846466
0.12606,0.091846466
0.126062,0.091846466
0.126064,0.091846466
0.126066,0.091846466
0.126068,0.091846466
0.12607,0.091846466
0.126072,0.091846466
0.126074,0.091846466
0.126076,0.091846466
0.126078,0.091846466
0.12608,0.091846466
0.126082,0.091846466
0.126084,0.091846466
0.126086,0.091846466
0.126088,0.091846466
0.12609,0.091846466
0.126092,0.091846466
0.126094,0.091846466
0.126096,0.091846466
0.126098,0.091846466
0.1261,0.091846466
0.126102,0.091846466
0.126104,0.091846466
0.126106,0.091846466
0.126108,0.091846466
0.12611,0.091846466
0.126112,0.091846466
0.126114,0.091846466
0.126116,0.091846466
0.126118,0.091846466
0.12612,0.091846466
0.126122,0.091846466
0.126124,0.091846466
0.126126,0.091846466
0.126128,0.091846466
0.12613,0.091846466
0.126132,0.091846466
0.126134,0.091846466
0.126136,0.091846466
0.126138,0.091846466
0.12614,0.091846466
0.126142,0.091846466
0.126144,0.091846466
0.126146,0.091846466
0.126148,0.091846466
0.12615,0.091846466
0.126152,0.091846466
0.126154,0.091846466
0.126156,0.091846466
0.126158,0.091846466
0.12616,0.091846466
0.126162,0.091846466
0.126164,0.091846466
0.126166,0.091846466
0.126168,0.091846466
0.12617,0.091846466
0.126172,0.091846466
0.126174,0.091846466
0.126176,0.091846466
0.126178,0.091846466
0.12618,0.091846466
0.126182,0.091846466
0.126184,0.091846466
0.126186,0.091846466
0.126188,0.091846466
0.12619,0.091846466
0.126192,0.091846466
0.126194,0.091846466
0.126196,0.091846466
0.126198,0.091846466
0.1262,0.091846466
0.126202,0.091846466
0.126204,0.091846466
0.126206,0.091846466
0.12620799,0.091846466
0.12621,0.091846466
0.126212,0.091846466
0.126214,0.091846466
0.126216,0.091846466
0.126218,0.091846466
0.12622,0.091846466
0.126222,0.091846466
0.126224,0.091846466
0.126226,0.091846466
0.126228,0.091846466
0.12623,0.091846466
0.126232,0.091846466
0.126234,0.091846466
0.126236,0.091846466
0.126238,0.091846466
0.12624,0.091846466
0.126242,0.091846466
0.126244,0.091846466
0.126246,0.091846466
0.126248,0.091846466
0.12625,0.091846466
0.126252,0.091846466
0.12625399,0.091846466
0.126256,0.091846466
0.126258,0.091846466
0.12626,0.091846466
0.126262,0.091846466
0.126264,0.091846466
0.126266,0.091846466
0.126268,0.091846466
0.12627,0.091846466
0.126272,0.091846466
0.126274,0.091846466
0.126276,0.091846466
0.126278,0.091846466
0.12628,0.091846466
0.126282,0.091846466
0.126284,0.091846466
0.126286,0.091846466
0.126288,1.0627055
0.12629,1.3400936
0.126292,1.3400936
0.126294,1.3863249
0.126296,1.3863249
0.126298,1.3863249
0.1263,1.3863249
0.126302,1.3863249
0.126304,1.3863249
0.126306,1.3863249
0.126308,1.3863249
0.12631,1.3863249
0.126312,1.3863249
0.126314,1.3863249
0.126316,1.3863249
0.126318,1.3863249
0.12632,1.3863249
0.126322,1.3863249
0.126324,1.3863249
0.126326,1.3863249
0.126328,1.3863249
0.12633,1.3863249
0.126332,1.3863249
0.126334,1.3863249
0.126336,1.3863249
0.126338,1.3863249
0.12634,1.3863249
0.126342,1.3863249
0.126344,1.3863249
0.126346,1.3863249
0.126348,1.3863249
0.12635,1.3863249
0.126352,1.3863249
0.126354,1.3863249
0.126356,1.3863249
0.126358,1.3863249
0.12636,1.3863249
0.126362,1.3863249
0.126364,1.3863249
0.126366,1.3863249
0.126368,1.3863249
0.12637,1.3863249
0.126372,1.3863249
0.126374,1.3863249
0.126376,1.3863249
0.126378,1.3863249
0.12638,1.3863249
0.126382,1.3863249
0.126384,1.3863249
0.126386,1.3863249
0.126388,1.3863249
0.12639,1.3863249
0.126392,1.3863249
0.126394,1.3863249
0.126396,1.3863249
0.126398,1.3863249
0.1264,1.3863249
0.126402,1.3863249
0.126404,1.3863249
0.126406,1.3863249
0.126408,1.3863249
0.12641,1.3863249
0.126412,1.3863249
0.126414,1.3863249
0.126416,1.3863249
0.126418,1.3863249
0.12642,1.3863249
0.126422,1.3863249
0.126424,1.3863249
0.126426,1.3863249
0.126428,1.3863249
0.12643,1.3863249
0.126432,1.3863249
0.126434,1.3863249
0.126436,1.3863249
0.126438,1.3863249
0.12644,1.3863249
0.126442,1.3863249
0.126444,1.3863249
0.126446,1.3863249
0.126448,1.3863249
0.12645,1.3863249
0.126452,1.3863249
0.126454,1.3863249
0.12645599,1.3863249
0.126458,1.3863249
0.12646,1.3863249
0.126462,1.3863249
0.126464,1.3863249
0.126466,1.3863249
0.126468,1.3863249
0.12647,1.3863249
0.126472,1.3863249
0.126474,1.3863249
0.126476,1.3863249
0.126478,1.3863249
0.12648,1.3863249
0.126482,1.3863249
0.126484,1.3863249
0.126486,1.3863249
0.126488,1.3863249
0.12649,1.3863249
0.126492,1.3863249
0.126494,1.3863249
0.126496,1.3863249
0.126498,1.3863249
0.1265,1.3863249
0.12650199,1.3863249
0.126504,1.3863249
0.126506,1.3863249
0.126508,1.3863249
0.12651,1.3863249
0.126512,1.3863249
0.126514,1.3863249
0.126516,1.3863249
0.126518,1.3863249
0.12652,1.3863249
0.126522,1.3863249
0.126524,1.3863249
0.126526,1.3863249
0.126528,1.3863249
0.12653,1.3863249
0.126532,1.3863249
0.126534,1.3863249
0.126536,1.3863249
0.126538,1.3863249
0.12654,1.3863249
0.126542,1.3863249
0.126544,1.3863249
0.126546,1.3863249
0.126548,1.3863249
0.12655,1.3863249
0.126552,1.3863249
0.126554,1.3863249
0.126556,1.3863249
0.126558,1.3863249
0.12656,1.3863249
0.126562,1.3863249
0.126564,1.3863249
0.126566,1.3863249
0.126568,1.3863249
0.12657,1.3863249
0.126572,1.3863249
0.126574,1.3863249
0.126576,1.3863249
0.126578,1.3863249
0.12658,1.3863249
0.126582,1.3863249
0.126584,1.3863249
0.126586,1.3863249
0.126588,1.3863249
0.12659,1.3863249
0.126592,1.3863249
0.126594,1.3863249
0.126596,1.3863249
0.126598,1.3863249
0.1266,1.3863249
0.126602,1.3863249
0.126604,1.3863249
0.126606,1.3863249
0.126608,1.3863249
0.12661,1.3863249
0.126612,1.3863249
0.126614,1.3863249
0.126616,1.3863249
0.126618,1.3863249
0.12662,1.3863249
0.126622,1.3863249
0.126624,1.3863249
0.126626,1.3863249
0.126628,1.3863249
0.12663,1.3863249
0.126632,1.3863249
0.126634,1.3863249
0.126636,1.3863249
0.126638,1.3863249
0.12664,1.3863249
0.126642,1.3863249
0.126644,1.3863249
0.126646,1.3863249
0.126648,1.3863249
0.12665,1.3863249
0.126652,1.3863249
0.126654,1.3863249
0.126656,1.3863249
0.126658,1.3863249
0.12666,1.3863249
0.126662,1.3863249
0.126664,1.3863249
0.126666,1.3863249
0.126668,1.4325566
0.12667,2.6345725
0.126672,2.6345725
0.126674,2.6345725
0.126676,2.6345725
0.126678,2.6345725
0.12668,2.6345725
0.126682,2.6345725
0.126684,2.6808028
0.126686,2.6808028
0.126688,2.6808028
0.12669,2.6808028
0.126692,2.6808028
0.126694,2.6808028
0.126696,2.6808028
0.126698,2.6808028
0.1267,2.6808028
0.126702,2.6808028
0.12670399,2.6808028
0.126706,2.6808028
0.126708,2.6808028
0.12671,2.6808028
0.126712,2.6808028
0.126714,2.6808028
0.126716,2.6808028
0.126718,2.6808028
0.12672,2.6808028
0.126722,2.6808028
0.126724,2.6808028
0.126726,2.6808028
0.126728,2.6808028
0.12673,2.6808028
0.126732,2.6808028
0.126734,2.6808028
0.126736,2.6808028
0.126738,2.6808028
0.12674,2.6808028
0.126742,2.6808028
0.126744,2.6808028
0.126746,2.6808028
0.126748,2.6808028
0.12674999,2.6808028
0.126752,2.6808028
0.126754,2.6808028
0.126756,2.6808028
0.126758,2.6808028
0.12676,2.6808028
0.126762,2.6808028
0.126764,2.6808028
0.126766,2.6808028
0.126768,2.6808028
0.12677,2.6808028
0.126772,2.6808028
0.126774,2.6808028
0.126776,2.6808028
0.126778,2.6808028
0.12678,2.6808028
0.126782,2.6808028
0.126784,2.6808028
0.126786,2.6808028
0.126788,2.6808028
0.12679,2.6808028
0.126792,2.6808028
0.126794,2.6808028
0.12679599,2.6808028
0.126798,2.6808028
0.1268,2.6808028
0.126802,2.6808028
0.126804,2.6808028
0.126806,2.6808028
0.126808,2.6808028
0.12681,2.6808028
0.126812,2.6808028
0.126814,2.6808028
0.126816,2.6808028
0.126818,2.6808028
0.12682,2.6808028
0.126822,2.6808028
0.126824,2.6808028
0.126826,2.6808028
0.126828,2.6808028
0.12683,2.6808028
0.126832,2.6808028
0.126834,2.6808028
0.126836,2.6808028
0.126838,2.6808028
0.12684,2.6808028
0.126842,2.6808028
0.126844,2.6808028
0.126846,2.6808028
0.126848,2.6808028
0.12685,2.6808028
0.126852,2.6808028
0.126854,2.6808028
0.126856,2.6808028
0.126858,2.6808028
0.12686,2.6808028
0.126862,2.6808028
0.126864,2.6808028
0.126866,2.6808028
0.126868,2.6808028
0.12687,2.6808028
0.126872,2.6808028
0.126874,2.6808028
0.126876,2.6808028
0.126878,2.6808028
0.12688,2.6808028
0.126882,2.6808028
0.126884,2.6808028
0.126886,2.6808028
0.126888,2.6808028
0.12689,2.6808028
0.126892,2.6808028
0.126894,2.6808028
0.126896,2.6808028
0.126898,2.6808028
0.1269,2.6808028
0.126902,2.6808028
0.126904,2.6808028
0.126906,2.6808028
0.126908,2.6808028
0.12691,2.6808028
0.126912,2.6808028
0.126914,2.6808028
0.126916,2.6808028
0.126918,2.6808028
0.12692,2.6808028
0.126922,2.6808028
0.126924,2.6808028
0.126926,2.6808028
0.126928,2.6808028
0.12693,2.6808028
0.126932,2.6808028
0.126934,2.6808028
0.126936,2.6808028
0.126938,2.6808028
0.12694,2.6808028
0.126942,2.6808028
0.126944,2.6808028
0.126946,2.6808028
0.126948,2.6808028
0.12695,2.6808028
0.12695199,2.6808028
0.126954,2.6808028
0.126956,2.6808028
0.126958,2.6808028
0.12696,2.6808028
0.126962,2.6808028
0.126964,2.6808028
0.126966,2.6808028
0.126968,2.6808028
0.12697,2.6808028
0.126972,2.6808028
0.126974,2.6808028
0.126976,2.6808028
0.126978,2.6808028
0.12698,2.6808028
0.126982,2.6808028
0.126984,2.6808028
0.126986,2.6808028
0.126988,2.6808028
0.12699,2.6808028
0.126992,2.6808028
0.126994,2.6808028
0.126996,3.8828197
0.12699799,3.92905
0.127,3.92905
0.127002,3.92905
0.127004,3.9752812
0.127006,3.9752812
0.127008,3.9752812
0.12701,3.9752812
0.127012,3.9752812
0.127014,3.9752812
0.127016,3.9752812
0.127018,3.9752812
0.12702,3.9752812
0.127022,3.9752812
0.127024,3.9752812
0.127026,3.9752812
0.127028,3.9752812
0.12703,3.9752812
0.127032,3.9752812
0.127034,3.9752812
0.127036,3.9752812
0.127038,3.9752812
0.12704,3.9752812
0.127042,3.9752812
0.12704399,3.9752812
0.127046,3.9752812
0.127048,3.9752812
0.12705,3.9752812
0.127052,3.9752812
0.127054,3.9752812
0.127056,3.9752812
0.127058,3.9752812
0.12706,3.9752812
0.127062,3.9752812
0.127064,3.9752812
0.127066,3.9752812
0.127068,3.9752812
0.12707,3.9752812
0.127072,3.9752812
0.127074,3.9752812
0.127076,3.9752812
0.127078,3.9752812
0.12708,3.9752812
0.127082,3.9752812
0.127084,3.9752812
0.127086,3.9752812
0.127088,3.9752812
0.12709,3.9752812
0.127092,3.9752812
0.127094,3.9752812
0.127096,3.9752812
0.127098,3.9752812
0.1271,3.9752812
0.127102,3.9752812
0.127104,3.9752812
0.127106,3.9752812
0.127108,3.9752812
0.12711,3.9752812
0.127112,3.9752812
0.127114,3.9752812
0.127116,3.9752812
0.127118,3.9752812
0.12712,3.9752812
0.127122,3.9752812
0.127124,3.9752812
0.127126,3.9752812
0.127128,3.9752812
0.12713,3.9752812
0.127132,3.9752812
0.127134,3.9752812
0.127136,3.9752812
0.127138,3.9752812
0.12714,3.9752812
0.127142,3.9752812
0.127144,3.9752812
0.127146,3.9752812
0.127148,3.9752812
0.12715,3.9752812
0.127152,3.9752812
0.127154,3.9752812
0.127156,3.9752812
0.127158,3.9752812
0.12716,3.9752812
0.127162,3.9752812
0.127164,3.9752812
0.127166,3.9752812
0.127168,3.9752812
0.12717,3.9752812
0.127172,3.9752812
0.127174,3.9752812
0.127176,3.9752812
0.127178,3.9752812
0.12718,3.9752812
0.127182,3.9752812
0.127184,3.9752812
0.127186,3.9752812
0.127188,3.9752812
0.12719,3.9752812
0.127192,3.9752812
0.127194,3.9752812
0.127196,3.9752812
0.127198,3.9752812
0.12719999,3.9752812
0.127202,3.9752812
0.127204,3.9752812
0.127206,3.9752812
0.127208,3.9752812
0.12721,3.9752812
0.127212,3.9752812
0.127214,3.9752812
0.127216,3.9752812
0.127218,3.9752812
0.12722,3.9752812
0.127222,3.9752812
0.127224,3.9752812
0.127226,3.9752812
0.127228,3.9752812
0.12723,3.9752812
0.127232,3.9752812
0.127234,3.9752812
0.127236,3.9752812
0.127238,3.9752812
0.12724,3.9752812
0.127242,3.9752812
0.127244,3.9752812
0.12724599,3.9752812
0.127248,3.9752812
0.12725,3.9752812
0.127252,3.9752812
0.127254,3.9752812
0.127256,3.9752812
0.127258,3.9752812
0.12726,3.9752812
0.127262,3.9752812
0.127264,3.9752812
0.127266,3.9752812
0.127268,3.9752812
0.12727,3.9752812
0.127272,3.9752812
0.127274,3.9752812
0.127276,3.9752812
0.127278,3.9752812
0.12728,3.9752812
0.127282,3.9752812
0.127284,3.9752812
0.127286,3.9752812
0.127288,3.9752812
0.12729,3.9752812
0.12729199,3.9752812
0.127294,3.9752812
0.127296,3.9752812
0.127298,3.9752812
0.1273,3.9752812
0.127302,3.9752812
0.127304,3.9752812
0.127306,3.9752812
0.127308,3.9752812
0.12731,3.9752812
0.127312,3.9752812
0.127314,3.9752812
0.127316,3.9752812
0.127318,3.9752812
0.12732,3.9752812
0.127322,3.9752812
0.127324,3.9752812
0.127326,3.9752812
0.127328,3.9752812
0.12733,3.9752812
0.127332,3.9752812
0.127334,3.9752812
0.127336,3.9752812
0.127338,3.9752812
0.12734,3.9752812
0.127342,3.9752812
0.127344,3.9752812
0.127346,3.9752812
0.127348,3.9752812
0.12735,3.9752812
0.127352,3.9752812
0.127354,3.9752812
0.127356,3.9752812
0.127358,3.9752812
0.12736,3.9752812
0.127362,3.9752812
0.127364,3.9752812
0.127366,3.9752812
0.127368,3.9752812
0.12737,3.9752812
0.127372,3.9752812
0.127374,3.9752812
0.127376,3.9752812
0.127378,3.9752812
0.12738,3.9752812
0.127382,3.9752812
0.127384,3.9752812
0.127386,3.9752812
0.127388,3.9752812
0.12739,3.9752812
0.127392,3.9752812
0.127394,3.9752812
0.127396,3.9752812
0.127398,3.9752812
0.1274,3.9752812
0.127402,3.9752812
0.127404,3.9752812
0.127406,3.9752812
0.127408,3.9752812
0.12741,3.9752812
0.127412,3.9752812
0.127414,3.9752812
0.127416,3.9752812
0.127418,3.9752812
0.12742,3.9752812
0.127422,3.9752812
0.127424,3.9752812
0.127426,3.9752812
0.127428,3.9752812
0.12743,3.9752812
0.127432,3.9752812
0.127434,3.9752812
0.127436,3.9752812
0.127438,3.9752812
0.12744,3.9752812
0.127442,3.9752812
0.127444,3.9752812
0.127446,3.9752812
0.127448,3.9752812
0.12745,3.9752812
0.127452,3.9752812
0.127454,3.9752812
0.127456,3.9752812
0.127458,3.9752812
0.12746,3.9752812
0.127462,3.9752812
0.127464,3.9752812
0.127466,3.9752812
0.127468,3.9752812
0.12747,3.9752812
0.127472,3.9752812
0.127474,3.9752812
0.127476,3.9752812
0.127478,3.9752812
0.12748,3.9752812
0.127482,3.9752812
0.127484,3.9752812
0.127486,3.9752812
0.127488,3.9752812
0.12749,3.9752812
0.127492,3.9752812
0.12749399,3.9752812
0.127496,3.9752812
0.127498,3.9752812
0.1275,3.9752812
0.127502,3.9752812
0.127504,3.9752812
0.127506,3.9752812
0.127508,3.9752812
0.12751,3.9752812
0.127512,3.9752812
0.127514,3.9752812
0.127516,3.9752812
0.127518,3.9752812
0.12752,3.9752812
0.127522,3.9752812
0.127524,3.9752812
0.127526,3.9752812
0.127528,3.9752812
0.12753,3.9752812
0.127532,3.9752812
0.127534,3.9752812
0.127536,3.9752812
0.127538,3.9752812
0.12753999,3.9752812
0.127542,3.9752812
0.127544,3.9752812
0.127546,3.9752812
0.127548,3.9752812
0.12755,3.9752812
0.127552,3.9752812
0.127554,3.9752812
0.127556,3.9752812
0.127558,3.9752812
0.12756,3.9752812
0.127562,3.9752812
0.127564,3.9752812
0.127566,3.9752812
0.127568,3.9752812
0.12757,3.9752812
0.127572,3.9752812
0.127574,3.9752812
0.127576,3.9752812
0.127578,3.9752812
0.12758,3.9752812
0.127582,3.9752812
0.127584,3.9752812
0.127586,3.9752812
0.127588,3.9752812
0.12759,3.9752812
0.127592,3.9752812
0.127594,3.9752812
0.127596,3.9752812
0.127598,3.9752812
0.1276,3.9752812
0.127602,3.9752812
0.127604,3.9752812
0.127606,3.9752812
0.127608,3.9752812
0.12761,3.9752812
0.127612,3.9752812
0.127614,3.9752812
0.127616,3.9752812
0.127618,3.9752812
0.12762,3.9752812
0.127622,3.9752812
0.127624,3.9752812
0.127626,3.9752812
0.127628,3.9752812
0.12763,3.9752812
0.127632,3.9752812
0.127634,3.9752812
0.127636,3.9752812
0.127638,3.9752812
0.12764,3.9752812
0.127642,3.9752812
0.127644,3.9752812
0.127646,3.9752812
0.127648,3.9752812
0.12765,3.9752812
0.127652,3.9752812
0.127654,3.9752812
0.127656,3.9752812
0.127658,3.9752812
0.12766,3.9752812
0.127662,3.9752812
0.127664,3.9752812
0.127666,3.9752812
0.127668,3.9752812
0.12767,3.9752812
0.127672,3.9752812
0.127674,3.9752812
0.127676,3.9752812
0.127678,3.9752812
0.12768,3.9752812
0.127682,3.9752812
0.127684,3.9752812
0.127686,3.9752812
0.127688,3.9752812
0.12769,3.9752812
0.127692,3.9752812
0.127694,3.9752812
0.127696,3.9752812
0.127698,3.9752812
0.1277,3.9752812
0.127702,3.9752812
0.127704,3.9752812
0.127706,3.9752812
0.127708,3.9752812
0.12771,3.9752812
0.127712,3.9752812
0.127714,3.9752812
0.127716,3.9752812
0.127718,3.9752812
0.12772,3.9752812
0.127722,3.9752812
0.127724,3.9752812
0.127726,3.9752812
0.127728,3.9752812
0.12773,3.9752812
0.127732,3.9752812
0.127734,3.9752812
0.127736,3.9752812
0.127738,3.9752812
0.12774,3.9752812
0.12774199,3.9752812
0.127744,3.9752812
0.127746,3.9752812
0.127748,3.9752812
0.12775,3.9752812
0.127752,3.9752812
0.127754,3.9752812
0.127756,3.9752812
0.127758,3.9752812
0.12776,3.9752812
0.127762,3.9752812
0.127764,3.9752812
0.127766,3.9752812
0.127768,3.9752812
0.12777,3.9752812
0.127772,3.9752812
0.127774,3.9752812
0.127776,3.9752812
0.127778,3.9752812
0.12778,3.9752812
0.127782,3.9752812
0.127784,3.9752812
0.127786,3.9752812
0.12778799,3.9752812
0.12779,3.9752812
0.127792,3.9752812
0.127794,3.9752812
0.127796,3.9752812
0.127798,3.9752812
0.1278,3.9752812
0.127802,3.9752812
0.127804,3.9752812
0.127806,3.9752812
0.127808,3.9752812
0.12781,3.9752812
0.127812,3.9752812
0.127814,3.9752812
0.127816,3.9752812
0.127818,3.9752812
0.12782,3.9752812
0.127822,3.9752812
0.127824,3.9752812
0.127826,3.9752812
0.127828,3.9752812
0.12783,3.9752812
0.127832,3.9752812
0.12783399,3.9752812
0.127836,3.9752812
0.127838,3.9752812
0.12784,3.9752812
0.127842,3.9752812
0.127844,3.9752812
0.127846,3.9752812
0.127848,3.9752812
0.12785,3.9752812
0.127852,3.9752812
0.127854,3.9752812
0.127856,3.9752812
0.127858,3.9752812
0.12786,3.9752812
0.127862,3.9752812
0.127864,3.9752812
0.127866,3.9752812
0.127868,3.9752812
0.12787,3.9752812
0.127872,3.9752812
0.127874,3.9752812
0.127876,3.9752812
0.127878,3.9752812
0.12788,3.9752812
0.127882,3.9752812
0.127884,3.9752812
0.127886,3.9752812
0.127888,3.9752812
0.12789,3.9752812
0.127892,3.9752812
0.127894,3.9752812
0.127896,3.9752812
0.127898,3.9752812
0.1279,3.9752812
0.127902,3.9752812
0.127904,3.9752812
0.127906,3.9752812
0.127908,3.9752812
0.12791,3.9752812
0.127912,3.9752812
0.127914,3.9752812
0.127916,3.9752812
0.127918,3.9752812
0.12792,3.9752812
0.127922,3.9752812
0.127924,3.9752812
0.127926,3.9752812
0.127928,3.9752812
0.12793,3.9752812
0.127932,3.9752812
0.127934,3.9752812
0.127936,3.9752812
0.127938,3.9752812
0.12794,3.9752812
0.127942,3.9752812
0.127944,3.9752812
0.127946,3.9752812
0.127948,3.9752812
0.12795,3.9752812
0.127952,3.9752812
0.127954,3.9752812
0.127956,3.9752812
0.127958,3.9752812
0.12796,3.9752812
0.127962,3.9752812
0.127964,3.9752812
0.127966,3.9752812
0.127968,3.9752812
0.12797,3.9752812
0.127972,3.9752812
0.127974,3.9752812
0.127976,3.9752812
0.127978,3.9752812
0.12798,3.9752812
0.127982,3.9752812
0.127984,3.9752812
0.127986,3.9752812
0.127988,3.9752812
0.12798999,3.9752812
0.127992,3.9752812
0.127994,3.9752812
0.127996,3.9752812
0.127998,3.9752812
0.128,3.9752812
0.128002,3.9752812
0.128004,3.9752812
0.128006,3.9752812
0.128008,3.9752812
0.12801,3.9752812
0.128012,3.9752812
0.128014,3.9752812
0.128016,3.9752812
0.128018,3.9752812
0.12802,3.9752812
0.128022,3.9752812
0.128024,3.9752812
0.128026,3.9752812
0.128028,3.9752812
0.12803,3.9752812
0.128032,3.9752812
0.128034,3.9752812
0.12803599,3.9752812
0.128038,3.9752812
0.12804,3.9752812
0.128042,3.9752812
0.128044,3.9752812
0.128046,3.9752812
0.128048,3.9752812
0.12805,3.9752812
0.128052,3.9752812
0.128054,3.9752812
0.128056,3.9752812
0.128058,3.9752812
0.12806,3.9752812
0.128062,3.9752812
0.128064,3.9752812
0.128066,3.9752812
0.128068,3.9752812
0.12807,3.9752812
0.128072,3.9752812
0.128074,3.9752812
0.128076,3.9752812
0.128078,3.9752812
0.12808,3.9752812
0.12808199,3.9752812
0.128084,3.9752812
0.128086,3.9752812
0.128088,3.9752812
0.12809,3.9752812
0.128092,3.9752812
0.128094,3.9752812
0.128096,3.9752812
0.128098,3.9752812
0.1281,3.9752812
0.128102,3.9752812
0.128104,3.9752812
0.128106,3.9752812
0.128108,3.9752812
0.12811,3.9752812
0.128112,2.8194976
0.128114,2.727035
0.128116,2.727035
0.128118,2.727035
0.12812,2.727035
0.128122,2.727035
0.128124,2.727035
0.128126,2.727035
0.128128,2.727035
0.12813,2.727035
0.128132,2.6808028
0.128134,2.6808028
0.128136,2.6808028
0.128138,2.6808028
0.12814,2.6808028
0.128142,2.6808028
0.128144,2.6808028
0.128146,2.6808028
0.128148,2.6808028
0.12815,2.6808028
0.128152,2.6808028
0.128154,2.6808028
0.128156,2.6808028
0.128158,2.6808028
0.12816,2.6808028
0.128162,2.6808028
0.128164,2.6808028
0.128166,2.6808028
0.128168,2.6808028
0.12817,2.6808028
0.128172,2.6808028
0.128174,2.6808028
0.128176,2.6808028
0.128178,2.6808028
0.12818,2.6808028
0.128182,2.6808028
0.128184,2.6808028
0.128186,2.6808028
0.128188,2.6808028
0.12819,2.6808028
0.128192,2.6808028
0.128194,2.6808028
0.128196,2.6808028
0.128198,2.6808028
0.1282,2.6808028
0.128202,2.6808028
0.128204,2.6808028
0.128206,2.6808028
0.128208,2.6808028
0.12821,2.6808028
0.128212,2.6808028
0.128214,2.6808028
0.128216,2.6808028
0.128218,2.6808028
0.12822,2.6808028
0.128222,2.6808028
0.128224,2.6808028
0.128226,2.6808028
0.128228,2.6808028
0.12823,2.6808028
0.128232,2.6808028
0.128234,2.6808028
0.128236,2.6808028
0.12823799,2.6808028
0.12824,2.6808028
0.128242,2.6808028
0.128244,2.6808028
0.128246,2.6808028
0.128248,2.6808028
0.12825,2.6808028
0.128252,2.6808028
0.128254,2.6808028
0.128256,2.6808028
0.128258,2.6808028
0.12826,2.6808028
0.128262,2.6808028
0.128264,2.6808028
0.128266,2.6808028
0.128268,2.6808028
0.12827,2.6808028
0.128272,2.6808028
0.128274,2.6808028
0.128276,2.6808028
0.128278,2.6808028
0.12828,2.6808028
0.128282,2.6808028
0.12828399,2.6808028
0.128286,2.6808028
0.128288,2.6808028
0.12829,2.6808028
0.128292,2.6808028
0.128294,2.6808028
0.128296,2.6808028
0.128298,2.6808028
0.1283,2.6808028
0.128302,2.6808028
0.128304,2.6808028
0.128306,2.6808028
0.128308,2.6808028
0.12831,2.6808028
0.128312,2.6808028
0.128314,2.6808028
0.128316,2.6808028
0.128318,2.6808028
0.12832,2.6808028
0.128322,2.6808028
0.128324,2.6808028
0.128326,2.6808028
0.128328,2.6808028
0.12832999,2.6808028
0.128332,2.6808028
0.128334,2.6808028
0.128336,2.6808028
0.128338,2.6808028
0.12834,2.6808028
0.128342,2.6808028
0.128344,2.6808028
0.128346,2.6808028
0.128348,2.6808028
0.12835,2.6808028
0.128352,2.6808028
0.128354,2.6808028
0.128356,2.6808028
0.128358,2.6808028
0.12836,2.6808028
0.128362,2.6808028
0.128364,2.6808028
0.128366,2.6808028
0.128368,2.6808028
0.12837,2.6808028
0.128372,2.6808028
0.128374,2.6808028
0.128376,2.6808028
0.128378,2.6808028
0.12838,2.6808028
0.128382,2.6808028
0.128384,2.6808028
0.128386,2.6808028
0.128388,2.6808028
0.12839,2.6808028
0.128392,2.6808028
0.128394,2.6808028
0.128396,2.6808028
0.128398,2.6808028
0.1284,2.6808028
0.128402,2.6808028
0.128404,2.6808028
0.128406,2.6808028
0.128408,2.6808028
0.12841,2.6808028
0.128412,2.6808028
0.128414,2.6808028
0.128416,2.6808028
0.128418,2.6808028
0.12842,2.6808028
0.128422,2.6808028
0.128424,2.6808028
0.128426,2.6808028
0.128428,2.6808028
0.12843,2.6808028
0.128432,2.6808028
0.128434,2.6808028
0.128436,2.6808028
0.128438,2.6808028
0.12844,2.6808028
0.128442,2.6808028
0.128444,2.6808028
0.128446,2.6808028
0.128448,2.6808028
0.12845,2.6808028
0.128452,2.6808028
0.128454,2.6808028
0.128456,2.6808028
0.128458,2.6808028
0.12846,2.6808028
0.128462,2.6808028
0.128464,2.727035
0.128466,1.4325566
0.128468,1.4325566
0.12847,1.4325566
0.128472,1.4325566
0.128474,1.4325566
0.128476,1.4325566
0.128478,1.4325566
0.12848,1.4325566
0.128482,1.4325566
0.128484,1.4325566
0.128486,1.4325566
0.128488,1.4325566
0.12849,1.4325566
0.128492,1.4325566
0.128494,1.4325566
0.128496,1.4325566
0.128498,1.4325566
0.1285,1.4325566
0.128502,1.4325566
0.128504,1.3863249
0.128506,1.3863249
0.128508,1.3863249
0.12851,1.3863249
0.128512,1.3863249
0.128514,1.3863249
0.128516,1.3863249
0.128518,1.3863249
0.12852,1.3863249
0.128522,1.3863249
0.128524,1.3863249
0.128526,1.3863249
0.128528,1.3863249
0.12853,1.3863249
0.12853199,1.3863249
0.128534,1.3863249
0.128536,1.3863249
0.128538,1.3863249
0.12854,1.3863249
0.128542,1.3863249
0.128544,1.3863249
0.128546,1.3863249
0.128548,1.3863249
0.12855,1.3863249
0.128552,1.3863249
0.128554,1.3863249
0.128556,1.3863249
0.128558,1.3863249
0.12856,1.3863249
0.128562,1.3863249
0.128564,1.3863249
0.128566,1.3863249
0.128568,1.3863249
0.12857,1.3863249
0.128572,1.3863249
0.128574,1.3863249
0.128576,1.3863249
0.12857799,1.3863249
0.12858,1.3863249
0.128582,1.3863249
0.128584,1.3863249
0.128586,1.3863249
0.128588,1.3863249
0.12859,1.3863249
0.128592,1.3863249
0.128594,1.3863249
0.128596,1.3863249
0.128598,1.3863249
0.1286,1.3863249
0.128602,1.3863249
0.128604,1.3863249
0.128606,1.3863249
0.128608,1.3863249
0.12861,1.3863249
0.128612,1.3863249
0.128614,1.3863249
0.128616,1.3863249
0.128618,1.3863249
0.12862,1.3863249
0.128622,1.3863249
0.128624,1.3863249
0.128626,1.3863249
0.128628,1.3863249
0.12863,1.3863249
0.128632,1.3863249
0.128634,1.3863249
0.128636,1.3863249
0.128638,1.3863249
0.12864,1.3863249
0.128642,1.3863249
0.128644,1.3863249
0.128646,1.3863249
0.128648,1.3863249
0.12865,1.3863249
0.128652,1.3863249
0.128654,1.3863249
0.128656,1.3863249
0.128658,1.3863249
0.12866,1.3863249
0.128662,1.3863249
0.128664,1.3863249
0.128666,1.3863249
0.128668,1.3863249
0.12867,1.3863249
0.128672,1.3863249
0.128674,1.3863249
0.128676,1.3863249
0.128678,1.3863249
0.12868,1.3863249
0.128682,1.3863249
0.128684,1.3863249
0.128686,1.3863249
0.128688,1.3863249
0.12869,1.3863249
0.128692,1.3863249
0.128694,1.3863249
0.128696,1.3863249
0.128698,1.3863249
0.1287,1.3863249
0.128702,1.3863249
0.128704,1.3863249
0.128706,1.3863249
0.128708,1.3863249
0.12871,1.3863249
0.128712,1.3863249
0.128714,1.3863249
0.128716,1.3863249
0.128718,1.3863249
0.12872,1.3863249
0.128722,1.3863249
0.128724,1.3863249
0.128726,1.3863249
0.128728,1.3863249
0.12873,1.3863249
0.128732,1.3863249
0.128734,1.3863249
0.128736,1.3863249
0.128738,1.3863249
0.12874,1.3863249
0.128742,1.3863249
0.128744,1.3863249
0.128746,1.3863249
0.128748,1.3863249
0.12875,1.3863249
0.128752,1.3863249
0.128754,1.3863249
0.128756,1.3863249
0.128758,1.3863249
0.12876,1.3863249
0.128762,1.3863249
0.128764,1.3863249
0.128766,1.3863249
0.128768,1.3863249
0.12877,1.3863249
0.128772,1.3863249
0.128774,1.3863249
0.128776,1.3863249
0.128778,1.3863249
0.12877999,1.3863249
0.128782,1.3863249
0.128784,1.3863249
0.128786,1.3863249
0.128788,1.3863249
0.12879,1.3863249
0.128792,1.3863249
0.128794,1.3863249
0.128796,1.3863249
0.128798,1.3863249
0.1288,1.3863249
0.128802,1.3863249
0.128804,1.3863249
0.128806,1.3863249
0.128808,1.3863249
0.12881,1.3863249
0.128812,1.3863249
0.128814,1.3863249
0.128816,1.3863249
0.128818,1.0627055
0.12882,0.184309
0.128822,0.13807821
0.128824,0.13807821
0.12882599,0.13807821
0.128828,0.13807821
0.12883,0.13807821
0.128832,0.13807821
0.128834,0.13807821
0.128836,0.13807821
0.128838,0.13807821
0.12884,0.13807821
0.128842,0.13807821
0.128844,0.13807821
0.128846,0.091846466
0.128848,0.091846466
0.12885,0.091846466
0.128852,0.091846466
0.128854,0.091846466
0.128856,0.091846466
0.128858,0.091846466
0.12886,0.091846466
0.128862,0.091846466
0.128864,0.091846466
0.128866,0.091846466
0.128868,0.091846466
0.12887,0.091846466
0.12887199,0.091846466
0.128874,0.091846466
0.128876,0.091846466
0.128878,0.091846466
0.12888,0.091846466
0.128882,0.091846466
0.128884,0.091846466
0.128886,0.091846466
0.128888,0.091846466
0.12889,0.091846466
0.128892,0.091846466
0.128894,0.091846466
0.128896,0.091846466
0.128898,0.091846466
0.1289,0.091846466
0.128902,0.091846466
0.128904,0.091846466
0.128906,0.091846466
0.128908,0.091846466
0.12891,0.091846466
0.128912,0.091846466
0.128914,0.091846466
0.128916,0.091846466
0.128918,0.091846466
0.12892,0.091846466
0.128922,0.091846466
0.128924,0.091846466
0.128926,0.091846466
0.128928,0.091846466
0.12893,0.091846466
0.128932,0.091846466
0.128934,0.091846466
0.128936,0.091846466
0.128938,0.091846466
0.12894,0.091846466
0.128942,0.091846466
0.128944,0.091846466
0.128946,0.091846466
0.128948,0.091846466
0.12895,0.091846466
0.128952,0.091846466
0.128954,0.091846466
0.128956,0.091846466
0.128958,0.091846466
0.12896,0.091846466
0.128962,0.091846466
0.128964,0.091846466
0.128966,0.091846466
0.128968,0.091846466
0.12897,0.091846466
0.128972,0.091846466
0.128974,0.091846466
0.128976,0.091846466
0.128978,0.091846466
0.12898,0.091846466
0.128982,0.091846466
0.128984,0.091846466
0.128986,0.091846466
0.128988,0.091846466
0.12899,0.091846466
0.128992,0.091846466
0.128994,0.091846466
0.128996,0.091846466
0.128998,0.091846466
0.129,0.091846466
0.129002,0.091846466
0.129004,0.091846466
0.129006,0.091846466
0.129008,0.091846466
0.12901,0.091846466
0.129012,0.091846466
0.129014,0.091846466
0.129016,0.091846466
0.129018,0.091846466
0.12902,0.091846466
0.129022,0.091846466
0.129024,0.091846466
0.129026,0.091846466
0.12902799,0.091846466
0.12903,0.091846466
0.129032,0.091846466
0.129034,0.091846466
0.129036,0.091846466
0.129038,0.091846466
0.12904,0.091846466
0.129042,0.091846466
0.129044,0.091846466
0.129046,0.091846466
0.129048,0.091846466
0.12905,0.091846466
0.129052,0.091846466
0.129054,0.091846466
0.129056,0.091846466
0.129058,0.091846466
0.12906,0.091846466
0.129062,0.091846466
0.129064,0.091846466
0.129066,0.091846466
0.129068,0.091846466
0.12907,0.091846466
0.129072,0.091846466
0.12907399,0.091846466
0.129076,0.091846466
0.129078,0.091846466
0.12908,0.091846466
0.129082,0.091846466
0.129084,0.091846466
0.129086,0.091846466
0.129088,0.091846466
0.12909,0.091846466
0.129092,0.091846466
0.129094,0.091846466
0.129096,0.091846466
0.129098,0.091846466
0.1291,0.091846466
0.129102,0.091846466
0.129104,0.091846466
0.129106,0.091846466
0.129108,0.091846466
0.12911,0.091846466
0.129112,0.091846466
0.129114,0.091846466
0.129116,0.091846466
0.129118,0.091846466
0.12911999,0.091846466
0.129122,0.091846466
0.129124,0.091846466
0.129126,0.091846466
0.129128,0.091846466
0.12913,0.091846466
0.129132,0.091846466
0.129134,0.091846466
0.129136,0.091846466
0.129138,0.091846466
0.12914,0.091846466
0.129142,0.091846466
0.129144,0.091846466
0.129146,0.091846466
0.129148,0.091846466
0.12915,0.091846466
0.129152,0.091846466
0.129154,0.091846466
0.129156,0.091846466
0.129158,0.091846466
0.12916,0.091846466
0.129162,0.091846466
0.129164,0.091846466
0.129166,0.091846466
0.129168,0.091846466
0.12917,0.091846466
0.129172,0.091846466
0.129174,0.091846466
0.129176,0.091846466
0.129178,0.091846466
0.12918,0.091846466
0.129182,0.091846466
0.129184,0.091846466
0.129186,0.091846466
0.129188,0.091846466
0.12919,0.091846466
0.129192,0.091846466
0.129194,0.091846466
0.129196,0.091846466
0.129198,0.091846466
0.1292,0.091846466
0.129202,0.091846466
0.129204,0.091846466
0.129206,0.091846466
0.129208,0.091846466
0.12921,0.091846466
0.129212,0.091846466
0.129214,0.091846466
0.129216,0.091846466
0.129218,0.091846466
0.12922,0.091846466
0.129222,0.091846466
0.129224,0.091846466
0.129226,0.091846466
0.129228,0.091846466
0.12923,0.091846466
0.129232,0.091846466
0.129234,0.091846466
0.129236,0.091846466
0.129238,0.091846466
0.12924,0.091846466
0.129242,0.091846466
0.129244,0.091846466
0.129246,0.091846466
0.129248,0.091846466
0.12925,0.091846466
0.129252,0.091846466
0.129254,0.091846466
0.129256,0.091846466
0.129258,0.091846466
0.12926,0.091846466
0.129262,0.091846466
0.129264,0.091846466
0.129266,0.091846466
0.129268,0.091846466
0.12927,0.091846466
0.129272,0.091846466
0.129274,0.091846466
0.12927599,0.091846466
0.129278,0.091846466
0.12928,0.091846466
0.129282,0.091846466
0.129284,0.091846466
0.129286,0.091846466
0.129288,0.091846466
0.12929,0.091846466
0.129292,0.091846466
0.129294,0.091846466
0.129296,0.091846466
0.129298,0.091846466
0.1293,0.091846466
0.129302,0.091846466
0.129304,0.091846466
0.129306,0.091846466
0.129308,0.091846466
0.12931,0.091846466
0.129312,0.091846466
0.129314,0.091846466
0.129316,0.091846466
0.129318,0.091846466
0.12932,0.091846466
0.12932199,0.091846466
0.129324,0.091846466
0.129326,0.091846466
0.129328,0.091846466
0.12933,0.091846466
0.129332,0.091846466
0.129334,0.091846466
0.129336,0.091846466
0.129338,0.091846466
0.12934,0.091846466
0.129342,0.091846466
0.129344,0.091846466
0.129346,0.091846466
0.129348,0.091846466
0.12935,0.091846466
0.129352,0.091846466
0.129354,0.091846466
0.129356,0.091846466
0.129358,0.091846466
0.12936,0.091846466
0.129362,0.091846466
0.129364,0.091846466
0.129366,0.091846466
0.12936799,0.091846466
0.12937,0.091846466
0.129372,0.091846466
0.129374,0.091846466
0.129376,0.091846466
0.129378,0.091846466
0.12938,0.091846466
0.129382,0.091846466
0.129384,0.091846466
0.129386,0.091846466
0.129388,0.091846466
0.12939,0.091846466
0.129392,0.091846466
0.129394,0.091846466
0.129396,0.091846466
0.129398,0.091846466
0.1294,0.091846466
0.129402,0.091846466
0.129404,0.091846466
0.129406,0.091846466
0.129408,0.091846466
0.12941,0.091846466
0.129412,0.091846466
0.129414,0.091846466
0.129416,0.091846466
0.129418,0.091846466
0.12942,0.091846466
0.129422,0.091846466
0.129424,0.091846466
0.129426,0.091846466
0.129428,0.091846466
0.12943,0.091846466
0.129432,0.091846466
0.129434,0.091846466
0.129436,0.091846466
0.129438,0.091846466
0.12944,0.091846466
0.129442,0.091846466
0.129444,0.091846466
0.129446,0.091846466
0.129448,0.091846466
0.12945,0.091846466
0.129452,0.091846466
0.129454,0.091846466
0.129456,0.091846466
0.129458,0.091846466
0.12946,0.091846466
0.129462,0.091846466
0.129464,0.091846466
0.129466,0.091846466
0.129468,0.091846466
0.12947,0.091846466
0.129472,0.091846466
0.129474,0.091846466
0.129476,0.091846466
0.129478,0.091846466
0.12948,0.091846466
0.129482,0.091846466
0.129484,0.091846466
0.129486,0.091846466
0.129488,0.091846466
0.12949,0.091846466
0.129492,0.091846466
0.129494,0.091846466
0.129496,0.091846466
0.129498,0.091846466
0.1295,0.091846466
0.129502,0.091846466
0.129504,0.091846466
0.129506,0.091846466
0.129508,0.091846466
0.12951,0.091846466
0.129512,0.091846466
0.129514,0.091846466
0.129516,0.091846466
0.129518,0.091846466
0.12952,0.091846466
0.129522,0.091846466
0.12952399,0.091846466
0.129526,0.091846466
0.129528,0.091846466
0.12953,0.091846466
0.129532,0.091846466
0.129534,0.091846466
0.129536,0.091846466
0.129538,0.091846466
0.12954,0.091846466
0.129542,0.091846466
0.129544,0.091846466
0.129546,0.091846466
0.129548,0.091846466
0.12955,0.091846466
0.129552,0.091846466
0.129554,0.091846466
0.129556,0.091846466
0.129558,0.091846466
0.12956,0.091846466
0.129562,0.091846466
0.129564,0.091846466
0.129566,0.091846466
0.129568,0.091846466
0.12956999,0.091846466
0.129572,0.091846466
0.129574,0.091846466
0.129576,0.091846466
0.129578,0.091846466
0.12958,0.091846466
0.129582,0.091846466
0.129584,0.091846466
0.129586,0.091846466
0.129588,0.091846466
0.12959,0.091846466
0.129592,0.091846466
0.129594,0.091846466
0.129596,0.091846466
0.129598,0.091846466
0.1296,0.091846466
0.129602,0.091846466
0.129604,0.091846466
0.129606,0.091846466
0.129608,0.091846466
0.12961,0.091846466
0.129612,0.091846466
0.129614,0.091846466
0.12961599,0.091846466
0.129618,0.091846466
0.12962,0.091846466
0.129622,0.091846466
0.129624,0.091846466
0.129626,0.091846466
0.129628,0.091846466
0.12963,0.091846466
0.129632,0.091846466
0.129634,0.091846466
0.129636,1.2476311
0.129638,1.3400936
0.12964,1.3400936
0.129642,1.3863249
0.129644,1.3863249
0.129646,1.3863249
0.129648,1.3863249
0.12965,1.3863249
0.129652,1.3863249
0.129654,1.3863249
0.129656,1.3863249
0.129658,1.3863249
0.12966,1.3863249
0.129662,1.3863249
0.129664,1.3863249
0.129666,1.3863249
0.129668,1.3863249
0.12967,1.3863249
0.129672,1.3863249
0.129674,1.3863249
0.129676,1.3863249
0.129678,1.3863249
0.12968,1.3863249
0.129682,1.3863249
0.129684,1.3863249
0.129686,1.3863249
0.129688,1.3863249
0.12969,1.3863249
0.129692,1.3863249
0.129694,1.3863249
0.129696,1.3863249
0.129698,1.3863249
0.1297,1.3863249
0.129702,1.3863249
0.129704,1.3863249
0.129706,1.3863249
0.129708,1.3863249
0.12971,1.3863249
0.129712,1.3863249
0.129714,1.3863249
0.129716,1.3863249
0.129718,1.3863249
0.12972,1.3863249
0.129722,1.3863249
0.129724,1.3863249
0.129726,1.3863249
0.129728,1.3863249
0.12973,1.3863249
0.129732,1.3863249
0.129734,1.3863249
0.129736,1.3863249
0.129738,1.3863249
0.12974,1.3863249
0.129742,1.3863249
0.129744,1.3863249
0.129746,1.3863249
0.129748,1.3863249
0.12975,1.3863249
0.129752,1.3863249
0.129754,1.3863249
0.129756,1.3863249
0.129758,1.3863249
0.12976,1.3863249
0.129762,1.3863249
0.129764,1.3863249
0.129766,1.3863249
0.129768,1.3863249
0.12977,1.3863249
0.129772,1.3863249
0.129774,1.3863249
0.129776,1.3863249
0.129778,1.3863249
0.12978,1.3863249
0.129782,1.3863249
0.129784,1.3863249
0.129786,1.3863249
0.129788,1.3863249
0.12979,1.3863249
0.129792,1.3863249
0.129794,1.3863249
0.129796,1.3863249
0.129798,1.3863249
0.1298,1.3863249
0.129802,1.3863249
0.129804,1.3863249
0.129806,1.3863249
0.129808,1.3863249
0.12981,1.3863249
0.129812,1.3863249
0.129814,1.3863249
0.129816,1.3863249
0.12981799,1.3863249
0.12982,1.3863249
0.129822,1.3863249
0.129824,1.3863249
0.129826,1.3863249
0.129828,1.3863249
0.12983,1.3863249
0.129832,1.3863249
0.129834,1.3863249
0.129836,1.3863249
0.129838,1.3863249
0.12984,1.3863249
0.129842,1.3863249
0.129844,1.3863249
0.129846,1.3863249
0.129848,1.3863249
0.12985,1.3863249
0.129852,1.3863249
0.129854,1.3863249
0.129856,1.3863249
0.129858,1.3863249
0.12986,1.3863249
0.129862,1.3863249
0.12986399,1.3863249
0.129866,1.3863249
0.129868,1.3863249
0.12987,1.3863249
0.129872,1.3863249
0.129874,1.3863249
0.129876,1.3863249
0.129878,1.3863249
0.12988,1.3863249
0.129882,1.3863249
0.129884,1.3863249
0.129886,1.3863249
0.129888,1.3863249
0.12989,1.3863249
0.129892,1.3863249
0.129894,1.3863249
0.129896,1.3863249
0.129898,1.3863249
0.1299,1.3863249
0.129902,1.3863249
0.129904,1.3863249
0.129906,1.3863249
0.129908,1.3863249
0.12991,1.3863249
0.129912,1.3863249
0.129914,1.3863249
0.129916,1.3863249
0.129918,1.3863249
0.12992,1.3863249
0.129922,1.3863249
0.129924,1.3863249
0.129926,1.3863249
0.129928,1.3863249
0.12993,1.3863249
0.129932,1.3863249
0.129934,1.3863249
0.129936,1.3863249
0.129938,1.3863249
0.12994,1.3863249
0.129942,1.3863249
0.129944,1.3863249
0.129946,1.3863249
0.129948,1.3863249
0.12995,1.3863249
0.129952,1.3863249
0.129954,1.3863249
0.129956,1.3863249
0.129958,1.3863249
0.12996,1.3863249
0.129962,1.3863249
0.129964,1.3863249
0.129966,1.3863249
0.129968,1.3863249
0.12997,1.3863249
0.129972,1.3863249
0.129974,1.3863249
0.129976,1.3863249
0.129978,1.3863249
0.12998,1.3863249
0.129982,1.3863249
0.129984,1.3863249
0.129986,1.3863249
0.129988,1.4325566
0.12999,2.6345725
0.129992,2.6345725
0.129994,2.6345725
0.129996,2.6345725
0.129998,2.6345725
0.13,2.6345725
0.130002,2.6345725
0.130004,2.6808028
0.130006,2.6808028
0.130008,2.6808028
0.13001,2.6808028
0.130012,2.6808028
0.130014,2.6808028
0.130016,2.6808028
0.130018,2.6808028
0.13002,2.6808028
0.130022,2.6808028
0.130024,2.6808028
0.130026,2.6808028
0.130028,2.6808028
0.13003,2.6808028
0.130032,2.6808028
0.130034,2.6808028
0.130036,2.6808028
0.130038,2.6808028
0.13004,2.6808028
0.130042,2.6808028
0.130044,2.6808028
0.130046,2.6808028
0.130048,2.6808028
0.13005,2.6808028
0.130052,2.6808028
0.130054,2.6808028
0.130056,2.6808028
0.130058,2.6808028
0.13006,2.6808028
0.130062,2.6808028
0.130064,2.6808028
0.13006599,2.6808028
0.130068,2.6808028
0.13007,2.6808028
0.130072,2.6808028
0.130074,2.6808028
0.130076,2.6808028
0.130078,2.6808028
0.13008,2.6808028
0.130082,2.6808028
0.130084,2.6808028
0.130086,2.6808028
0.130088,2.6808028
0.13009,2.6808028
0.130092,2.6808028
0.130094,2.6808028
0.130096,2.6808028
0.130098,2.6808028
0.1301,2.6808028
0.130102,2.6808028
0.130104,2.6808028
0.130106,2.6808028
0.130108,2.6808028
0.13011,2.6808028
0.13011199,2.6808028
0.130114,2.6808028
0.130116,2.6808028
0.130118,2.6808028
0.13012,2.6808028
0.130122,2.6808028
0.130124,2.6808028
0.130126,2.6808028
0.130128,2.6808028
0.13013,2.6808028
0.130132,2.6808028
0.130134,2.6808028
0.130136,2.6808028
0.130138,2.6808028
0.13014,2.6808028
0.130142,2.6808028
0.130144,2.6808028
0.130146,2.6808028
0.130148,2.6808028
0.13015,2.6808028
0.130152,2.6808028
0.130154,2.6808028
0.130156,2.6808028
0.13015799,2.6808028
0.13016,2.6808028
0.130162,2.6808028
0.130164,2.6808028
0.130166,2.6808028
0.130168,2.6808028
0.13017,2.6808028
0.130172,2.6808028
0.130174,2.6808028
0.130176,2.6808028
0.130178,2.6808028
0.13018,2.6808028
0.130182,2.6808028
0.130184,2.6808028
0.130186,2.6808028
0.130188,2.6808028
0.13019,2.6808028
0.130192,2.6808028
0.130194,2.6808028
0.130196,2.6808028
0.130198,2.6808028
0.1302,2.6808028
0.130202,2.6808028
0.130204,2.6808028
0.130206,2.6808028
0.130208,2.6808028
0.13021,2.6808028
0.130212,2.6808028
0.130214,2.6808028
0.130216,2.6808028
0.130218,2.6808028
0.13022,2.6808028
0.130222,2.6808028
0.130224,2.6808028
0.130226,2.6808028
0.130228,2.6808028
0.13023,2.6808028
0.130232,2.6808028
0.130234,2.6808028
0.130236,2.6808028
0.130238,2.6808028
0.13024,2.6808028
0.130242,2.6808028
0.130244,2.6808028
0.130246,2.6808028
0.130248,2.6808028
0.13025,2.6808028
0.130252,2.6808028
0.130254,2.6808028
0.130256,2.6808028
0.130258,2.6808028
0.13026,2.6808028
0.130262,2.6808028
0.130264,2.6808028
0.130266,2.6808028
0.130268,2.6808028
0.13027,2.6808028
0.130272,2.6808028
0.130274,2.6808028
0.130276,2.6808028
0.130278,2.6808028
0.13028,2.6808028
0.130282,2.6808028
0.130284,2.6808028
0.130286,2.6808028
0.130288,2.6808028
0.13029,2.6808028
0.130292,2.6808028
0.130294,2.6808028
0.130296,2.6808028
0.130298,2.6808028
0.1303,2.6808028
0.130302,2.6808028
0.130304,2.6808028
0.130306,2.6808028
0.130308,2.6808028
0.13031,2.6808028
0.130312,2.6808028
0.13031399,2.6808028
0.130316,3.8828197
0.130318,3.92905
0.13032,3.92905
0.130322,3.92905
0.130324,3.9752812
0.130326,3.9752812
0.130328,3.9752812
0.13033,3.9752812
0.130332,3.9752812
0.130334,3.9752812
0.130336,3.9752812
0.130338,3.9752812
0.13034,3.9752812
0.130342,3.9752812
0.130344,3.9752812
0.130346,3.9752812
0.130348,3.9752812
0.13035,3.9752812
0.130352,3.9752812
0.130354,3.9752812
0.130356,3.9752812
0.130358,3.9752812
0.13035999,3.9752812
0.130362,3.9752812
0.130364,3.9752812
0.130366,3.9752812
0.130368,3.9752812
0.13037,3.9752812
0.130372,3.9752812
0.130374,3.9752812
0.130376,3.9752812
0.130378,3.9752812
0.13038,3.9752812
0.130382,3.9752812
0.130384,3.9752812
0.130386,3.9752812
0.130388,3.9752812
0.13039,3.9752812
0.130392,3.9752812
0.130394,3.9752812
0.130396,3.9752812
0.130398,3.9752812
0.1304,3.9752812
0.130402,3.9752812
0.130404,3.9752812
0.13040599,3.9752812
0.130408,3.9752812
0.13041,3.9752812
0.130412,3.9752812
0.130414,3.9752812
0.130416,3.9752812
0.130418,3.9752812
0.13042,3.9752812
0.130422,3.9752812
0.130424,3.9752812
0.130426,3.9752812
0.130428,3.9752812
0.13043,3.9752812
0.130432,3.9752812
0.130434,3.9752812
0.130436,3.9752812
0.130438,3.9752812
0.13044,3.9752812
0.130442,3.9752812
0.130444,3.9752812
0.130446,3.9752812
0.130448,3.9752812
0.13045,3.9752812
0.130452,3.9752812
0.130454,3.9752812
0.130456,3.9752812
0.130458,3.9752812
0.13046,3.9752812
0.130462,3.9752812
0.130464,3.9752812
0.130466,3.9752812
0.130468,3.9752812
0.13047,3.9752812
0.130472,3.9752812
0.130474,3.9752812
0.130476,3.9752812
0.130478,3.9752812
0.13048,3.9752812
0.130482,3.9752812
0.130484,3.9752812
0.130486,3.9752812
0.130488,3.9752812
0.13049,3.9752812
0.130492,3.9752812
0.130494,3.9752812
0.130496,3.9752812
0.130498,3.9752812
0.1305,3.9752812
0.130502,3.9752812
0.130504,3.9752812
0.130506,3.9752812
0.130508,3.9752812
0.13051,3.9752812
0.130512,3.9752812
0.130514,3.9752812
0.130516,3.9752812
0.130518,3.9752812
0.13052,3.9752812
0.130522,3.9752812
0.130524,3.9752812
0.130526,3.9752812
0.130528,3.9752812
0.13053,3.9752812
0.130532,3.9752812
0.130534,3.9752812
0.130536,3.9752812
0.130538,3.9752812
0.13054,3.9752812
0.130542,3.9752812
0.130544,3.9752812
0.130546,3.9752812
0.130548,3.9752812
0.13055,3.9752812
0.130552,3.9752812
0.130554,3.9752812
0.130556,3.9752812
0.130558,3.9752812
0.13056,3.9752812
0.13056199,3.9752812
0.130564,3.9752812
0.130566,3.9752812
0.130568,3.9752812
0.13057,3.9752812
0.130572,3.9752812
0.130574,3.9752812
0.130576,3.9752812
0.130578,3.9752812
0.13058,3.9752812
0.130582,3.9752812
0.130584,3.9752812
0.130586,3.9752812
0.130588,3.9752812
0.13059,3.9752812
0.130592,3.9752812
0.130594,3.9752812
0.130596,3.9752812
0.130598,3.9752812
0.1306,3.9752812
0.130602,3.9752812
0.130604,3.9752812
0.130606,3.9752812
0.13060799,3.9752812
0.13061,3.9752812
0.130612,3.9752812
0.130614,3.9752812
0.130616,3.9752812
0.130618,3.9752812
0.13062,3.9752812
0.130622,3.9752812
0.130624,3.9752812
0.130626,3.9752812
0.130628,3.9752812
0.13063,3.9752812
0.130632,3.9752812
0.130634,3.9752812
0.130636,3.9752812
0.130638,3.9752812
0.13064,3.9752812
0.130642,3.9752812
0.130644,3.9752812
0.130646,3.9752812
0.130648,3.9752812
0.13065,3.9752812
0.130652,3.9752812
0.13065399,3.9752812
0.130656,3.9752812
0.130658,3.9752812
0.13066,3.9752812
0.130662,3.9752812
0.130664,3.9752812
0.130666,3.9752812
0.130668,3.9752812
0.13067,3.9752812
0.130672,3.9752812
0.130674,3.9752812
0.130676,3.9752812
0.130678,3.9752812
0.13068,3.9752812
0.130682,3.9752812
0.130684,3.9752812
0.130686,3.9752812
0.130688,3.9752812
0.13069,3.9752812
0.130692,3.9752812
0.130694,3.9752812
0.130696,3.9752812
0.130698,3.9752812
0.1307,3.9752812
0.130702,3.9752812
0.130704,3.9752812
0.130706,3.9752812
0.130708,3.9752812
0.13071,3.9752812
0.130712,3.9752812
0.130714,3.9752812
0.130716,3.9752812
0.130718,3.9752812
0.13072,3.9752812
0.130722,3.9752812
0.130724,3.9752812
0.130726,3.9752812
0.130728,3.9752812
0.13073,3.9752812
0.130732,3.9752812
0.130734,3.9752812
0.130736,3.9752812
0.130738,3.9752812
0.13074,3.9752812
0.130742,3.9752812
0.130744,3.9752812
0.130746,3.9752812
0.130748,3.9752812
0.13075,3.9752812
0.130752,3.9752812
0.130754,3.9752812
0.130756,3.9752812
0.130758,3.9752812
0.13076,3.9752812
0.130762,3.9752812
0.130764,3.9752812
0.130766,3.9752812
0.130768,3.9752812
0.13077,3.9752812
0.130772,3.9752812
0.130774,3.9752812
0.130776,3.9752812
0.130778,3.9752812
0.13078,3.9752812
0.130782,3.9752812
0.130784,3.9752812
0.130786,3.9752812
0.130788,3.9752812
0.13079,3.9752812
0.130792,3.9752812
0.130794,3.9752812
0.130796,3.9752812
0.130798,3.9752812
0.1308,3.9752812
0.130802,3.9752812
0.130804,3.9752812
0.130806,3.9752812
0.130808,3.9752812
0.13081,3.9752812
0.130812,3.9752812
0.130814,3.9752812
0.130816,3.9752812
0.130818,3.9752812
0.13082,3.9752812
0.130822,3.9752812
0.130824,3.9752812
0.130826,3.9752812
0.130828,3.9752812
0.13083,3.9752812
0.130832,3.9752812
0.130834,3.9752812
0.130836,3.9752812
0.130838,3.9752812
0.13084,3.9752812
0.130842,3.9752812
0.130844,3.9752812
0.130846,3.9752812
0.130848,3.9752812
0.13085,3.9752812
0.130852,3.9752812
0.130854,3.9752812
0.13085599,3.9752812
0.130858,3.9752812
0.13086,3.9752812
0.130862,3.9752812
0.130864,3.9752812
0.130866,3.9752812
0.130868,3.9752812
0.13087,3.9752812
0.130872,3.9752812
0.130874,3.9752812
0.130876,3.9752812
0.130878,3.9752812
0.13088,3.9752812
0.130882,3.9752812
0.130884,3.9752812
0.130886,3.9752812
0.130888,3.9752812
0.13089,3.9752812
0.130892,3.9752812
0.130894,3.9752812
0.130896,3.9752812
0.130898,3.9752812
0.1309,3.9752812
0.13090199,3.9752812
0.130904,3.9752812
0.130906,3.9752812
0.130908,3.9752812
0.13091,3.9752812
0.130912,3.9752812
0.130914,3.9752812
0.130916,3.9752812
0.130918,3.9752812
0.13092,3.9752812
0.130922,3.9752812
0.130924,3.9752812
0.130926,3.9752812
0.130928,3.9752812
0.13093,3.9752812
0.130932,3.9752812
0.130934,3.9752812
0.130936,3.9752812
0.130938,3.9752812
0.13094,3.9752812
0.130942,3.9752812
0.130944,3.9752812
0.130946,3.9752812
0.130948,3.9752812
0.13095,3.9752812
0.130952,3.9752812
0.130954,3.9752812
0.130956,3.9752812
0.130958,3.9752812
0.13096,3.9752812
0.130962,3.9752812
0.130964,3.9752812
0.130966,3.9752812
0.130968,3.9752812
0.13097,3.9752812
0.130972,3.9752812
0.130974,3.9752812
0.130976,3.9752812
0.130978,3.9752812
0.13098,3.9752812
0.130982,3.9752812
0.130984,3.9752812
0.130986,3.9752812
0.130988,3.9752812
0.13099,3.9752812
0.130992,3.9752812
0.130994,3.9752812
0.130996,3.9752812
0.130998,3.9752812
0.131,3.9752812
0.131002,3.9752812
0.131004,3.9752812
0.131006,3.9752812
0.131008,3.9752812
0.13101,3.9752812
0.131012,3.9752812
0.131014,3.9752812
0.131016,3.9752812
0.131018,3.9752812
0.13102,3.9752812
0.131022,3.9752812
0.131024,3.9752812
0.131026,3.9752812
0.131028,3.9752812
0.13103,3.9752812
0.131032,3.9752812
0.131034,3.9752812
0.131036,3.9752812
0.131038,3.9752812
0.13104,3.9752812
0.131042,3.9752812
0.131044,3.9752812
0.131046,3.9752812
0.131048,3.9752812
0.13105,3.9752812
0.131052,3.9752812
0.131054,3.9752812
0.131056,3.9752812
0.131058,3.9752812
0.13106,3.9752812
0.131062,3.9752812
0.131064,3.9752812
0.131066,3.9752812
0.131068,3.9752812
0.13107,3.9752812
0.131072,3.9752812
0.131074,3.9752812
0.131076,3.9752812
0.131078,3.9752812
0.13108,3.9752812
0.131082,3.9752812
0.131084,3.9752812
0.131086,3.9752812
0.131088,3.9752812
0.13109,3.9752812
0.131092,3.9752812
0.131094,3.9752812
0.131096,3.9752812
0.131098,3.9752812
0.1311,3.9752812
0.131102,3.9752812
0.13110399,3.9752812
0.131106,3.9752812
0.131108,3.9752812
0.13111,3.9752812
0.131112,3.9752812
0.131114,3.9752812
0.131116,3.9752812
0.131118,3.9752812
0.13112,3.9752812
0.131122,3.9752812
0.131124,3.9752812
0.131126,3.9752812
0.131128,3.9752812
0.13113,3.9752812
0.131132,3.9752812
0.131134,3.9752812
0.131136,3.9752812
0.131138,3.9752812
0.13114,3.9752812
0.131142,3.9752812
0.131144,3.9752812
0.131146,3.9752812
0.131148,3.9752812
0.13114999,3.9752812
0.131152,3.9752812
0.131154,3.9752812
0.131156,3.9752812
0.131158,3.9752812
0.13116,3.9752812
0.131162,3.9752812
0.131164,3.9752812
0.131166,3.9752812
0.131168,3.9752812
0.13117,3.9752812
0.131172,3.9752812
0.131174,3.9752812
0.131176,3.9752812
0.131178,3.9752812
0.13118,3.9752812
0.131182,3.9752812
0.131184,3.9752812
0.131186,3.9752812
0.131188,3.9752812
0.13119,3.9752812
0.131192,3.9752812
0.131194,3.9752812
0.13119599,3.9752812
0.131198,3.9752812
0.1312,3.9752812
0.131202,3.9752812
0.131204,3.9752812
0.131206,3.9752812
0.131208,3.9752812
0.13121,3.9752812
0.131212,3.9752812
0.131214,3.9752812
0.131216,3.9752812
0.131218,3.9752812
0.13122,3.9752812
0.131222,3.9752812
0.131224,3.9752812
0.131226,3.9752812
0.131228,3.9752812
0.13123,3.9752812
0.131232,3.9752812
0.131234,3.9752812
0.131236,3.9752812
0.131238,3.9752812
0.13124,3.9752812
0.131242,3.9752812
0.131244,3.9752812
0.131246,3.9752812
0.131248,3.9752812
0.13125,3.9752812
0.131252,3.9752812
0.131254,3.9752812
0.131256,3.9752812
0.131258,3.9752812
0.13126,3.9752812
0.131262,3.9752812
0.131264,3.9752812
0.131266,3.9752812
0.131268,3.9752812
0.13127,3.9752812
0.131272,3.9752812
0.131274,3.9752812
0.131276,3.9752812
0.131278,3.9752812
0.13128,3.9752812
0.131282,3.9752812
0.131284,3.9752812
0.131286,3.9752812
0.131288,3.9752812
0.13129,3.9752812
0.131292,3.9752812
0.131294,3.9752812
0.131296,3.9752812
0.131298,3.9752812
0.1313,3.9752812
0.131302,3.9752812
0.131304,3.9752812
0.131306,3.9752812
0.131308,3.9752812
0.13131,3.9752812
0.131312,3.9752812
0.131314,3.9752812
0.131316,3.9752812
0.131318,3.9752812
0.13132,3.9752812
0.131322,3.9752812
0.131324,3.9752812
0.131326,3.9752812
0.131328,3.9752812
0.13133,3.9752812
0.131332,3.9752812
0.131334,3.9752812
0.131336,3.9752812
0.131338,3.9752812
0.13134,3.9752812
0.131342,3.9752812
0.131344,3.9752812
0.131346,3.9752812
0.131348,3.9752812
0.13135,3.9752812
0.13135199,3.9752812
0.131354,3.9752812
0.131356,3.9752812
0.131358,3.9752812
0.13136,3.9752812
0.131362,3.9752812
0.131364,3.9752812
0.131366,3.9752812
0.131368,3.9752812
0.13137,3.9752812
0.131372,3.9752812
0.131374,3.9752812
0.131376,3.9752812
0.131378,3.9752812
0.13138,3.9752812
0.131382,3.9752812
0.131384,3.9752812
0.131386,3.9752812
0.131388,3.9752812
0.13139,3.9752812
0.131392,3.9752812
0.131394,3.9752812
0.131396,3.9752812
0.13139799,3.9752812
0.1314,3.9752812
0.131402,3.9752812
0.131404,3.9752812
0.131406,3.9752812
0.131408,3.9752812
0.13141,3.9752812
0.131412,3.9752812
0.131414,3.9752812
0.131416,3.9752812
0.131418,3.9752812
0.13142,3.9752812
0.131422,3.9752812
0.131424,3.9752812
0.131426,3.9752812
0.131428,3.9752812
0.13143,3.9752812
0.131432,3.9752812
0.131434,3.9752812
0.131436,3.9752812
0.131438,3.9752812
0.13144,3.9752812
0.131442,3.9752812
0.13144399,3.9752812
0.131446,3.9752812
0.131448,3.9752812
0.13145,3.9752812
0.131452,3.9752812
0.131454,3.9752812
0.131456,3.9752812
0.131458,3.420505
0.13146,2.727035
0.131462,2.727035
0.131464,2.727035
0.131466,2.727035
0.131468,2.727035
0.13147,2.727035
0.131472,2.727035
0.131474,2.727035
0.131476,2.727035
0.131478,2.6808028
0.13148,2.6808028
0.131482,2.6808028
0.131484,2.6808028
0.131486,2.6808028
0.131488,2.6808028
0.13149,2.6808028
0.131492,2.6808028
0.131494,2.6808028
0.131496,2.6808028
0.131498,2.6808028
0.1315,2.6808028
0.131502,2.6808028
0.131504,2.6808028
0.131506,2.6808028
0.131508,2.6808028
0.13151,2.6808028
0.131512,2.6808028
0.131514,2.6808028
0.131516,2.6808028
0.131518,2.6808028
0.13152,2.6808028
0.131522,2.6808028
0.131524,2.6808028
0.131526,2.6808028
0.131528,2.6808028
0.13153,2.6808028
0.131532,2.6808028
0.131534,2.6808028
0.131536,2.6808028
0.131538,2.6808028
0.13154,2.6808028
0.131542,2.6808028
0.131544,2.6808028
0.131546,2.6808028
0.131548,2.6808028
0.13155,2.6808028
0.131552,2.6808028
0.131554,2.6808028
0.131556,2.6808028
0.131558,2.6808028
0.13156,2.6808028
0.131562,2.6808028
0.131564,2.6808028
0.131566,2.6808028
0.131568,2.6808028
0.13157,2.6808028
0.131572,2.6808028
0.131574,2.6808028
0.131576,2.6808028
0.131578,2.6808028
0.13158,2.6808028
0.131582,2.6808028
0.131584,2.6808028
0.131586,2.6808028
0.131588,2.6808028
0.13159,2.6808028
0.131592,2.6808028
0.131594,2.6808028
0.131596,2.6808028
0.131598,2.6808028
0.13159999,2.6808028
0.131602,2.6808028
0.131604,2.6808028
0.131606,2.6808028
0.131608,2.6808028
0.13161,2.6808028
0.131612,2.6808028
0.131614,2.6808028
0.131616,2.6808028
0.131618,2.6808028
0.13162,2.6808028
0.131622,2.6808028
0.131624,2.6808028
0.131626,2.6808028
0.131628,2.6808028
0.13163,2.6808028
0.131632,2.6808028
0.131634,2.6808028
0.131636,2.6808028
0.131638,2.6808028
0.13164,2.6808028
0.131642,2.6808028
0.131644,2.6808028
0.13164599,2.6808028
0.131648,2.6808028
0.13165,2.6808028
0.131652,2.6808028
0.131654,2.6808028
0.131656,2.6808028
0.131658,2.6808028
0.13166,2.6808028
0.131662,2.6808028
0.131664,2.6808028
0.131666,2.6808028
0.131668,2.6808028
0.13167,2.6808028
0.131672,2.6808028
0.131674,2.6808028
0.131676,2.6808028
0.131678,2.6808028
0.13168,2.6808028
0.131682,2.6808028
0.131684,2.6808028
0.131686,2.6808028
0.131688,2.6808028
0.13169,2.6808028
0.13169199,2.6808028
0.131694,2.6808028
0.131696,2.6808028
0.131698,2.6808028
0.1317,2.6808028
0.131702,2.6808028
0.131704,2.6808028
0.131706,2.6808028
0.131708,2.6808028
0.13171,2.6808028
0.131712,2.6808028
0.131714,2.6808028
0.131716,2.6808028
0.131718,2.6808028
0.13172,2.6808028
0.131722,2.6808028
0.131724,2.6808028
0.131726,2.6808028
0.131728,2.6808028
0.13173,2.6808028
0.131732,2.6808028
0.131734,2.6808028
0.131736,2.6808028
0.131738,2.6808028
0.13174,2.6808028
0.131742,2.6808028
0.131744,2.6808028
0.131746,2.6808028
0.131748,2.6808028
0.13175,2.6808028
0.131752,2.6808028
0.131754,2.6808028
0.131756,2.6808028
0.131758,2.6808028
0.13176,2.6808028
0.131762,2.6808028
0.131764,2.6808028
0.131766,2.6808028
0.131768,2.6808028
0.13177,2.6808028
0.131772,2.6808028
0.131774,2.6808028
0.131776,2.6808028
0.131778,2.6808028
0.13178,2.6808028
0.131782,2.6808028
0.131784,2.727035
0.131786,1.4787879
0.131788,1.4325566
0.13179,1.4325566
0.131792,1.4325566
0.131794,1.4325566
0.131796,1.4325566
0.131798,1.4325566
0.1318,1.4325566
0.131802,1.4325566
0.131804,1.4325566
0.131806,1.4325566
0.131808,1.4325566
0.13181,1.4325566
0.131812,1.4325566
0.131814,1.4325566
0.131816,1.4325566
0.131818,1.4325566
0.13182,1.4325566
0.131822,1.4325566
0.131824,1.4325566
0.131826,1.3863249
0.131828,1.3863249
0.13183,1.3863249
0.131832,1.3863249
0.131834,1.3863249
0.131836,1.3863249
0.131838,1.3863249
0.13184,1.3863249
0.131842,1.3863249
0.131844,1.3863249
0.131846,1.3863249
0.13184799,1.3863249
0.13185,1.3863249
0.131852,1.3863249
0.131854,1.3863249
0.131856,1.3863249
0.131858,1.3863249
0.13186,1.3863249
0.131862,1.3863249
0.131864,1.3863249
0.131866,1.3863249
0.131868,1.3863249
0.13187,1.3863249
0.131872,1.3863249
0.131874,1.3863249
0.131876,1.3863249
0.131878,1.3863249
0.13188,1.3863249
0.131882,1.3863249
0.131884,1.3863249
0.131886,1.3863249
0.131888,1.3863249
0.13189,1.3863249
0.131892,1.3863249
0.13189399,1.3863249
0.131896,1.3863249
0.131898,1.3863249
0.1319,1.3863249
0.131902,1.3863249
0.131904,1.3863249
0.131906,1.3863249
0.131908,1.3863249
0.13191,1.3863249
0.131912,1.3863249
0.131914,1.3863249
0.131916,1.3863249
0.131918,1.3863249
0.13192,1.3863249
0.131922,1.3863249
0.131924,1.3863249
0.131926,1.3863249
0.131928,1.3863249
0.13193,1.3863249
0.131932,1.3863249
0.131934,1.3863249
0.131936,1.3863249
0.131938,1.3863249
0.13193999,1.3863249
0.131942,1.3863249
0.131944,1.3863249
0.131946,1.3863249
0.131948,1.3863249
0.13195,1.3863249
0.131952,1.3863249
0.131954,1.3863249
0.131956,1.3863249
0.131958,1.3863249
0.13196,1.3863249
0.131962,1.3863249
0.131964,1.3863249
0.131966,1.3863249
0.131968,1.3863249
0.13197,1.3863249
0.131972,1.3863249
0.131974,1.3863249
0.131976,1.3863249
0.131978,1.3863249
0.13198,1.3863249
0.131982,1.3863249
0.131984,1.3863249
0.131986,1.3863249
0.131988,1.3863249
0.13199,1.3863249
0.131992,1.3863249
0.131994,1.3863249
0.131996,1.3863249
0.131998,1.3863249
0.132,1.3863249
0.132002,1.3863249
0.132004,1.3863249
0.132006,1.3863249
0.132008,1.3863249
0.13201,1.3863249
0.132012,1.3863249
0.132014,1.3863249
0.132016,1.3863249
0.132018,1.3863249
0.13202,1.3863249
0.132022,1.3863249
0.132024,1.3863249
0.132026,1.3863249
0.132028,1.3863249
0.13203,1.3863249
0.132032,1.3863249
0.132034,1.3863249
0.132036,1.3863249
0.132038,1.3863249
0.13204,1.3863249
0.132042,1.3863249
0.132044,1.3863249
0.132046,1.3863249
0.132048,1.3863249
0.13205,1.3863249
0.132052,1.3863249
0.132054,1.3863249
0.132056,1.3863249
0.132058,1.3863249
0.13206,1.3863249
0.132062,1.3863249
0.132064,1.3863249
0.132066,1.3863249
0.132068,1.3863249
0.13207,1.3863249
0.132072,1.3863249
0.132074,1.3863249
0.132076,1.3863249
0.132078,1.3863249
0.13208,1.3863249
0.132082,1.3863249
0.132084,1.3863249
0.132086,1.3863249
0.132088,1.3863249
0.13209,1.3863249
0.132092,1.3863249
0.132094,1.3863249
0.132096,1.3863249
0.132098,1.3863249
0.1321,1.3863249
0.132102,1.3863249
0.132104,1.3863249
0.132106,1.3863249
0.132108,1.3863249
0.13211,1.3863249
0.132112,1.3863249
0.132114,1.3863249
0.132116,1.3863249
0.132118,1.3863249
0.13212,1.3863249
0.132122,1.3863249
0.132124,1.3863249
0.132126,1.3863249
0.132128,1.3863249
0.13213,1.3863249
0.132132,1.3863249
0.132134,1.3863249
0.132136,1.3863249
0.132138,1.2476311
0.13214,0.13807821
0.13214199,0.13807821
0.132144,0.13807821
0.132146,0.13807821
0.132148,0.13807821
0.13215,0.13807821
0.132152,0.13807821
0.132154,0.13807821
0.132156,0.13807821
0.132158,0.13807821
0.13216,0.13807821
0.132162,0.091846466
0.132164,0.091846466
0.132166,0.091846466
0.132168,0.091846466
0.13217,0.091846466
0.132172,0.091846466
0.132174,0.091846466
0.132176,0.091846466
0.132178,0.091846466
0.13218,0.091846466
0.132182,0.091846466
0.132184,0.091846466
0.132186,0.091846466
0.13218799,0.091846466
0.13219,0.091846466
0.132192,0.091846466
0.132194,0.091846466
0.132196,0.091846466
0.132198,0.091846466
0.1322,0.091846466
0.132202,0.091846466
0.132204,0.091846466
0.132206,0.091846466
0.132208,0.091846466
0.13221,0.091846466
0.132212,0.091846466
0.132214,0.091846466
0.132216,0.091846466
0.132218,0.091846466
0.13222,0.091846466
0.132222,0.091846466
0.132224,0.091846466
0.132226,0.091846466
0.132228,0.091846466
0.13223,0.091846466
0.132232,0.091846466
0.13223399,0.091846466
0.132236,0.091846466
0.132238,0.091846466
0.13224,0.091846466
0.132242,0.091846466
0.132244,0.091846466
0.132246,0.091846466
0.132248,0.091846466
0.13225,0.091846466
0.132252,0.091846466
0.132254,0.091846466
0.132256,0.091846466
0.132258,0.091846466
0.13226,0.091846466
0.132262,0.091846466
0.132264,0.091846466
0.132266,0.091846466
0.132268,0.091846466
0.13227,0.091846466
0.132272,0.091846466
0.132274,0.091846466
0.132276,0.091846466
0.132278,0.091846466
0.13228,0.091846466
0.132282,0.091846466
0.132284,0.091846466
0.132286,0.091846466
0.132288,0.091846466
0.13229,0.091846466
0.132292,0.091846466
0.132294,0.091846466
0.132296,0.091846466
0.132298,0.091846466
0.1323,0.091846466
0.132302,0.091846466
0.132304,0.091846466
0.132306,0.091846466
0.132308,0.091846466
0.13231,0.091846466
0.132312,0.091846466
0.132314,0.091846466
0.132316,0.091846466
0.132318,0.091846466
0.13232,0.091846466
0.132322,0.091846466
0.132324,0.091846466
0.132326,0.091846466
0.132328,0.091846466
0.13233,0.091846466
0.132332,0.091846466
0.132334,0.091846466
0.132336,0.091846466
0.132338,0.091846466
0.13234,0.091846466
0.132342,0.091846466
0.132344,0.091846466
0.132346,0.091846466
0.132348,0.091846466
0.13235,0.091846466
0.132352,0.091846466
0.132354,0.091846466
0.132356,0.091846466
0.132358,0.091846466
0.13236,0.091846466
0.132362,0.091846466
0.132364,0.091846466
0.132366,0.091846466
0.132368,0.091846466
0.13237,0.091846466
0.132372,0.091846466
0.132374,0.091846466
0.132376,0.091846466
0.132378,0.091846466
0.13238,0.091846466
0.132382,0.091846466
0.132384,0.091846466
0.132386,0.091846466
0.132388,0.091846466
0.13238999,0.091846466
0.132392,0.091846466
0.132394,0.091846466
0.132396,0.091846466
0.132398,0.091846466
0.1324,0.091846466
0.132402,0.091846466
0.132404,0.091846466
0.132406,0.091846466
0.132408,0.091846466
0.13241,0.091846466
0.132412,0.091846466
0.132414,0.091846466
0.132416,0.091846466
0.132418,0.091846466
0.13242,0.091846466
0.132422,0.091846466
0.132424,0.091846466
0.132426,0.091846466
0.132428,0.091846466
0.13243,0.091846466
0.132432,0.091846466
0.132434,0.091846466
0.13243599,0.091846466
0.132438,0.091846466
0.13244,0.091846466
0.132442,0.091846466
0.132444,0.091846466
0.132446,0.091846466
0.132448,0.091846466
0.13245,0.091846466
0.132452,0.091846466
0.132454,0.091846466
0.132456,0.091846466
0.132458,0.091846466
0.13246,0.091846466
0.132462,0.091846466
0.132464,0.091846466
0.132466,0.091846466
0.132468,0.091846466
0.13247,0.091846466
0.132472,0.091846466
0.132474,0.091846466
0.132476,0.091846466
0.132478,0.091846466
0.13248,0.091846466
0.13248199,0.091846466
0.132484,0.091846466
0.132486,0.091846466
0.132488,0.091846466
0.13249,0.091846466
0.132492,0.091846466
0.132494,0.091846466
0.132496,0.091846466
0.132498,0.091846466
0.1325,0.091846466
0.132502,0.091846466
0.132504,0.091846466
0.132506,0.091846466
0.132508,0.091846466
0.13251,0.091846466
0.132512,0.091846466
0.132514,0.091846466
0.132516,0.091846466
0.132518,0.091846466
0.13252,0.091846466
0.132522,0.091846466
0.132524,0.091846466
0.132526,0.091846466
0.132528,0.091846466
0.13253,0.091846466
0.132532,0.091846466
0.132534,0.091846466
0.132536,0.091846466
0.132538,0.091846466
0.13254,0.091846466
0.132542,0.091846466
0.132544,0.091846466
0.132546,0.091846466
0.132548,0.091846466
0.13255,0.091846466
0.132552,0.091846466
0.132554,0.091846466
0.132556,0.091846466
0.132558,0.091846466
0.13256,0.091846466
0.132562,0.091846466
0.132564,0.091846466
0.132566,0.091846466
0.132568,0.091846466
0.13257,0.091846466
0.132572,0.091846466
0.132574,0.091846466
0.132576,0.091846466
0.132578,0.091846466
0.13258,0.091846466
0.132582,0.091846466
0.132584,0.091846466
0.132586,0.091846466
0.132588,0.091846466
0.13259,0.091846466
0.132592,0.091846466
0.132594,0.091846466
0.132596,0.091846466
0.132598,0.091846466
0.1326,0.091846466
0.132602,0.091846466
0.132604,0.091846466
0.132606,0.091846466
0.132608,0.091846466
0.13261,0.091846466
0.132612,0.091846466
0.132614,0.091846466
0.132616,0.091846466
0.132618,0.091846466
0.13262,0.091846466
0.132622,0.091846466
0.132624,0.091846466
0.132626,0.091846466
0.132628,0.091846466
0.13263,0.091846466
0.132632,0.091846466
0.132634,0.091846466
0.132636,0.091846466
0.13263799,0.091846466
0.13264,0.091846466
0.132642,0.091846466
0.132644,0.091846466
0.132646,0.091846466
0.132648,0.091846466
0.13265,0.091846466
0.132652,0.091846466
0.132654,0.091846466
0.132656,0.091846466
0.132658,0.091846466
0.13266,0.091846466
0.132662,0.091846466
0.132664,0.091846466
0.132666,0.091846466
0.132668,0.091846466
0.13267,0.091846466
0.132672,0.091846466
0.132674,0.091846466
0.132676,0.091846466
0.132678,0.091846466
0.13268,0.091846466
0.132682,0.091846466
0.13268399,0.091846466
0.132686,0.091846466
0.132688,0.091846466
0.13269,0.091846466
0.132692,0.091846466
0.132694,0.091846466
0.132696,0.091846466
0.132698,0.091846466
0.1327,0.091846466
0.132702,0.091846466
0.132704,0.091846466
0.132706,0.091846466
0.132708,0.091846466
0.13271,0.091846466
0.132712,0.091846466
0.132714,0.091846466
0.132716,0.091846466
0.132718,0.091846466
0.13272,0.091846466
0.132722,0.091846466
0.132724,0.091846466
0.132726,0.091846466
0.132728,0.091846466
0.13272999,0.091846466
0.132732,0.091846466
0.132734,0.091846466
0.132736,0.091846466
0.132738,0.091846466
0.13274,0.091846466
0.132742,0.091846466
0.132744,0.091846466
0.132746,0.091846466
0.132748,0.091846466
0.13275,0.091846466
0.132752,0.091846466
0.132754,0.091846466
0.132756,0.091846466
0.132758,0.091846466
0.13276,0.091846466
0.132762,0.091846466
0.132764,0.091846466
0.132766,0.091846466
0.132768,0.091846466
0.13277,0.091846466
0.132772,0.091846466
0.132774,0.091846466
0.132776,0.091846466
0.132778,0.091846466
0.13278,0.091846466
0.132782,0.091846466
0.132784,0.091846466
0.132786,0.091846466
0.132788,0.091846466
0.13279,0.091846466
0.132792,0.091846466
0.132794,0.091846466
0.132796,0.091846466
0.132798,0.091846466
0.1328,0.091846466
0.132802,0.091846466
0.132804,0.091846466
0.132806,0.091846466
0.132808,0.091846466
0.13281,0.091846466
0.132812,0.091846466
0.132814,0.091846466
0.132816,0.091846466
0.132818,0.091846466
0.13282,0.091846466
0.132822,0.091846466
0.132824,0.091846466
0.132826,0.091846466
0.132828,0.091846466
0.13283,0.091846466
0.132832,0.091846466
0.132834,0.091846466
0.132836,0.091846466
0.132838,0.091846466
0.13284,0.091846466
0.132842,0.091846466
0.132844,0.091846466
0.132846,0.091846466
0.132848,0.091846466
0.13285,0.091846466
0.132852,0.091846466
0.132854,0.091846466
0.132856,0.091846466
0.132858,0.091846466
0.13286,0.091846466
0.132862,0.091846466
0.132864,0.091846466
0.132866,0.091846466
0.132868,0.091846466
0.13287,0.091846466
0.132872,0.091846466
0.132874,0.091846466
0.132876,0.091846466
0.132878,0.091846466
0.13288,0.091846466
0.132882,0.091846466
0.132884,0.091846466
0.13288599,0.091846466
0.132888,0.091846466
0.13289,0.091846466
0.132892,0.091846466
0.132894,0.091846466
0.132896,0.091846466
0.132898,0.091846466
0.1329,0.091846466
0.132902,0.091846466
0.132904,0.091846466
0.132906,0.091846466
0.132908,0.091846466
0.13291,0.091846466
0.132912,0.091846466
0.132914,0.091846466
0.132916,0.091846466
0.132918,0.091846466
0.13292,0.091846466
0.132922,0.091846466
0.132924,0.091846466
0.132926,0.091846466
0.132928,0.091846466
0.13293,0.091846466
0.13293199,0.091846466
0.132934,0.091846466
0.132936,0.091846466
0.132938,0.091846466
0.13294,0.091846466
0.132942,0.091846466
0.132944,0.091846466
0.132946,0.091846466
0.132948,0.091846466
0.13295,0.091846466
0.132952,0.091846466
0.132954,0.091846466
0.132956,1.2476311
0.132958,1.3863249
0.13296,1.3400936
0.132962,1.3863249
0.132964,1.3863249
0.132966,1.3863249
0.132968,1.3863249
0.13297,1.3863249
0.132972,1.3863249
0.132974,1.3863249
0.132976,1.3863249
0.13297799,1.3863249
0.13298,1.3863249
0.132982,1.3863249
0.132984,1.3863249
0.132986,1.3863249
0.132988,1.3863249
0.13299,1.3863249
0.132992,1.3863249
0.132994,1.3863249
0.132996,1.3863249
0.132998,1.3863249
0.133,1.3863249
0.133002,1.3863249
0.133004,1.3863249
0.133006,1.3863249
0.133008,1.3863249
0.13301,1.3863249
0.133012,1.3863249
0.133014,1.3863249
0.133016,1.3863249
0.133018,1.3863249
0.13302,1.3863249
0.133022,1.3863249
0.133024,1.3863249
0.133026,1.3863249
0.133028,1.3863249
0.13303,1.3863249
0.133032,1.3863249
0.133034,1.3863249
0.133036,1.3863249
0.133038,1.3863249
0.13304,1.3863249
0.133042,1.3863249
0.133044,1.3863249
0.133046,1.3863249
0.133048,1.3863249
0.13305,1.3863249
0.133052,1.3863249
0.133054,1.3863249
0.133056,1.3863249
0.133058,1.3863249
0.13306,1.3863249
0.133062,1.3863249
0.133064,1.3863249
0.133066,1.3863249
0.133068,1.3863249
0.13307,1.3863249
0.133072,1.3863249
0.133074,1.3863249
0.133076,1.3863249
0.133078,1.3863249
0.13308,1.3863249
0.133082,1.3863249
0.133084,1.3863249
0.133086,1.3863249
0.133088,1.3863249
0.13309,1.3863249
0.133092,1.3863249
0.133094,1.3863249
0.133096,1.3863249
0.133098,1.3863249
0.1331,1.3863249
0.133102,1.3863249
0.133104,1.3863249
0.133106,1.3863249
0.133108,1.3863249
0.13311,1.3863249
0.133112,1.3863249
0.133114,1.3863249
0.133116,1.3863249
0.133118,1.3863249
0.13312,1.3863249
0.133122,1.3863249
0.133124,1.3863249
0.133126,1.3863249
0.133128,1.3863249
0.13313,1.3863249
0.133132,1.3863249
0.133134,1.3863249
0.133136,1.3863249
0.133138,1.3863249
0.13314,1.3863249
0.133142,1.3863249
0.133144,1.3863249
0.133146,1.3863249
0.133148,1.3863249
0.13315,1.3863249
0.133152,1.3863249
0.133154,1.3863249
0.133156,1.3863249
0.133158,1.3863249
0.13316,1.3863249
0.133162,1.3863249
0.133164,1.3863249
0.133166,1.3863249
0.133168,1.3863249
0.13317,1.3863249
0.133172,1.3863249
0.133174,1.3863249
0.133176,1.3863249
0.133178,1.3863249
0.13317999,1.3863249
0.133182,1.3863249
0.133184,1.3863249
0.133186,1.3863249
0.133188,1.3863249
0.13319,1.3863249
0.133192,1.3863249
0.133194,1.3863249
0.133196,1.3863249
0.133198,1.3863249
0.1332,1.3863249
0.133202,1.3863249
0.133204,1.3863249
0.133206,1.3863249
0.133208,1.3863249
0.13321,1.3863249
0.133212,1.3863249
0.133214,1.3863249
0.133216,1.3863249
0.133218,1.3863249
0.13322,1.3863249
0.133222,1.3863249
0.133224,1.3863249
0.13322599,1.3863249
0.133228,1.3863249
0.13323,1.3863249
0.133232,1.3863249
0.133234,1.3863249
0.133236,1.3863249
0.133238,1.3863249
0.13324,1.3863249
0.133242,1.3863249
0.133244,1.3863249
0.133246,1.3863249
0.133248,1.3863249
0.13325,1.3863249
0.133252,1.3863249
0.133254,1.3863249
0.133256,1.3863249
0.133258,1.3863249
0.13326,1.3863249
0.133262,1.3863249
0.133264,1.3863249
0.133266,1.3863249
0.133268,1.3863249
0.13327,1.3863249
0.133272,1.3863249
0.133274,1.3863249
0.133276,1.3863249
0.133278,1.3863249
0.13328,1.3863249
0.133282,1.3863249
0.133284,1.3863249
0.133286,1.3863249
0.133288,1.3863249
0.13329,1.3863249
0.133292,1.3863249
0.133294,1.3863249
0.133296,1.3863249
0.133298,1.3863249
0.1333,1.3863249
0.133302,1.3863249
0.133304,1.3863249
0.133306,1.3863249
0.133308,1.3863249
0.13331,1.3863249
0.133312,1.3863249
0.133314,1.3863249
0.133316,1.3863249
0.133318,1.3863249
0.13332,1.3863249
0.133322,1.3863249
0.133324,1.3863249
0.133326,1.3863249
0.133328,1.3863249
0.13333,1.3863249
0.133332,1.3863249
0.133334,1.3863249
0.133336,2.2184901
0.133338,2.6345725
0.13334,2.6345725
0.133342,2.6345725
0.133344,2.6345725
0.133346,2.6345725
0.133348,2.6345725
0.13335,2.6345725
0.133352,2.6808028
0.133354,2.6808028
0.133356,2.6808028
0.133358,2.6808028
0.13336,2.6808028
0.133362,2.6808028
0.133364,2.6808028
0.133366,2.6808028
0.133368,2.6808028
0.13337,2.6808028
0.133372,2.6808028
0.133374,2.6808028
0.133376,2.6808028
0.133378,2.6808028
0.13338,2.6808028
0.133382,2.6808028
0.133384,2.6808028
0.133386,2.6808028
0.133388,2.6808028
0.13339,2.6808028
0.133392,2.6808028
0.133394,2.6808028
0.133396,2.6808028
0.133398,2.6808028
0.1334,2.6808028
0.133402,2.6808028
0.133404,2.6808028
0.133406,2.6808028
0.133408,2.6808028
0.13341,2.6808028
0.133412,2.6808028
0.133414,2.6808028
0.133416,2.6808028
0.133418,2.6808028
0.13342,2.6808028
0.133422,2.6808028
0.133424,2.6808028
0.133426,2.6808028
0.13342799,2.6808028
0.13343,2.6808028
0.133432,2.6808028
0.133434,2.6808028
0.133436,2.6808028
0.133438,2.6808028
0.13344,2.6808028
0.133442,2.6808028
0.133444,2.6808028
0.133446,2.6808028
0.133448,2.6808028
0.13345,2.6808028
0.133452,2.6808028
0.133454,2.6808028
0.133456,2.6808028
0.133458,2.6808028
0.13346,2.6808028
0.133462,2.6808028
0.133464,2.6808028
0.133466,2.6808028
0.133468,2.6808028
0.13347,2.6808028
0.133472,2.6808028
0.13347399,2.6808028
0.133476,2.6808028
0.133478,2.6808028
0.13348,2.6808028
0.133482,2.6808028
0.133484,2.6808028
0.133486,2.6808028
0.133488,2.6808028
0.13349,2.6808028
0.133492,2.6808028
0.133494,2.6808028
0.133496,2.6808028
0.133498,2.6808028
0.1335,2.6808028
0.133502,2.6808028
0.133504,2.6808028
0.133506,2.6808028
0.133508,2.6808028
0.13351,2.6808028
0.133512,2.6808028
0.133514,2.6808028
0.133516,2.6808028
0.133518,2.6808028
0.13351999,2.6808028
0.133522,2.6808028
0.133524,2.6808028
0.133526,2.6808028
0.133528,2.6808028
0.13353,2.6808028
0.133532,2.6808028
0.133534,2.6808028
0.133536,2.6808028
0.133538,2.6808028
0.13354,2.6808028
0.133542,2.6808028
0.133544,2.6808028
0.133546,2.6808028
0.133548,2.6808028
0.13355,2.6808028
0.133552,2.6808028
0.133554,2.6808028
0.133556,2.6808028
0.133558,2.6808028
0.13356,2.6808028
0.133562,2.6808028
0.133564,2.6808028
0.133566,2.6808028
0.133568,2.6808028
0.13357,2.6808028
0.133572,2.6808028
0.133574,2.6808028
0.133576,2.6808028
0.133578,2.6808028
0.13358,2.6808028
0.133582,2.6808028
0.133584,2.6808028
0.133586,2.6808028
0.133588,2.6808028
0.13359,2.6808028
0.133592,2.6808028
0.133594,2.6808028
0.133596,2.6808028
0.133598,2.6808028
0.1336,2.6808028
0.133602,2.6808028
0.133604,2.6808028
0.133606,2.6808028
0.133608,2.6808028
0.13361,2.6808028
0.133612,2.6808028
0.133614,2.6808028
0.133616,2.6808028
0.133618,2.6808028
0.13362,2.6808028
0.133622,2.6808028
0.133624,2.6808028
0.133626,2.6808028
0.133628,2.6808028
0.13363,2.6808028
0.133632,2.6808028
0.133634,2.6808028
0.133636,2.6808028
0.133638,2.6808028
0.13364,2.6808028
0.133642,2.6808028
0.133644,2.6808028
0.133646,2.6808028
0.133648,2.6808028
0.13365,2.6808028
0.133652,2.6808028
0.133654,2.6808028
0.133656,2.6808028
0.133658,2.6808028
0.13366,2.6808028
0.133662,3.050654
0.133664,3.8828197
0.133666,3.92905
0.133668,3.92905
0.13367,3.92905
0.133672,3.9752812
0.133674,3.9752812
0.13367599,3.9752812
0.133678,3.9752812
0.13368,3.9752812
0.133682,3.9752812
0.133684,3.9752812
0.133686,3.9752812
0.133688,3.9752812
0.13369,3.9752812
0.133692,3.9752812
0.133694,3.9752812
0.133696,3.9752812
0.133698,3.9752812
0.1337,3.9752812
0.133702,3.9752812
0.133704,3.9752812
0.133706,3.9752812
0.133708,3.9752812
0.13371,3.9752812
0.133712,3.9752812
0.133714,3.9752812
0.133716,3.9752812
0.133718,3.9752812
0.13372,3.9752812
0.13372199,3.9752812
0.133724,3.9752812
0.133726,3.9752812
0.133728,3.9752812
0.13373,3.9752812
0.133732,3.9752812
0.133734,3.9752812
0.133736,3.9752812
0.133738,3.9752812
0.13374,3.9752812
0.133742,3.9752812
0.133744,3.9752812
0.133746,3.9752812
0.133748,3.9752812
0.13375,3.9752812
0.133752,3.9752812
0.133754,3.9752812
0.133756,3.9752812
0.133758,3.9752812
0.13376,3.9752812
0.133762,3.9752812
0.133764,3.9752812
0.133766,3.9752812
0.13376799,3.9752812
0.13377,3.9752812
0.133772,3.9752812
0.133774,3.9752812
0.133776,3.9752812
0.133778,3.9752812
0.13378,3.9752812
0.133782,3.9752812
0.133784,3.9752812
0.133786,3.9752812
0.133788,3.9752812
0.13379,3.9752812
0.133792,3.9752812
0.133794,3.9752812
0.133796,3.9752812
0.133798,3.9752812
0.1338,3.9752812
0.133802,3.9752812
0.133804,3.9752812
0.133806,3.9752812
0.133808,3.9752812
0.13381,3.9752812
0.133812,3.9752812
0.133814,3.9752812
0.133816,3.9752812
0.133818,3.9752812
0.13382,3.9752812
0.133822,3.9752812
0.133824,3.9752812
0.133826,3.9752812
0.133828,3.9752812
0.13383,3.9752812
0.133832,3.9752812
0.133834,3.9752812
0.133836,3.9752812
0.133838,3.9752812
0.13384,3.9752812
0.133842,3.9752812
0.133844,3.9752812
0.133846,3.9752812
0.133848,3.9752812
0.13385,3.9752812
0.133852,3.9752812
0.133854,3.9752812
0.133856,3.9752812
0.133858,3.9752812
0.13386,3.9752812
0.133862,3.9752812
0.133864,3.9752812
0.133866,3.9752812
0.133868,3.9752812
0.13387,3.9752812
0.133872,3.9752812
0.133874,3.9752812
0.133876,3.9752812
0.133878,3.9752812
0.13388,3.9752812
0.133882,3.9752812
0.133884,3.9752812
0.133886,3.9752812
0.133888,3.9752812
0.13389,3.9752812
0.133892,3.9752812
0.133894,3.9752812
0.133896,3.9752812
0.133898,3.9752812
0.1339,3.9752812
0.133902,3.9752812
0.133904,3.9752812
0.133906,3.9752812
0.133908,3.9752812
0.13391,3.9752812
0.133912,3.9752812
0.133914,3.9752812
0.133916,3.9752812
0.133918,3.9752812
0.13392,3.9752812
0.133922,3.9752812
0.13392399,3.9752812
0.133926,3.9752812
0.133928,3.9752812
0.13393,3.9752812
0.133932,3.9752812
0.133934,3.9752812
0.133936,3.9752812
0.133938,3.9752812
0.13394,3.9752812
0.133942,3.9752812
0.133944,3.9752812
0.133946,3.9752812
0.133948,3.9752812
0.13395,3.9752812
0.133952,3.9752812
0.133954,3.9752812
0.133956,3.9752812
0.133958,3.9752812
0.13396,3.9752812
0.133962,3.9752812
0.133964,3.9752812
0.133966,3.9752812
0.133968,3.9752812
0.13396999,3.9752812
0.133972,3.9752812
0.133974,3.9752812
0.133976,3.9752812
0.133978,3.9752812
0.13398,3.9752812
0.133982,3.9752812
0.133984,3.9752812
0.133986,3.9752812
0.133988,3.9752812
0.13399,3.9752812
0.133992,3.9752812
0.133994,3.9752812
0.133996,3.9752812
0.133998,3.9752812
0.134,3.9752812
0.134002,3.9752812
0.134004,3.9752812
0.134006,3.9752812
0.134008,3.9752812
0.13401,3.9752812
0.134012,3.9752812
0.134014,3.9752812
0.13401599,3.9752812
0.134018,3.9752812
0.13402,3.9752812
0.134022,3.9752812
0.134024,3.9752812
0.134026,3.9752812
0.134028,3.9752812
0.13403,3.9752812
0.134032,3.9752812
0.134034,3.9752812
0.134036,3.9752812
0.134038,3.9752812
0.13404,3.9752812
0.134042,3.9752812
0.134044,3.9752812
0.134046,3.9752812
0.134048,3.9752812
0.13405,3.9752812
0.134052,3.9752812
0.134054,3.9752812
0.134056,3.9752812
0.134058,3.9752812
0.13406,3.9752812
0.134062,3.9752812
0.134064,3.9752812
0.134066,3.9752812
0.134068,3.9752812
0.13407,3.9752812
0.134072,3.9752812
0.134074,3.9752812
0.134076,3.9752812
0.134078,3.9752812
0.13408,3.9752812
0.134082,3.9752812
0.134084,3.9752812
0.134086,3.9752812
0.134088,3.9752812
0.13409,3.9752812
0.134092,3.9752812
0.134094,3.9752812
0.134096,3.9752812
0.134098,3.9752812
0.1341,3.9752812
0.134102,3.9752812
0.134104,3.9752812
0.134106,3.9752812
0.134108,3.9752812
0.13411,3.9752812
0.134112,3.9752812
0.134114,3.9752812
0.134116,3.9752812
0.134118,3.9752812
0.13412,3.9752812
0.134122,3.9752812
0.134124,3.9752812
0.134126,3.9752812
0.134128,3.9752812
0.13413,3.9752812
0.134132,3.9752812
0.134134,3.9752812
0.134136,3.9752812
0.134138,3.9752812
0.13414,3.9752812
0.134142,3.9752812
0.134144,3.9752812
0.134146,3.9752812
0.134148,3.9752812
0.13415,3.9752812
0.134152,3.9752812
0.134154,3.9752812
0.134156,3.9752812
0.134158,3.9752812
0.13416,3.9752812
0.134162,3.9752812
0.134164,3.9752812
0.134166,3.9752812
0.134168,3.9752812
0.13417,3.9752812
0.13417199,3.9752812
0.134174,3.9752812
0.134176,3.9752812
0.134178,3.9752812
0.13418,3.9752812
0.134182,3.9752812
0.134184,3.9752812
0.134186,3.9752812
0.134188,3.9752812
0.13419,3.9752812
0.134192,3.9752812
0.134194,3.9752812
0.134196,3.9752812
0.134198,3.9752812
0.1342,3.9752812
0.134202,3.9752812
0.134204,3.9752812
0.134206,3.9752812
0.134208,3.9752812
0.13421,3.9752812
0.134212,3.9752812
0.134214,3.9752812
0.134216,3.9752812
0.13421799,3.9752812
0.13422,3.9752812
0.134222,3.9752812
0.134224,3.9752812
0.134226,3.9752812
0.134228,3.9752812
0.13423,3.9752812
0.134232,3.9752812
0.134234,3.9752812
0.134236,3.9752812
0.134238,3.9752812
0.13424,3.9752812
0.134242,3.9752812
0.134244,3.9752812
0.134246,3.9752812
0.134248,3.9752812
0.13425,3.9752812
0.134252,3.9752812
0.134254,3.9752812
0.134256,3.9752812
0.134258,3.9752812
0.13426,3.9752812
0.134262,3.9752812
0.13426399,3.9752812
0.134266,3.9752812
0.134268,3.9752812
0.13427,3.9752812
0.134272,3.9752812
0.134274,3.9752812
0.134276,3.9752812
0.134278,3.9752812
0.13428,3.9752812
0.134282,3.9752812
0.134284,3.9752812
0.134286,3.9752812
0.134288,3.9752812
0.13429,3.9752812
0.134292,3.9752812
0.134294,3.9752812
0.134296,3.9752812
0.134298,3.9752812
0.1343,3.9752812
0.134302,3.9752812
0.134304,3.9752812
0.134306,3.9752812
0.134308,3.9752812
0.13431,3.9752812
0.134312,3.9752812
0.134314,3.9752812
0.134316,3.9752812
0.134318,3.9752812
0.13432,3.9752812
0.134322,3.9752812
0.134324,3.9752812
0.134326,3.9752812
0.134328,3.9752812
0.13433,3.9752812
0.134332,3.9752812
0.134334,3.9752812
0.134336,3.9752812
0.134338,3.9752812
0.13434,3.9752812
0.134342,3.9752812
0.134344,3.9752812
0.134346,3.9752812
0.134348,3.9752812
0.13435,3.9752812
0.134352,3.9752812
0.134354,3.9752812
0.134356,3.9752812
0.134358,3.9752812
0.13436,3.9752812
0.134362,3.9752812
0.134364,3.9752812
0.134366,3.9752812
0.134368,3.9752812
0.13437,3.9752812
0.134372,3.9752812
0.134374,3.9752812
0.134376,3.9752812
0.134378,3.9752812
0.13438,3.9752812
0.134382,3.9752812
0.134384,3.9752812
0.134386,3.9752812
0.134388,3.9752812
0.13439,3.9752812
0.134392,3.9752812
0.134394,3.9752812
0.134396,3.9752812
0.134398,3.9752812
0.1344,3.9752812
0.134402,3.9752812
0.134404,3.9752812
0.134406,3.9752812
0.134408,3.9752812
0.13441,3.9752812
0.134412,3.9752812
0.134414,3.9752812
0.134416,3.9752812
0.134418,3.9752812
0.13442,3.9752812
0.134422,3.9752812
0.134424,3.9752812
0.134426,3.9752812
0.134428,3.9752812
0.13443,3.9752812
0.134432,3.9752812
0.134434,3.9752812
0.134436,3.9752812
0.134438,3.9752812
0.13444,3.9752812
0.134442,3.9752812
0.134444,3.9752812
0.134446,3.9752812
0.134448,3.9752812
0.13445,3.9752812
0.134452,3.9752812
0.134454,3.9752812
0.134456,3.9752812
0.134458,3.9752812
0.13446,3.9752812
0.134462,3.9752812
0.134464,3.9752812
0.13446599,3.9752812
0.134468,3.9752812
0.13447,3.9752812
0.134472,3.9752812
0.134474,3.9752812
0.134476,3.9752812
0.134478,3.9752812
0.13448,3.9752812
0.134482,3.9752812
0.134484,3.9752812
0.134486,3.9752812
0.134488,3.9752812
0.13449,3.9752812
0.134492,3.9752812
0.134494,3.9752812
0.134496,3.9752812
0.134498,3.9752812
0.1345,3.9752812
0.134502,3.9752812
0.134504,3.9752812
0.134506,3.9752812
0.134508,3.9752812
0.13451,3.9752812
0.13451199,3.9752812
0.134514,3.9752812
0.134516,3.9752812
0.134518,3.9752812
0.13452,3.9752812
0.134522,3.9752812
0.134524,3.9752812
0.134526,3.9752812
0.134528,3.9752812
0.13453,3.9752812
0.134532,3.9752812
0.134534,3.9752812
0.134536,3.9752812
0.134538,3.9752812
0.13454,3.9752812
0.134542,3.9752812
0.134544,3.9752812
0.134546,3.9752812
0.134548,3.9752812
0.13455,3.9752812
0.134552,3.9752812
0.134554,3.9752812
0.134556,3.9752812
0.13455799,3.9752812
0.13456,3.9752812
0.134562,3.9752812
0.134564,3.9752812
0.134566,3.9752812
0.134568,3.9752812
0.13457,3.9752812
0.134572,3.9752812
0.134574,3.9752812
0.134576,3.9752812
0.134578,3.9752812
0.13458,3.9752812
0.134582,3.9752812
0.134584,3.9752812
0.134586,3.9752812
0.134588,3.9752812
0.13459,3.9752812
0.134592,3.9752812
0.134594,3.9752812
0.134596,3.9752812
0.134598,3.9752812
0.1346,3.9752812
0.134602,3.9752812
0.134604,3.9752812
0.134606,3.9752812
0.134608,3.9752812
0.13461,3.9752812
0.134612,3.9752812
0.134614,3.9752812
0.134616,3.9752812
0.134618,3.9752812
0.13462,3.9752812
0.134622,3.9752812
0.134624,3.9752812
0.134626,3.9752812
0.134628,3.9752812
0.13463,3.9752812
0.134632,3.9752812
0.134634,3.9752812
0.134636,3.9752812
0.134638,3.9752812
0.13464,3.9752812
0.134642,3.9752812
0.134644,3.9752812
0.134646,3.9752812
0.134648,3.9752812
0.13465,3.9752812
0.134652,3.9752812
0.134654,3.9752812
0.134656,3.9752812
0.134658,3.9752812
0.13466,3.9752812
0.134662,3.9752812
0.134664,3.9752812
0.134666,3.9752812
0.134668,3.9752812
0.13467,3.9752812
0.134672,3.9752812
0.134674,3.9752812
0.134676,3.9752812
0.134678,3.9752812
0.13468,3.9752812
0.134682,3.9752812
0.134684,3.9752812
0.134686,3.9752812
0.134688,3.9752812
0.13469,3.9752812
0.134692,3.9752812
0.134694,3.9752812
0.134696,3.9752812
0.134698,3.9752812
0.1347,3.9752812
0.134702,3.9752812
0.134704,3.9752812
0.134706,3.9752812
0.134708,3.9752812
0.13471,3.9752812
0.134712,3.9752812
0.13471399,3.9752812
0.134716,3.9752812
0.134718,3.9752812
0.13472,3.9752812
0.134722,3.9752812
0.134724,3.9752812
0.134726,3.9752812
0.134728,3.9752812
0.13473,3.9752812
0.134732,3.9752812
0.134734,3.9752812
0.134736,3.9752812
0.134738,3.9752812
0.13474,3.9752812
0.134742,3.9752812
0.134744,3.9752812
0.134746,3.9752812
0.134748,3.9752812
0.13475,3.9752812
0.134752,3.9752812
0.134754,3.9752812
0.134756,3.9752812
0.134758,3.9752812
0.13475999,3.9752812
0.134762,3.9752812
0.134764,3.9752812
0.134766,3.9752812
0.134768,3.9752812
0.13477,3.9752812
0.134772,3.9752812
0.134774,3.9752812
0.134776,3.9752812
0.134778,3.3742738
0.13478,2.727035
0.134782,2.727035
0.134784,2.727035
0.134786,2.727035
0.134788,2.727035
0.13479,2.727035
0.134792,2.727035
0.134794,2.727035
0.134796,2.727035
0.134798,2.6808028
0.1348,2.6808028
0.134802,2.6808028
0.134804,2.6808028
0.13480599,2.6808028
0.134808,2.6808028
0.13481,2.6808028
0.134812,2.6808028
0.134814,2.6808028
0.134816,2.6808028
0.134818,2.6808028
0.13482,2.6808028
0.134822,2.6808028
0.134824,2.6808028
0.134826,2.6808028
0.134828,2.6808028
0.13483,2.6808028
0.134832,2.6808028
0.134834,2.6808028
0.134836,2.6808028
0.134838,2.6808028
0.13484,2.6808028
0.134842,2.6808028
0.134844,2.6808028
0.134846,2.6808028
0.134848,2.6808028
0.13485,2.6808028
0.134852,2.6808028
0.134854,2.6808028
0.134856,2.6808028
0.134858,2.6808028
0.13486,2.6808028
0.134862,2.6808028
0.134864,2.6808028
0.134866,2.6808028
0.134868,2.6808028
0.13487,2.6808028
0.134872,2.6808028
0.134874,2.6808028
0.134876,2.6808028
0.134878,2.6808028
0.13488,2.6808028
0.134882,2.6808028
0.134884,2.6808028
0.134886,2.6808028
0.134888,2.6808028
0.13489,2.6808028
0.134892,2.6808028
0.134894,2.6808028
0.134896,2.6808028
0.134898,2.6808028
0.1349,2.6808028
0.134902,2.6808028
0.134904,2.6808028
0.134906,2.6808028
0.134908,2.6808028
0.13491,2.6808028
0.134912,2.6808028
0.134914,2.6808028
0.134916,2.6808028
0.134918,2.6808028
0.13492,2.6808028
0.134922,2.6808028
0.134924,2.6808028
0.134926,2.6808028
0.134928,2.6808028
0.13493,2.6808028
0.134932,2.6808028
0.134934,2.6808028
0.134936,2.6808028
0.134938,2.6808028
0.13494,2.6808028
0.134942,2.6808028
0.134944,2.6808028
0.134946,2.6808028
0.134948,2.6808028
0.13495,2.6808028
0.134952,2.6808028
0.134954,2.6808028
0.134956,2.6808028
0.134958,2.6808028
0.13496,2.6808028
0.13496199,2.6808028
0.134964,2.6808028
0.134966,2.6808028
0.134968,2.6808028
0.13497,2.6808028
0.134972,2.6808028
0.134974,2.6808028
0.134976,2.6808028
0.134978,2.6808028
0.13498,2.6808028
0.134982,2.6808028
0.134984,2.6808028
0.134986,2.6808028
0.134988,2.6808028
0.13499,2.6808028
0.134992,2.6808028
0.134994,2.6808028
0.134996,2.6808028
0.134998,2.6808028
0.135,2.6808028
0.135002,2.6808028
0.135004,2.6808028
0.135006,2.6808028
0.13500799,2.6808028
0.13501,2.6808028
0.135012,2.6808028
0.135014,2.6808028
0.135016,2.6808028
0.135018,2.6808028
0.13502,2.6808028
0.135022,2.6808028
0.135024,2.6808028
0.135026,2.6808028
0.135028,2.6808028
0.13503,2.6808028
0.135032,2.6808028
0.135034,2.6808028
0.135036,2.6808028
0.135038,2.6808028
0.13504,2.6808028
0.135042,2.6808028
0.135044,2.6808028
0.135046,2.6808028
0.135048,2.6808028
0.13505,2.6808028
0.135052,2.6808028
0.13505399,2.6808028
0.135056,2.6808028
0.135058,2.6808028
0.13506,2.6808028
0.135062,2.6808028
0.135064,2.6808028
0.135066,2.6808028
0.135068,2.6808028
0.13507,2.6808028
0.135072,2.6808028
0.135074,2.6808028
0.135076,2.6808028
0.135078,2.6808028
0.13508,2.6808028
0.135082,2.6808028
0.135084,2.6808028
0.135086,2.6808028
0.135088,2.6808028
0.13509,2.6808028
0.135092,2.6808028
0.135094,2.6808028
0.135096,2.6808028
0.135098,2.6808028
0.1351,2.6808028
0.135102,2.6808028
0.135104,2.6808028
0.135106,2.6808028
0.135108,2.6808028
0.13511,2.6808028
0.135112,2.6808028
0.135114,2.6808028
0.135116,2.6808028
0.135118,2.6808028
0.13512,2.6808028
0.135122,2.6808028
0.135124,2.6808028
0.135126,2.6808028
0.135128,2.6808028
0.13513,2.6808028
0.135132,2.033564
0.135134,1.4325566
0.135136,1.4325566
0.135138,1.4325566
0.13514,1.4325566
0.135142,1.4325566
0.135144,1.4325566
0.135146,1.4325566
0.135148,1.4325566
0.13515,1.4325566
0.135152,1.4325566
0.135154,1.4325566
0.135156,1.4325566
0.135158,1.4325566
0.13516,1.4325566
0.135162,1.4325566
0.135164,1.4325566
0.135166,1.4325566
0.135168,1.4325566
0.13517,1.3863249
0.135172,1.3863249
0.135174,1.3863249
0.135176,1.3863249
0.135178,1.3863249
0.13518,1.3863249
0.135182,1.3863249
0.135184,1.3863249
0.135186,1.3863249
0.135188,1.3863249
0.13519,1.3863249
0.135192,1.3863249
0.135194,1.3863249
0.135196,1.3863249
0.135198,1.3863249
0.1352,1.3863249
0.135202,1.3863249
0.135204,1.3863249
0.135206,1.3863249
0.135208,1.3863249
0.13520999,1.3863249
0.135212,1.3863249
0.135214,1.3863249
0.135216,1.3863249
0.135218,1.3863249
0.13522,1.3863249
0.135222,1.3863249
0.135224,1.3863249
0.135226,1.3863249
0.135228,1.3863249
0.13523,1.3863249
0.135232,1.3863249
0.135234,1.3863249
0.135236,1.3863249
0.135238,1.3863249
0.13524,1.3863249
0.135242,1.3863249
0.135244,1.3863249
0.135246,1.3863249
0.135248,1.3863249
0.13525,1.3863249
0.135252,1.3863249
0.135254,1.3863249
0.13525599,1.3863249
0.135258,1.3863249
0.13526,1.3863249
0.135262,1.3863249
0.135264,1.3863249
0.135266,1.3863249
0.135268,1.3863249
0.13527,1.3863249
0.135272,1.3863249
0.135274,1.3863249
0.135276,1.3863249
0.135278,1.3863249
0.13528,1.3863249
0.135282,1.3863249
0.135284,1.3863249
0.135286,1.3863249
0.135288,1.3863249
0.13529,1.3863249
0.135292,1.3863249
0.135294,1.3863249
0.135296,1.3863249
0.135298,1.3863249
0.1353,1.3863249
0.13530199,1.3863249
0.135304,1.3863249
0.135306,1.3863249
0.135308,1.3863249
0.13531,1.3863249
0.135312,1.3863249
0.135314,1.3863249
0.135316,1.3863249
0.135318,1.3863249
0.13532,1.3863249
0.135322,1.3863249
0.135324,1.3863249
0.135326,1.3863249
0.135328,1.3863249
0.13533,1.3863249
0.135332,1.3863249
0.135334,1.3863249
0.135336,1.3863249
0.135338,1.3863249
0.13534,1.3863249
0.135342,1.3863249
0.135344,1.3863249
0.135346,1.3863249
0.135348,1.3863249
0.13535,1.3863249
0.135352,1.3863249
0.135354,1.3863249
0.135356,1.3863249
0.135358,1.3863249
0.13536,1.3863249
0.135362,1.3863249
0.135364,1.3863249
0.135366,1.3863249
0.135368,1.3863249
0.13537,1.3863249
0.135372,1.3863249
0.135374,1.3863249
0.135376,1.3863249
0.135378,1.3863249
0.13538,1.3863249
0.135382,1.3863249
0.135384,1.3863249
0.135386,1.3863249
0.135388,1.3863249
0.13539,1.3863249
0.135392,1.3863249
0.135394,1.3863249
0.135396,1.3863249
0.135398,1.3863249
0.1354,1.3863249
0.135402,1.3863249
0.135404,1.3863249
0.135406,1.3863249
0.135408,1.3863249
0.13541,1.3863249
0.135412,1.3863249
0.135414,1.3863249
0.135416,1.3863249
0.135418,1.3863249
0.13542,1.3863249
0.135422,1.3863249
0.135424,1.3863249
0.135426,1.3863249
0.135428,1.3863249
0.13543,1.3863249
0.135432,1.3863249
0.135434,1.3863249
0.135436,1.3863249
0.135438,1.3863249
0.13544,1.3863249
0.135442,1.3863249
0.135444,1.3863249
0.135446,1.3863249
0.135448,1.3863249
0.13545,1.3863249
0.135452,1.3863249
0.135454,1.3863249
0.135456,1.3863249
0.135458,1.3863249
0.13546,1.3863249
0.135462,1.3863249
0.135464,1.3863249
0.135466,1.3863249
0.135468,1.3863249
0.13547,1.3863249
0.135472,1.3863249
0.135474,1.3863249
0.135476,1.3863249
0.135478,1.3863249
0.13548,1.3863249
0.135482,1.3863249
0.135484,1.3863249
0.135486,0.36923456
0.135488,0.184309
0.13549,0.13807821
0.135492,0.13807821
0.135494,0.13807821
0.135496,0.13807821
0.135498,0.13807821
0.1355,0.13807821
0.135502,0.13807821
0.13550399,0.13807821
0.135506,0.13807821
0.135508,0.13807821
0.13551,0.13807821
0.135512,0.091846466
0.135514,0.091846466
0.135516,0.091846466
0.135518,0.091846466
0.13552,0.091846466
0.135522,0.091846466
0.135524,0.091846466
0.135526,0.091846466
0.135528,0.091846466
0.13553,0.091846466
0.135532,0.091846466
0.135534,0.091846466
0.135536,0.091846466
0.135538,0.091846466
0.13554,0.091846466
0.135542,0.091846466
0.135544,0.091846466
0.135546,0.091846466
0.135548,0.091846466
0.13554999,0.091846466
0.135552,0.091846466
0.135554,0.091846466
0.135556,0.091846466
0.135558,0.091846466
0.13556,0.091846466
0.135562,0.091846466
0.135564,0.091846466
0.135566,0.091846466
0.135568,0.091846466
0.13557,0.091846466
0.135572,0.091846466
0.135574,0.091846466
0.135576,0.091846466
0.135578,0.091846466
0.13558,0.091846466
0.135582,0.091846466
0.135584,0.091846466
0.135586,0.091846466
0.135588,0.091846466
0.13559,0.091846466
0.135592,0.091846466
0.135594,0.091846466
0.13559599,0.091846466
0.135598,0.091846466
0.1356,0.091846466
0.135602,0.091846466
0.135604,0.091846466
0.135606,0.091846466
0.135608,0.091846466
0.13561,0.091846466
0.135612,0.091846466
0.135614,0.091846466
0.135616,0.091846466
0.135618,0.091846466
0.13562,0.091846466
0.135622,0.091846466
0.135624,0.091846466
0.135626,0.091846466
0.135628,0.091846466
0.13563,0.091846466
0.135632,0.091846466
0.135634,0.091846466
0.135636,0.091846466
0.135638,0.091846466
0.13564,0.091846466
0.135642,0.091846466
0.135644,0.091846466
0.135646,0.091846466
0.135648,0.091846466
0.13565,0.091846466
0.135652,0.091846466
0.135654,0.091846466
0.135656,0.091846466
0.135658,0.091846466
0.13566,0.091846466
0.135662,0.091846466
0.135664,0.091846466
0.135666,0.091846466
0.135668,0.091846466
0.13567,0.091846466
0.135672,0.091846466
0.135674,0.091846466
0.135676,0.091846466
0.135678,0.091846466
0.13568,0.091846466
0.135682,0.091846466
0.135684,0.091846466
0.135686,0.091846466
0.135688,0.091846466
0.13569,0.091846466
0.135692,0.091846466
0.135694,0.091846466
0.135696,0.091846466
0.135698,0.091846466
0.1357,0.091846466
0.135702,0.091846466
0.135704,0.091846466
0.135706,0.091846466
0.135708,0.091846466
0.13571,0.091846466
0.135712,0.091846466
0.135714,0.091846466
0.135716,0.091846466
0.135718,0.091846466
0.13572,0.091846466
0.135722,0.091846466
0.135724,0.091846466
0.135726,0.091846466
0.135728,0.091846466
0.13573,0.091846466
0.135732,0.091846466
0.135734,0.091846466
0.135736,0.091846466
0.135738,0.091846466
0.13574,0.091846466
0.135742,0.091846466
0.135744,0.091846466
0.135746,0.091846466
0.135748,0.091846466
0.13575,0.091846466
0.13575199,0.091846466
0.135754,0.091846466
0.135756,0.091846466
0.135758,0.091846466
0.13576,0.091846466
0.135762,0.091846466
0.135764,0.091846466
0.135766,0.091846466
0.135768,0.091846466
0.13577,0.091846466
0.135772,0.091846466
0.135774,0.091846466
0.135776,0.091846466
0.135778,0.091846466
0.13578,0.091846466
0.135782,0.091846466
0.135784,0.091846466
0.135786,0.091846466
0.135788,0.091846466
0.13579,0.091846466
0.135792,0.091846466
0.135794,0.091846466
0.135796,0.091846466
0.13579799,0.091846466
0.1358,0.091846466
0.135802,0.091846466
0.135804,0.091846466
0.135806,0.091846466
0.135808,0.091846466
0.13581,0.091846466
0.135812,0.091846466
0.135814,0.091846466
0.135816,0.091846466
0.135818,0.091846466
0.13582,0.091846466
0.135822,0.091846466
0.135824,0.091846466
0.135826,0.091846466
0.135828,0.091846466
0.13583,0.091846466
0.135832,0.091846466
0.135834,0.091846466
0.135836,0.091846466
0.135838,0.091846466
0.13584,0.091846466
0.135842,0.091846466
0.13584399,0.091846466
0.135846,0.091846466
0.135848,0.091846466
0.13585,0.091846466
0.135852,0.091846466
0.135854,0.091846466
0.135856,0.091846466
0.135858,0.091846466
0.13586,0.091846466
0.135862,0.091846466
0.135864,0.091846466
0.135866,0.091846466
0.135868,0.091846466
0.13587,0.091846466
0.135872,0.091846466
0.135874,0.091846466
0.135876,0.091846466
0.135878,0.091846466
0.13588,0.091846466
0.135882,0.091846466
0.135884,0.091846466
0.135886,0.091846466
0.135888,0.091846466
0.13589,0.091846466
0.135892,0.091846466
0.135894,0.091846466
0.135896,0.091846466
0.135898,0.091846466
0.1359,0.091846466
0.135902,0.091846466
0.135904,0.091846466
0.135906,0.091846466
0.135908,0.091846466
0.13591,0.091846466
0.135912,0.091846466
0.135914,0.091846466
0.135916,0.091846466
0.135918,0.091846466
0.13592,0.091846466
0.135922,0.091846466
0.135924,0.091846466
0.135926,0.091846466
0.135928,0.091846466
0.13593,0.091846466
0.135932,0.091846466
0.135934,0.091846466
0.135936,0.091846466
0.135938,0.091846466
0.13594,0.091846466
0.135942,0.091846466
0.135944,0.091846466
0.135946,0.091846466
0.135948,0.091846466
0.13595,0.091846466
0.135952,0.091846466
0.135954,0.091846466
0.135956,0.091846466
0.135958,0.091846466
0.13596,0.091846466
0.135962,0.091846466
0.135964,0.091846466
0.135966,0.091846466
0.135968,0.091846466
0.13597,0.091846466
0.135972,0.091846466
0.135974,0.091846466
0.135976,0.091846466
0.135978,0.091846466
0.13598,0.091846466
0.135982,0.091846466
0.135984,0.091846466
0.135986,0.091846466
0.135988,0.091846466
0.13599,0.091846466
0.135992,0.091846466
0.135994,0.091846466
0.135996,0.091846466
0.135998,0.091846466
0.13599999,0.091846466
0.136002,0.091846466
0.136004,0.091846466
0.136006,0.091846466
0.136008,0.091846466
0.13601,0.091846466
0.136012,0.091846466
0.136014,0.091846466
0.136016,0.091846466
0.136018,0.091846466
0.13602,0.091846466
0.136022,0.091846466
0.136024,0.091846466
0.136026,0.091846466
0.136028,0.091846466
0.13603,0.091846466
0.136032,0.091846466
0.136034,0.091846466
0.136036,0.091846466
0.136038,0.091846466
0.13604,0.091846466
0.136042,0.091846466
0.136044,0.091846466
0.13604599,0.091846466
0.136048,0.091846466
0.13605,0.091846466
0.136052,0.091846466
0.136054,0.091846466
0.136056,0.091846466
0.136058,0.091846466
0.13606,0.091846466
0.136062,0.091846466
0.136064,0.091846466
0.136066,0.091846466
0.136068,0.091846466
0.13607,0.091846466
0.136072,0.091846466
0.136074,0.091846466
0.136076,0.091846466
0.136078,0.091846466
0.13608,0.091846466
0.136082,0.091846466
0.136084,0.091846466
0.136086,0.091846466
0.136088,0.091846466
0.13609,0.091846466
0.13609199,0.091846466
0.136094,0.091846466
0.136096,0.091846466
0.136098,0.091846466
0.1361,0.091846466
0.136102,0.091846466
0.136104,0.091846466
0.136106,0.091846466
0.136108,0.091846466
0.13611,0.091846466
0.136112,0.091846466
0.136114,0.091846466
0.136116,0.091846466
0.136118,0.091846466
0.13612,0.091846466
0.136122,0.091846466
0.136124,0.091846466
0.136126,0.091846466
0.136128,0.091846466
0.13613,0.091846466
0.136132,0.091846466
0.136134,0.091846466
0.136136,0.091846466
0.136138,0.091846466
0.13614,0.091846466
0.136142,0.091846466
0.136144,0.091846466
0.136146,0.091846466
0.136148,0.091846466
0.13615,0.091846466
0.136152,0.091846466
0.136154,0.091846466
0.136156,0.091846466
0.136158,0.091846466
0.13616,0.091846466
0.136162,0.091846466
0.136164,0.091846466
0.136166,0.091846466
0.136168,0.091846466
0.13617,0.091846466
0.136172,0.091846466
0.136174,0.091846466
0.136176,0.091846466
0.136178,0.091846466
0.13618,0.091846466
0.136182,0.091846466
0.136184,0.091846466
0.136186,0.091846466
0.136188,0.091846466
0.13619,0.091846466
0.136192,0.091846466
0.136194,0.091846466
0.136196,0.091846466
0.136198,0.091846466
0.1362,0.091846466
0.136202,0.091846466
0.136204,0.091846466
0.136206,0.091846466
0.136208,0.091846466
0.13621,0.091846466
0.136212,0.091846466
0.136214,0.091846466
0.136216,0.091846466
0.136218,0.091846466
0.13622,0.091846466
0.136222,0.091846466
0.136224,0.091846466
0.136226,0.091846466
0.136228,0.091846466
0.13623,0.091846466
0.136232,0.091846466
0.136234,0.091846466
0.136236,0.091846466
0.136238,0.091846466
0.13624,0.091846466
0.136242,0.091846466
0.136244,0.091846466
0.136246,0.091846466
0.13624799,0.091846466
0.13625,0.091846466
0.136252,0.091846466
0.136254,0.091846466
0.136256,0.091846466
0.136258,0.091846466
0.13626,0.091846466
0.136262,0.091846466
0.136264,0.091846466
0.136266,0.091846466
0.136268,0.091846466
0.13627,0.091846466
0.136272,0.091846466
0.136274,0.091846466
0.136276,0.091846466
0.136278,0.091846466
0.13628,0.091846466
0.136282,0.091846466
0.136284,0.091846466
0.136286,0.091846466
0.136288,0.091846466
0.13629,0.091846466
0.136292,0.091846466
0.13629399,0.091846466
0.136296,0.091846466
0.136298,0.091846466
0.1363,0.091846466
0.136302,0.6928544
0.136304,1.3400936
0.136306,1.3400936
0.136308,1.3863249
0.13631,1.3863249
0.136312,1.3863249
0.136314,1.3863249
0.136316,1.3863249
0.136318,1.3863249
0.13632,1.3863249
0.136322,1.3863249
0.136324,1.3863249
0.136326,1.3863249
0.136328,1.3863249
0.13633,1.3863249
0.136332,1.3863249
0.136334,1.3863249
0.136336,1.3863249
0.136338,1.3863249
0.13633999,1.3863249
0.136342,1.3863249
0.136344,1.3863249
0.136346,1.3863249
0.136348,1.3863249
0.13635,1.3863249
0.136352,1.3863249
0.136354,1.3863249
0.136356,1.3863249
0.136358,1.3863249
0.13636,1.3863249
0.136362,1.3863249
0.136364,1.3863249
0.136366,1.3863249
0.136368,1.3863249
0.13637,1.3863249
0.136372,1.3863249
0.136374,1.3863249
0.136376,1.3863249
0.136378,1.3863249
0.13638,1.3863249
0.136382,1.3863249
0.136384,1.3863249
0.136386,1.3863249
0.136388,1.3863249
0.13639,1.3863249
0.136392,1.3863249
0.136394,1.3863249
0.136396,1.3863249
0.136398,1.3863249
0.1364,1.3863249
0.136402,1.3863249
0.136404,1.3863249
0.136406,1.3863249
0.136408,1.3863249
0.13641,1.3863249
0.136412,1.3863249
0.136414,1.3863249
0.136416,1.3863249
0.136418,1.3863249
0.13642,1.3863249
0.136422,1.3863249
0.136424,1.3863249
0.136426,1.3863249
0.136428,1.3863249
0.13643,1.3863249
0.136432,1.3863249
0.136434,1.3863249
0.136436,1.3863249
0.136438,1.3863249
0.13644,1.3863249
0.136442,1.3863249
0.136444,1.3863249
0.136446,1.3863249
0.136448,1.3863249
0.13645,1.3863249
0.136452,1.3863249
0.136454,1.3863249
0.136456,1.3863249
0.136458,1.3863249
0.13646,1.3863249
0.136462,1.3863249
0.136464,1.3863249
0.136466,1.3863249
0.136468,1.3863249
0.13647,1.3863249
0.136472,1.3863249
0.136474,1.3863249
0.136476,1.3863249
0.136478,1.3863249
0.13648,1.3863249
0.136482,1.3863249
0.136484,1.3863249
0.136486,1.3863249
0.136488,1.3863249
0.13649,1.3863249
0.136492,1.3863249
0.136494,1.3863249
0.13649599,1.3863249
0.136498,1.3863249
0.1365,1.3863249
0.136502,1.3863249
0.136504,1.3863249
0.136506,1.3863249
0.136508,1.3863249
0.13651,1.3863249
0.136512,1.3863249
0.136514,1.3863249
0.136516,1.3863249
0.136518,1.3863249
0.13652,1.3863249
0.136522,1.3863249
0.136524,1.3863249
0.136526,1.3863249
0.136528,1.3863249
0.13653,1.3863249
0.136532,1.3863249
0.136534,1.3863249
0.136536,1.3863249
0.136538,1.3863249
0.13654,1.3863249
0.13654199,1.3863249
0.136544,1.3863249
0.136546,1.3863249
0.136548,1.3863249
0.13655,1.3863249
0.136552,1.3863249
0.136554,1.3863249
0.136556,1.3863249
0.136558,1.3863249
0.13656,1.3863249
0.136562,1.3863249
0.136564,1.3863249
0.136566,1.3863249
0.136568,1.3863249
0.13657,1.3863249
0.136572,1.3863249
0.136574,1.3863249
0.136576,1.3863249
0.136578,1.3863249
0.13658,1.3863249
0.136582,1.3863249
0.136584,1.3863249
0.136586,1.3863249
0.13658799,1.3863249
0.13659,1.3863249
0.136592,1.3863249
0.136594,1.3863249
0.136596,1.3863249
0.136598,1.3863249
0.1366,1.3863249
0.136602,1.3863249
0.136604,1.3863249
0.136606,1.3863249
0.136608,1.3863249
0.13661,1.3863249
0.136612,1.3863249
0.136614,1.3863249
0.136616,1.3863249
0.136618,1.3863249
0.13662,1.3863249
0.136622,1.3863249
0.136624,1.3863249
0.136626,1.3863249
0.136628,1.3863249
0.13663,1.3863249
0.136632,1.3863249
0.136634,1.3863249
0.136636,1.3863249
0.136638,1.3863249
0.13664,1.3863249
0.136642,1.3863249
0.136644,1.3863249
0.136646,1.3863249
0.136648,1.3863249
0.13665,1.3863249
0.136652,1.3863249
0.136654,1.3863249
0.136656,2.126027
0.136658,2.6345725
0.13666,2.6345725
0.136662,2.6345725
0.136664,2.6345725
0.136666,2.6345725
0.136668,2.6345725
0.13667,2.6345725
0.136672,2.6808028
0.136674,2.6808028
0.136676,2.6808028
0.136678,2.6808028
0.13668,2.6808028
0.136682,2.6808028
0.136684,2.6808028
0.136686,2.6808028
0.136688,2.6808028
0.13669,2.6808028
0.136692,2.6808028
0.136694,2.6808028
0.136696,2.6808028
0.136698,2.6808028
0.1367,2.6808028
0.136702,2.6808028
0.136704,2.6808028
0.136706,2.6808028
0.136708,2.6808028
0.13671,2.6808028
0.136712,2.6808028
0.136714,2.6808028
0.136716,2.6808028
0.136718,2.6808028
0.13672,2.6808028
0.136722,2.6808028
0.136724,2.6808028
0.136726,2.6808028
0.136728,2.6808028
0.13673,2.6808028
0.136732,2.6808028
0.136734,2.6808028
0.136736,2.6808028
0.136738,2.6808028
0.13674,2.6808028
0.136742,2.6808028
0.136744,2.6808028
0.136746,2.6808028
0.136748,2.6808028
0.13675,2.6808028
0.136752,2.6808028
0.136754,2.6808028
0.136756,2.6808028
0.136758,2.6808028
0.13676,2.6808028
0.136762,2.6808028
0.136764,2.6808028
0.136766,2.6808028
0.136768,2.6808028
0.13677,2.6808028
0.136772,2.6808028
0.136774,2.6808028
0.136776,2.6808028
0.136778,2.6808028
0.13678,2.6808028
0.136782,2.6808028
0.136784,2.6808028
0.136786,2.6808028
0.136788,2.6808028
0.13678999,2.6808028
0.136792,2.6808028
0.136794,2.6808028
0.136796,2.6808028
0.136798,2.6808028
0.1368,2.6808028
0.136802,2.6808028
0.136804,2.6808028
0.136806,2.6808028
0.136808,2.6808028
0.13681,2.6808028
0.136812,2.6808028
0.136814,2.6808028
0.136816,2.6808028
0.136818,2.6808028
0.13682,2.6808028
0.136822,2.6808028
0.136824,2.6808028
0.136826,2.6808028
0.136828,2.6808028
0.13683,2.6808028
0.136832,2.6808028
0.136834,2.6808028
0.13683599,2.6808028
0.136838,2.6808028
0.13684,2.6808028
0.136842,2.6808028
0.136844,2.6808028
0.136846,2.6808028
0.136848,2.6808028
0.13685,2.6808028
0.136852,2.6808028
0.136854,2.6808028
0.136856,2.6808028
0.136858,2.6808028
0.13686,2.6808028
0.136862,2.6808028
0.136864,2.6808028
0.136866,2.6808028
0.136868,2.6808028
0.13687,2.6808028
0.136872,2.6808028
0.136874,2.6808028
0.136876,2.6808028
0.136878,2.6808028
0.13688,2.6808028
0.13688199,2.6808028
0.136884,2.6808028
0.136886,2.6808028
0.136888,2.6808028
0.13689,2.6808028
0.136892,2.6808028
0.136894,2.6808028
0.136896,2.6808028
0.136898,2.6808028
0.1369,2.6808028
0.136902,2.6808028
0.136904,2.6808028
0.136906,2.6808028
0.136908,2.6808028
0.13691,2.6808028
0.136912,2.6808028
0.136914,2.6808028
0.136916,2.6808028
0.136918,2.6808028
0.13692,2.6808028
0.136922,2.6808028
0.136924,2.6808028
0.136926,2.6808028
0.136928,2.6808028
0.13693,2.6808028
0.136932,2.6808028
0.136934,2.6808028
0.136936,2.6808028
0.136938,2.6808028
0.13694,2.6808028
0.136942,2.6808028
0.136944,2.6808028
0.136946,2.6808028
0.136948,2.6808028
0.13695,2.6808028
0.136952,2.6808028
0.136954,2.6808028
0.136956,2.6808028
0.136958,2.6808028
0.13696,2.6808028
0.136962,2.6808028
0.136964,2.6808028
0.136966,2.6808028
0.136968,2.6808028
0.13697,2.6808028
0.136972,2.6808028
0.136974,2.6808028
0.136976,2.6808028
0.136978,2.6808028
0.13698,2.6808028
0.136982,2.9581914
0.136984,3.92905
0.136986,3.92905
0.136988,3.92905
0.13699,3.92905
0.136992,3.9752812
0.136994,3.9752812
0.136996,3.9752812
0.136998,3.9752812
0.137,3.9752812
0.137002,3.9752812
0.137004,3.9752812
0.137006,3.9752812
0.137008,3.9752812
0.13701,3.9752812
0.137012,3.9752812
0.137014,3.9752812
0.137016,3.9752812
0.137018,3.9752812
0.13702,3.9752812
0.137022,3.9752812
0.137024,3.9752812
0.137026,3.9752812
0.137028,3.9752812
0.13703,3.9752812
0.137032,3.9752812
0.137034,3.9752812
0.137036,3.9752812
0.13703799,3.9752812
0.13704,3.9752812
0.137042,3.9752812
0.137044,3.9752812
0.137046,3.9752812
0.137048,3.9752812
0.13705,3.9752812
0.137052,3.9752812
0.137054,3.9752812
0.137056,3.9752812
0.137058,3.9752812
0.13706,3.9752812
0.137062,3.9752812
0.137064,3.9752812
0.137066,3.9752812
0.137068,3.9752812
0.13707,3.9752812
0.137072,3.9752812
0.137074,3.9752812
0.137076,3.9752812
0.137078,3.9752812
0.13708,3.9752812
0.137082,3.9752812
0.13708399,3.9752812
0.137086,3.9752812
0.137088,3.9752812
0.13709,3.9752812
0.137092,3.9752812
0.137094,3.9752812
0.137096,3.9752812
0.137098,3.9752812
0.1371,3.9752812
0.137102,3.9752812
0.137104,3.9752812
0.137106,3.9752812
0.137108,3.9752812
0.13711,3.9752812
0.137112,3.9752812
0.137114,3.9752812
0.137116,3.9752812
0.137118,3.9752812
0.13712,3.9752812
0.137122,3.9752812
0.137124,3.9752812
0.137126,3.9752812
0.137128,3.9752812
0.13712999,3.9752812
0.137132,3.9752812
0.137134,3.9752812
0.137136,3.9752812
0.137138,3.9752812
0.13714,3.9752812
0.137142,3.9752812
0.137144,3.9752812
0.137146,3.9752812
0.137148,3.9752812
0.13715,3.9752812
0.137152,3.9752812
0.137154,3.9752812
0.137156,3.9752812
0.137158,3.9752812
0.13716,3.9752812
0.137162,3.9752812
0.137164,3.9752812
0.137166,3.9752812
0.137168,3.9752812
0.13717,3.9752812
0.137172,3.9752812
0.137174,3.9752812
0.137176,3.9752812
0.137178,3.9752812
0.13718,3.9752812
0.137182,3.9752812
0.137184,3.9752812
0.137186,3.9752812
0.137188,3.9752812
0.13719,3.9752812
0.137192,3.9752812
0.137194,3.9752812
0.137196,3.9752812
0.137198,3.9752812
0.1372,3.9752812
0.137202,3.9752812
0.137204,3.9752812
0.137206,3.9752812
0.137208,3.9752812
0.13721,3.9752812
0.137212,3.9752812
0.137214,3.9752812
0.137216,3.9752812
0.137218,3.9752812
0.13722,3.9752812
0.137222,3.9752812
0.137224,3.9752812
0.137226,3.9752812
0.137228,3.9752812
0.13723,3.9752812
0.137232,3.9752812
0.137234,3.9752812
0.137236,3.9752812
0.137238,3.9752812
0.13724,3.9752812
0.137242,3.9752812
0.137244,3.9752812
0.137246,3.9752812
0.137248,3.9752812
0.13725,3.9752812
0.137252,3.9752812
0.137254,3.9752812
0.137256,3.9752812
0.137258,3.9752812
0.13726,3.9752812
0.137262,3.9752812
0.137264,3.9752812
0.137266,3.9752812
0.137268,3.9752812
0.13727,3.9752812
0.137272,3.9752812
0.137274,3.9752812
0.137276,3.9752812
0.137278,3.9752812
0.13728,3.9752812
0.137282,3.9752812
0.137284,3.9752812
0.13728599,3.9752812
0.137288,3.9752812
0.13729,3.9752812
0.137292,3.9752812
0.137294,3.9752812
0.137296,3.9752812
0.137298,3.9752812
0.1373,3.9752812
0.137302,3.9752812
0.137304,3.9752812
0.137306,3.9752812
0.137308,3.9752812
0.13731,3.9752812
0.137312,3.9752812
0.137314,3.9752812
0.137316,3.9752812
0.137318,3.9752812
0.13732,3.9752812
0.137322,3.9752812
0.137324,3.9752812
0.137326,3.9752812
0.137328,3.9752812
0.13733,3.9752812
0.13733199,3.9752812
0.137334,3.9752812
0.137336,3.9752812
0.137338,3.9752812
0.13734,3.9752812
0.137342,3.9752812
0.137344,3.9752812
0.137346,3.9752812
0.137348,3.9752812
0.13735,3.9752812
0.137352,3.9752812
0.137354,3.9752812
0.137356,3.9752812
0.137358,3.9752812
0.13736,3.9752812
0.137362,3.9752812
0.137364,3.9752812
0.137366,3.9752812
0.137368,3.9752812
0.13737,3.9752812
0.137372,3.9752812
0.137374,3.9752812
0.137376,3.9752812
0.13737799,3.9752812
0.13738,3.9752812
0.137382,3.9752812
0.137384,3.9752812
0.137386,3.9752812
0.137388,3.9752812
0.13739,3.9752812
0.137392,3.9752812
0.137394,3.9752812
0.137396,3.9752812
0.137398,3.9752812
0.1374,3.9752812
0.137402,3.9752812
0.137404,3.9752812
0.137406,3.9752812
0.137408,3.9752812
0.13741,3.9752812
0.137412,3.9752812
0.137414,3.9752812
0.137416,3.9752812
0.137418,3.9752812
0.13742,3.9752812
0.137422,3.9752812
0.137424,3.9752812
0.137426,3.9752812
0.137428,3.9752812
0.13743,3.9752812
0.137432,3.9752812
0.137434,3.9752812
0.137436,3.9752812
0.137438,3.9752812
0.13744,3.9752812
0.137442,3.9752812
0.137444,3.9752812
0.137446,3.9752812
0.137448,3.9752812
0.13745,3.9752812
0.137452,3.9752812
0.137454,3.9752812
0.137456,3.9752812
0.137458,3.9752812
0.13746,3.9752812
0.137462,3.9752812
0.137464,3.9752812
0.137466,3.9752812
0.137468,3.9752812
0.13747,3.9752812
0.137472,3.9752812
0.137474,3.9752812
0.137476,3.9752812
0.137478,3.9752812
0.13748,3.9752812
0.137482,3.9752812
0.137484,3.9752812
0.137486,3.9752812
0.137488,3.9752812
0.13749,3.9752812
0.137492,3.9752812
0.137494,3.9752812
0.137496,3.9752812
0.137498,3.9752812
0.1375,3.9752812
0.137502,3.9752812
0.137504,3.9752812
0.137506,3.9752812
0.137508,3.9752812
0.13751,3.9752812
0.137512,3.9752812
0.137514,3.9752812
0.137516,3.9752812
0.137518,3.9752812
0.13752,3.9752812
0.137522,3.9752812
0.137524,3.9752812
0.137526,3.9752812
0.137528,3.9752812
0.13753,3.9752812
0.137532,3.9752812
0.13753399,3.9752812
0.137536,3.9752812
0.137538,3.9752812
0.13754,3.9752812
0.137542,3.9752812
0.137544,3.9752812
0.137546,3.9752812
0.137548,3.9752812
0.13755,3.9752812
0.137552,3.9752812
0.137554,3.9752812
0.137556,3.9752812
0.137558,3.9752812
0.13756,3.9752812
0.137562,3.9752812
0.137564,3.9752812
0.137566,3.9752812
0.137568,3.9752812
0.13757,3.9752812
0.137572,3.9752812
0.137574,3.9752812
0.137576,3.9752812
0.137578,3.9752812
0.13757999,3.9752812
0.137582,3.9752812
0.137584,3.9752812
0.137586,3.9752812
0.137588,3.9752812
0.13759,3.9752812
0.137592,3.9752812
0.137594,3.9752812
0.137596,3.9752812
0.137598,3.9752812
0.1376,3.9752812
0.137602,3.9752812
0.137604,3.9752812
0.137606,3.9752812
0.137608,3.9752812
0.13761,3.9752812
0.137612,3.9752812
0.137614,3.9752812
0.137616,3.9752812
0.137618,3.9752812
0.13762,3.9752812
0.137622,3.9752812
0.137624,3.9752812
0.13762599,3.9752812
0.137628,3.9752812
0.13763,3.9752812
0.137632,3.9752812
0.137634,3.9752812
0.137636,3.9752812
0.137638,3.9752812
0.13764,3.9752812
0.137642,3.9752812
0.137644,3.9752812
0.137646,3.9752812
0.137648,3.9752812
0.13765,3.9752812
0.137652,3.9752812
0.137654,3.9752812
0.137656,3.9752812
0.137658,3.9752812
0.13766,3.9752812
0.137662,3.9752812
0.137664,3.9752812
0.137666,3.9752812
0.137668,3.9752812
0.13767,3.9752812
0.137672,3.9752812
0.137674,3.9752812
0.137676,3.9752812
0.137678,3.9752812
0.13768,3.9752812
0.137682,3.9752812
0.137684,3.9752812
0.137686,3.9752812
0.137688,3.9752812
0.13769,3.9752812
0.137692,3.9752812
0.137694,3.9752812
0.137696,3.9752812
0.137698,3.9752812
0.1377,3.9752812
0.137702,3.9752812
0.137704,3.9752812
0.137706,3.9752812
0.137708,3.9752812
0.13771,3.9752812
0.137712,3.9752812
0.137714,3.9752812
0.137716,3.9752812
0.137718,3.9752812
0.13772,3.9752812
0.137722,3.9752812
0.137724,3.9752812
0.137726,3.9752812
0.137728,3.9752812
0.13773,3.9752812
0.137732,3.9752812
0.137734,3.9752812
0.137736,3.9752812
0.137738,3.9752812
0.13774,3.9752812
0.137742,3.9752812
0.137744,3.9752812
0.137746,3.9752812
0.137748,3.9752812
0.13775,3.9752812
0.137752,3.9752812
0.137754,3.9752812
0.137756,3.9752812
0.137758,3.9752812
0.13776,3.9752812
0.137762,3.9752812
0.137764,3.9752812
0.137766,3.9752812
0.137768,3.9752812
0.13777,3.9752812
0.137772,3.9752812
0.137774,3.9752812
0.137776,3.9752812
0.137778,3.9752812
0.13778,3.9752812
0.137782,3.9752812
0.137784,3.9752812
0.137786,3.9752812
0.137788,3.9752812
0.13779,3.9752812
0.137792,3.9752812
0.137794,3.9752812
0.137796,3.9752812
0.137798,3.9752812
0.1378,3.9752812
0.137802,3.9752812
0.137804,3.9752812
0.137806,3.9752812
0.137808,3.9752812
0.13781,3.9752812
0.137812,3.9752812
0.137814,3.9752812
0.137816,3.9752812
0.137818,3.9752812
0.13782,3.9752812
0.137822,3.9752812
0.137824,3.9752812
0.137826,3.9752812
0.13782799,3.9752812
0.13783,3.9752812
0.137832,3.9752812
0.137834,3.9752812
0.137836,3.9752812
0.137838,3.9752812
0.13784,3.9752812
0.137842,3.9752812
0.137844,3.9752812
0.137846,3.9752812
0.137848,3.9752812
0.13785,3.9752812
0.137852,3.9752812
0.137854,3.9752812
0.137856,3.9752812
0.137858,3.9752812
0.13786,3.9752812
0.137862,3.9752812
0.137864,3.9752812
0.137866,3.9752812
0.137868,3.9752812
0.13787,3.9752812
0.137872,3.9752812
0.13787399,3.9752812
0.137876,3.9752812
0.137878,3.9752812
0.13788,3.9752812
0.137882,3.9752812
0.137884,3.9752812
0.137886,3.9752812
0.137888,3.9752812
0.13789,3.9752812
0.137892,3.9752812
0.137894,3.9752812
0.137896,3.9752812
0.137898,3.9752812
0.1379,3.9752812
0.137902,3.9752812
0.137904,3.9752812
0.137906,3.9752812
0.137908,3.9752812
0.13791,3.9752812
0.137912,3.9752812
0.137914,3.9752812
0.137916,3.9752812
0.137918,3.9752812
0.13791999,3.9752812
0.137922,3.9752812
0.137924,3.9752812
0.137926,3.9752812
0.137928,3.9752812
0.13793,3.9752812
0.137932,3.9752812
0.137934,3.9752812
0.137936,3.9752812
0.137938,3.9752812
0.13794,3.9752812
0.137942,3.9752812
0.137944,3.9752812
0.137946,3.9752812
0.137948,3.9752812
0.13795,3.9752812
0.137952,3.9752812
0.137954,3.9752812
0.137956,3.9752812
0.137958,3.9752812
0.13796,3.9752812
0.137962,3.9752812
0.137964,3.9752812
0.137966,3.9752812
0.137968,3.9752812
0.13797,3.9752812
0.137972,3.9752812
0.137974,3.9752812
0.137976,3.9752812
0.137978,3.9752812
0.13798,3.9752812
0.137982,3.9752812
0.137984,3.9752812
0.137986,3.9752812
0.137988,3.9752812
0.13799,3.9752812
0.137992,3.9752812
0.137994,3.9752812
0.137996,3.9752812
0.137998,3.9752812
0.138,3.9752812
0.138002,3.9752812
0.138004,3.9752812
0.138006,3.9752812
0.138008,3.9752812
0.13801,3.9752812
0.138012,3.9752812
0.138014,3.9752812
0.138016,3.9752812
0.138018,3.9752812
0.13802,3.9752812
0.138022,3.9752812
0.138024,3.9752812
0.138026,3.9752812
0.138028,3.9752812
0.13803,3.9752812
0.138032,3.9752812
0.138034,3.9752812
0.138036,3.9752812
0.138038,3.9752812
0.13804,3.9752812
0.138042,3.9752812
0.138044,3.9752812
0.138046,3.9752812
0.138048,3.9752812
0.13805,3.9752812
0.138052,3.9752812
0.138054,3.9752812
0.138056,3.9752812
0.138058,3.9752812
0.13806,3.9752812
0.138062,3.9752812
0.138064,3.9752812
0.138066,3.9752812
0.138068,3.9752812
0.13807,3.9752812
0.138072,3.9752812
0.138074,3.9752812
0.13807599,3.9752812
0.138078,3.9752812
0.13808,3.9752812
0.138082,3.9752812
0.138084,3.9752812
0.138086,3.9752812
0.138088,3.9752812
0.13809,3.9752812
0.138092,3.9752812
0.138094,3.9752812
0.138096,3.9752812
0.138098,3.9752812
0.1381,3.9752812
0.138102,3.9752812
0.138104,3.9752812
0.138106,3.9752812
0.138108,3.9752812
0.13811,3.9752812
0.138112,3.9752812
0.138114,3.9752812
0.138116,3.9752812
0.138118,3.9752812
0.13812,3.9752812
0.13812199,3.9752812
0.138124,3.9752812
0.138126,2.9581914
0.138128,2.727035
0.13813,2.727035
0.138132,2.727035
0.138134,2.727035
0.138136,2.727035
0.138138,2.727035
0.13814,2.727035
0.138142,2.727035
0.138144,2.6808028
0.138146,2.6808028
0.138148,2.6808028
0.13815,2.6808028
0.138152,2.6808028
0.138154,2.6808028
0.138156,2.6808028
0.138158,2.6808028
0.13816,2.6808028
0.138162,2.6808028
0.138164,2.6808028
0.138166,2.6808028
0.13816799,2.6808028
0.13817,2.6808028
0.138172,2.6808028
0.138174,2.6808028
0.138176,2.6808028
0.138178,2.6808028
0.13818,2.6808028
0.138182,2.6808028
0.138184,2.6808028
0.138186,2.6808028
0.138188,2.6808028
0.13819,2.6808028
0.138192,2.6808028
0.138194,2.6808028
0.138196,2.6808028
0.138198,2.6808028
0.1382,2.6808028
0.138202,2.6808028
0.138204,2.6808028
0.138206,2.6808028
0.138208,2.6808028
0.13821,2.6808028
0.138212,2.6808028
0.138214,2.6808028
0.138216,2.6808028
0.138218,2.6808028
0.13822,2.6808028
0.138222,2.6808028
0.138224,2.6808028
0.138226,2.6808028
0.138228,2.6808028
0.13823,2.6808028
0.138232,2.6808028
0.138234,2.6808028
0.138236,2.6808028
0.138238,2.6808028
0.13824,2.6808028
0.138242,2.6808028
0.138244,2.6808028
0.138246,2.6808028
0.138248,2.6808028
0.13825,2.6808028
0.138252,2.6808028
0.138254,2.6808028
0.138256,2.6808028
0.138258,2.6808028
0.13826,2.6808028
0.138262,2.6808028
0.138264,2.6808028
0.138266,2.6808028
0.138268,2.6808028
0.13827,2.6808028
0.138272,2.6808028
0.138274,2.6808028
0.138276,2.6808028
0.138278,2.6808028
0.13828,2.6808028
0.138282,2.6808028
0.138284,2.6808028
0.138286,2.6808028
0.138288,2.6808028
0.13829,2.6808028
0.138292,2.6808028
0.138294,2.6808028
0.138296,2.6808028
0.138298,2.6808028
0.1383,2.6808028
0.138302,2.6808028
0.138304,2.6808028
0.138306,2.6808028
0.138308,2.6808028
0.13831,2.6808028
0.138312,2.6808028
0.138314,2.6808028
0.138316,2.6808028
0.138318,2.6808028
0.13832,2.6808028
0.138322,2.6808028
0.13832399,2.6808028
0.138326,2.6808028
0.138328,2.6808028
0.13833,2.6808028
0.138332,2.6808028
0.138334,2.6808028
0.138336,2.6808028
0.138338,2.6808028
0.13834,2.6808028
0.138342,2.6808028
0.138344,2.6808028
0.138346,2.6808028
0.138348,2.6808028
0.13835,2.6808028
0.138352,2.6808028
0.138354,2.6808028
0.138356,2.6808028
0.138358,2.6808028
0.13836,2.6808028
0.138362,2.6808028
0.138364,2.6808028
0.138366,2.6808028
0.138368,2.6808028
0.13836999,2.6808028
0.138372,2.6808028
0.138374,2.6808028
0.138376,2.6808028
0.138378,2.6808028
0.13838,2.6808028
0.138382,2.6808028
0.138384,2.6808028
0.138386,2.6808028
0.138388,2.6808028
0.13839,2.6808028
0.138392,2.6808028
0.138394,2.6808028
0.138396,2.6808028
0.138398,2.6808028
0.1384,2.6808028
0.138402,2.6808028
0.138404,2.6808028
0.138406,2.6808028
0.138408,2.6808028
0.13841,2.6808028
0.138412,2.6808028
0.138414,2.6808028
0.13841599,2.6808028
0.138418,2.6808028
0.13842,2.6808028
0.138422,2.6808028
0.138424,2.6808028
0.138426,2.6808028
0.138428,2.6808028
0.13843,2.6808028
0.138432,2.6808028
0.138434,2.6808028
0.138436,2.6808028
0.138438,2.6808028
0.13844,2.6808028
0.138442,2.6808028
0.138444,2.6808028
0.138446,2.6808028
0.138448,2.6808028
0.13845,2.6808028
0.138452,2.0797954
0.138454,1.4325566
0.138456,1.4325566
0.138458,1.4325566
0.13846,1.4325566
0.138462,1.4325566
0.138464,1.4325566
0.138466,1.4325566
0.138468,1.4325566
0.13847,1.4325566
0.138472,1.4325566
0.138474,1.4325566
0.138476,1.4325566
0.138478,1.4325566
0.13848,1.4325566
0.138482,1.4325566
0.138484,1.4325566
0.138486,1.3863249
0.138488,1.4325566
0.13849,1.4325566
0.138492,1.3863249
0.138494,1.3863249
0.138496,1.3863249
0.138498,1.3863249
0.1385,1.3863249
0.138502,1.3863249
0.138504,1.3863249
0.138506,1.3863249
0.138508,1.3863249
0.13851,1.3863249
0.138512,1.3863249
0.138514,1.3863249
0.138516,1.3863249
0.138518,1.3863249
0.13852,1.3863249
0.138522,1.3863249
0.138524,1.3863249
0.138526,1.3863249
0.138528,1.3863249
0.13853,1.3863249
0.138532,1.3863249
0.138534,1.3863249
0.138536,1.3863249
0.138538,1.3863249
0.13854,1.3863249
0.138542,1.3863249
0.138544,1.3863249
0.138546,1.3863249
0.138548,1.3863249
0.13855,1.3863249
0.138552,1.3863249
0.138554,1.3863249
0.138556,1.3863249
0.138558,1.3863249
0.13856,1.3863249
0.138562,1.3863249
0.138564,1.3863249
0.138566,1.3863249
0.138568,1.3863249
0.13857,1.3863249
0.13857199,1.3863249
0.138574,1.3863249
0.138576,1.3863249
0.138578,1.3863249
0.13858,1.3863249
0.138582,1.3863249
0.138584,1.3863249
0.138586,1.3863249
0.138588,1.3863249
0.13859,1.3863249
0.138592,1.3863249
0.138594,1.3863249
0.138596,1.3863249
0.138598,1.3863249
0.1386,1.3863249
0.138602,1.3863249
0.138604,1.3863249
0.138606,1.3863249
0.138608,1.3863249
0.13861,1.3863249
0.138612,1.3863249
0.138614,1.3863249
0.138616,1.3863249
0.13861799,1.3863249
0.13862,1.3863249
0.138622,1.3863249
0.138624,1.3863249
0.138626,1.3863249
0.138628,1.3863249
0.13863,1.3863249
0.138632,1.3863249
0.138634,1.3863249
0.138636,1.3863249
0.138638,1.3863249
0.13864,1.3863249
0.138642,1.3863249
0.138644,1.3863249
0.138646,1.3863249
0.138648,1.3863249
0.13865,1.3863249
0.138652,1.3863249
0.138654,1.3863249
0.138656,1.3863249
0.138658,1.3863249
0.13866,1.3863249
0.138662,1.3863249
0.13866399,1.3863249
0.138666,1.3863249
0.138668,1.3863249
0.13867,1.3863249
0.138672,1.3863249
0.138674,1.3863249
0.138676,1.3863249
0.138678,1.3863249
0.13868,1.3863249
0.138682,1.3863249
0.138684,1.3863249
0.138686,1.3863249
0.138688,1.3863249
0.13869,1.3863249
0.138692,1.3863249
0.138694,1.3863249
0.138696,1.3863249
0.138698,1.3863249
0.1387,1.3863249
0.138702,1.3863249
0.138704,1.3863249
0.138706,1.3863249
0.138708,1.3863249
0.13871,1.3863249
0.138712,1.3863249
0.138714,1.3863249
0.138716,1.3863249
0.138718,1.3863249
0.13872,1.3863249
0.138722,1.3863249
0.138724,1.3863249
0.138726,1.3863249
0.138728,1.3863249
0.13873,1.3863249
0.138732,1.3863249
0.138734,1.3863249
0.138736,1.3863249
0.138738,1.3863249
0.13874,1.3863249
0.138742,1.3863249
0.138744,1.3863249
0.138746,1.3863249
0.138748,1.3863249
0.13875,1.3863249
0.138752,1.3863249
0.138754,1.3863249
0.138756,1.3863249
0.138758,1.3863249
0.13876,1.3863249
0.138762,1.3863249
0.138764,1.3863249
0.138766,1.3863249
0.138768,1.3863249
0.13877,1.3863249
0.138772,1.3863249
0.138774,1.3863249
0.138776,1.3863249
0.138778,1.3863249
0.13878,1.3863249
0.138782,1.3863249
0.138784,1.3863249
0.138786,1.3863249
0.138788,1.3863249
0.13879,1.3863249
0.138792,1.3863249
0.138794,1.3863249
0.138796,1.3863249
0.138798,1.3863249
0.1388,1.3863249
0.138802,1.3863249
0.138804,1.3863249
0.138806,0.4154663
0.138808,0.184309
0.13881,0.13807821
0.138812,0.13807821
0.138814,0.13807821
0.138816,0.13807821
0.138818,0.13807821
0.13881999,0.13807821
0.138822,0.13807821
0.138824,0.13807821
0.138826,0.13807821
0.138828,0.13807821
0.13883,0.091846466
0.138832,0.091846466
0.138834,0.091846466
0.138836,0.091846466
0.138838,0.091846466
0.13884,0.091846466
0.138842,0.091846466
0.138844,0.091846466
0.138846,0.091846466
0.138848,0.091846466
0.13885,0.091846466
0.138852,0.091846466
0.138854,0.091846466
0.138856,0.091846466
0.138858,0.091846466
0.13886,0.091846466
0.138862,0.091846466
0.138864,0.091846466
0.13886599,0.091846466
0.138868,0.091846466
0.13887,0.091846466
0.138872,0.091846466
0.138874,0.091846466
0.138876,0.091846466
0.138878,0.091846466
0.13888,0.091846466
0.138882,0.091846466
0.138884,0.091846466
0.138886,0.091846466
0.138888,0.091846466
0.13889,0.091846466
0.138892,0.091846466
0.138894,0.091846466
0.138896,0.091846466
0.138898,0.091846466
0.1389,0.091846466
0.138902,0.091846466
0.138904,0.091846466
0.138906,0.091846466
0.138908,0.091846466
0.13891,0.091846466
0.13891199,0.091846466
0.138914,0.091846466
0.138916,0.091846466
0.138918,0.091846466
0.13892,0.091846466
0.138922,0.091846466
0.138924,0.091846466
0.138926,0.091846466
0.138928,0.091846466
0.13893,0.091846466
0.138932,0.091846466
0.138934,0.091846466
0.138936,0.091846466
0.138938,0.091846466
0.13894,0.091846466
0.138942,0.091846466
0.138944,0.091846466
0.138946,0.091846466
0.138948,0.091846466
0.13895,0.091846466
0.138952,0.091846466
0.138954,0.091846466
0.138956,0.091846466
0.138958,0.091846466
0.13896,0.091846466
0.138962,0.091846466
0.138964,0.091846466
0.138966,0.091846466
0.138968,0.091846466
0.13897,0.091846466
0.138972,0.091846466
0.138974,0.091846466
0.138976,0.091846466
0.138978,0.091846466
0.13898,0.091846466
0.138982,0.091846466
0.138984,0.091846466
0.138986,0.091846466
0.138988,0.091846466
0.13899,0.091846466
0.138992,0.091846466
0.138994,0.091846466
0.138996,0.091846466
0.138998,0.091846466
0.139,0.091846466
0.139002,0.091846466
0.139004,0.091846466
0.139006,0.091846466
0.139008,0.091846466
0.13901,0.091846466
0.139012,0.091846466
0.139014,0.091846466
0.139016,0.091846466
0.139018,0.091846466
0.13902,0.091846466
0.139022,0.091846466
0.139024,0.091846466
0.139026,0.091846466
0.139028,0.091846466
0.13903,0.091846466
0.139032,0.091846466
0.139034,0.091846466
0.139036,0.091846466
0.139038,0.091846466
0.13904,0.091846466
0.139042,0.091846466
0.139044,0.091846466
0.139046,0.091846466
0.139048,0.091846466
0.13905,0.091846466
0.139052,0.091846466
0.139054,0.091846466
0.139056,0.091846466
0.139058,0.091846466
0.13906,0.091846466
0.139062,0.091846466
0.139064,0.091846466
0.139066,0.091846466
0.139068,0.091846466
0.13907,0.091846466
0.139072,0.091846466
0.139074,0.091846466
0.139076,0.091846466
0.139078,0.091846466
0.13908,0.091846466
0.139082,0.091846466
0.139084,0.091846466
0.139086,0.091846466
0.139088,0.091846466
0.13909,0.091846466
0.139092,0.091846466
0.139094,0.091846466
0.139096,0.091846466
0.139098,0.091846466
0.1391,0.091846466
0.139102,0.091846466
0.139104,0.091846466
0.139106,0.091846466
0.139108,0.091846466
0.13911,0.091846466
0.139112,0.091846466
0.13911399,0.091846466
0.139116,0.091846466
0.139118,0.091846466
0.13912,0.091846466
0.139122,0.091846466
0.139124,0.091846466
0.139126,0.091846466
0.139128,0.091846466
0.13913,0.091846466
0.139132,0.091846466
0.139134,0.091846466
0.139136,0.091846466
0.139138,0.091846466
0.13914,0.091846466
0.139142,0.091846466
0.139144,0.091846466
0.139146,0.091846466
0.139148,0.091846466
0.13915,0.091846466
0.139152,0.091846466
0.139154,0.091846466
0.139156,0.091846466
0.139158,0.091846466
0.13915999,0.091846466
0.139162,0.091846466
0.139164,0.091846466
0.139166,0.091846466
0.139168,0.091846466
0.13917,0.091846466
0.139172,0.091846466
0.139174,0.091846466
0.139176,0.091846466
0.139178,0.091846466
0.13918,0.091846466
0.139182,0.091846466
0.139184,0.091846466
0.139186,0.091846466
0.139188,0.091846466
0.13919,0.091846466
0.139192,0.091846466
0.139194,0.091846466
0.139196,0.091846466
0.139198,0.091846466
0.1392,0.091846466
0.139202,0.091846466
0.139204,0.091846466
0.13920599,0.091846466
0.139208,0.091846466
0.13921,0.091846466
0.139212,0.091846466
0.139214,0.091846466
0.139216,0.091846466
0.139218,0.091846466
0.13922,0.091846466
0.139222,0.091846466
0.139224,0.091846466
0.139226,0.091846466
0.139228,0.091846466
0.13923,0.091846466
0.139232,0.091846466
0.139234,0.091846466
0.139236,0.091846466
0.139238,0.091846466
0.13924,0.091846466
0.139242,0.091846466
0.139244,0.091846466
0.139246,0.091846466
0.139248,0.091846466
0.13925,0.091846466
0.139252,0.091846466
0.139254,0.091846466
0.139256,0.091846466
0.139258,0.091846466
0.13926,0.091846466
0.139262,0.091846466
0.139264,0.091846466
0.139266,0.091846466
0.139268,0.091846466
0.13927,0.091846466
0.139272,0.091846466
0.139274,0.091846466
0.139276,0.091846466
0.139278,0.091846466
0.13928,0.091846466
0.139282,0.091846466
0.139284,0.091846466
0.139286,0.091846466
0.139288,0.091846466
0.13929,0.091846466
0.139292,0.091846466
0.139294,0.091846466
0.139296,0.091846466
0.139298,0.091846466
0.1393,0.091846466
0.139302,0.091846466
0.139304,0.091846466
0.139306,0.091846466
0.139308,0.091846466
0.13931,0.091846466
0.139312,0.091846466
0.139314,0.091846466
0.139316,0.091846466
0.139318,0.091846466
0.13932,0.091846466
0.139322,0.091846466
0.139324,0.091846466
0.139326,0.091846466
0.139328,0.091846466
0.13933,0.091846466
0.139332,0.091846466
0.139334,0.091846466
0.139336,0.091846466
0.139338,0.091846466
0.13934,0.091846466
0.139342,0.091846466
0.139344,0.091846466
0.139346,0.091846466
0.139348,0.091846466
0.13935,0.091846466
0.139352,0.091846466
0.139354,0.091846466
0.139356,0.091846466
0.139358,0.091846466
0.13936,0.091846466
0.13936199,0.091846466
0.139364,0.091846466
0.139366,0.091846466
0.139368,0.091846466
0.13937,0.091846466
0.139372,0.091846466
0.139374,0.091846466
0.139376,0.091846466
0.139378,0.091846466
0.13938,0.091846466
0.139382,0.091846466
0.139384,0.091846466
0.139386,0.091846466
0.139388,0.091846466
0.13939,0.091846466
0.139392,0.091846466
0.139394,0.091846466
0.139396,0.091846466
0.139398,0.091846466
0.1394,0.091846466
0.139402,0.091846466
0.139404,0.091846466
0.139406,0.091846466
0.13940799,0.091846466
0.13941,0.091846466
0.139412,0.091846466
0.139414,0.091846466
0.139416,0.091846466
0.139418,0.091846466
0.13942,0.091846466
0.139422,0.091846466
0.139424,0.091846466
0.139426,0.091846466
0.139428,0.091846466
0.13943,0.091846466
0.139432,0.091846466
0.139434,0.091846466
0.139436,0.091846466
0.139438,0.091846466
0.13944,0.091846466
0.139442,0.091846466
0.139444,0.091846466
0.139446,0.091846466
0.139448,0.091846466
0.13945,0.091846466
0.139452,0.091846466
0.13945399,0.091846466
0.139456,0.091846466
0.139458,0.091846466
0.13946,0.091846466
0.139462,0.091846466
0.139464,0.091846466
0.139466,0.091846466
0.139468,0.091846466
0.13947,0.091846466
0.139472,0.091846466
0.139474,0.091846466
0.139476,0.091846466
0.139478,0.091846466
0.13948,0.091846466
0.139482,0.091846466
0.139484,0.091846466
0.139486,0.091846466
0.139488,0.091846466
0.13949,0.091846466
0.139492,0.091846466
0.139494,0.091846466
0.139496,0.091846466
0.139498,0.091846466
0.1395,0.091846466
0.139502,0.091846466
0.139504,0.091846466
0.139506,0.091846466
0.139508,0.091846466
0.13951,0.091846466
0.139512,0.091846466
0.139514,0.091846466
0.139516,0.091846466
0.139518,0.091846466
0.13952,0.091846466
0.139522,0.091846466
0.139524,0.091846466
0.139526,0.091846466
0.139528,0.091846466
0.13953,0.091846466
0.139532,0.091846466
0.139534,0.091846466
0.139536,0.091846466
0.139538,0.091846466
0.13954,0.091846466
0.139542,0.091846466
0.139544,0.091846466
0.139546,0.091846466
0.139548,0.091846466
0.13955,0.091846466
0.139552,0.091846466
0.139554,0.091846466
0.139556,0.091846466
0.139558,0.091846466
0.13956,0.091846466
0.139562,0.091846466
0.139564,0.091846466
0.139566,0.091846466
0.139568,0.091846466
0.13957,0.091846466
0.139572,0.091846466
0.139574,0.091846466
0.139576,0.091846466
0.139578,0.091846466
0.13958,0.091846466
0.139582,0.091846466
0.139584,0.091846466
0.139586,0.091846466
0.139588,0.091846466
0.13959,0.091846466
0.139592,0.091846466
0.139594,0.091846466
0.139596,0.091846466
0.139598,0.091846466
0.1396,0.091846466
0.139602,0.091846466
0.139604,0.091846466
0.139606,0.091846466
0.139608,0.091846466
0.13960999,0.091846466
0.139612,0.091846466
0.139614,0.091846466
0.139616,0.091846466
0.139618,0.091846466
0.13962,0.091846466
0.139622,0.6928544
0.139624,1.3400936
0.139626,1.3400936
0.139628,1.3400936
0.13963,1.3863249
0.139632,1.3863249
0.139634,1.3863249
0.139636,1.3863249
0.139638,1.3863249
0.13964,1.3863249
0.139642,1.3863249
0.139644,1.3863249
0.139646,1.3863249
0.139648,1.3863249
0.13965,1.3863249
0.139652,1.3863249
0.139654,1.3863249
0.13965599,1.3863249
0.139658,1.3863249
0.13966,1.3863249
0.139662,1.3863249
0.139664,1.3863249
0.139666,1.3863249
0.139668,1.3863249
0.13967,1.3863249
0.139672,1.3863249
0.139674,1.3863249
0.139676,1.3863249
0.139678,1.3863249
0.13968,1.3863249
0.139682,1.3863249
0.139684,1.3863249
0.139686,1.3863249
0.139688,1.3863249
0.13969,1.3863249
0.139692,1.3863249
0.139694,1.3863249
0.139696,1.3863249
0.139698,1.3863249
0.1397,1.3863249
0.13970199,1.3863249
0.139704,1.3863249
0.139706,1.3863249
0.139708,1.3863249
0.13971,1.3863249
0.139712,1.3863249
0.139714,1.3863249
0.139716,1.3863249
0.139718,1.3863249
0.13972,1.3863249
0.139722,1.3863249
0.139724,1.3863249
0.139726,1.3863249
0.139728,1.3863249
0.13973,1.3863249
0.139732,1.3863249
0.139734,1.3863249
0.139736,1.3863249
0.139738,1.3863249
0.13974,1.3863249
0.139742,1.3863249
0.139744,1.3863249
0.139746,1.3863249
0.139748,1.3863249
0.13975,1.3863249
0.139752,1.3863249
0.139754,1.3863249
0.139756,1.3863249
0.139758,1.3863249
0.13976,1.3863249
0.139762,1.3863249
0.139764,1.3863249
0.139766,1.3863249
0.139768,1.3863249
0.13977,1.3863249
0.139772,1.3863249
0.139774,1.3863249
0.139776,1.3863249
0.139778,1.3863249
0.13978,1.3863249
0.139782,1.3863249
0.139784,1.3863249
0.139786,1.3863249
0.139788,1.3863249
0.13979,1.3863249
0.139792,1.3863249
0.139794,1.3863249
0.139796,1.3863249
0.139798,1.3863249
0.1398,1.3863249
0.139802,1.3863249
0.139804,1.3863249
0.139806,1.3863249
0.139808,1.3863249
0.13981,1.3863249
0.139812,1.3863249
0.139814,1.3863249
0.139816,1.3863249
0.139818,1.3863249
0.13982,1.3863249
0.139822,1.3863249
0.139824,1.3863249
0.139826,1.3863249
0.139828,1.3863249
0.13983,1.3863249
0.139832,1.3863249
0.139834,1.3863249
0.139836,1.3863249
0.139838,1.3863249
0.13984,1.3863249
0.139842,1.3863249
0.139844,1.3863249
0.139846,1.3863249
0.139848,1.3863249
0.13985,1.3863249
0.139852,1.3863249
0.139854,1.3863249
0.139856,1.3863249
0.13985799,1.3863249
0.13986,1.3863249
0.139862,1.3863249
0.139864,1.3863249
0.139866,1.3863249
0.139868,1.3863249
0.13987,1.3863249
0.139872,1.3863249
0.139874,1.3863249
0.139876,1.3863249
0.139878,1.3863249
0.13988,1.3863249
0.139882,1.3863249
0.139884,1.3863249
0.139886,1.3863249
0.139888,1.3863249
0.13989,1.3863249
0.139892,1.3863249
0.139894,1.3863249
0.139896,1.3863249
0.139898,1.3863249
0.1399,1.3863249
0.139902,1.3863249
0.13990399,1.3863249
0.139906,1.3863249
0.139908,1.3863249
0.13991,1.3863249
0.139912,1.3863249
0.139914,1.3863249
0.139916,1.3863249
0.139918,1.3863249
0.13992,1.3863249
0.139922,1.3863249
0.139924,1.3863249
0.139926,1.3863249
0.139928,1.3863249
0.13993,1.3863249
0.139932,1.3863249
0.139934,1.3863249
0.139936,1.3863249
0.139938,1.3863249
0.13994,1.3863249
0.139942,1.3863249
0.139944,1.3863249
0.139946,1.3863249
0.139948,1.3863249
0.13994999,1.3863249
0.139952,1.3863249
0.139954,1.3863249
0.139956,1.3863249
0.139958,1.3863249
0.13996,1.3863249
0.139962,1.3863249
0.139964,1.3863249
0.139966,1.3863249
0.139968,1.3863249
0.13997,1.3863249
0.139972,1.3863249
0.139974,1.3863249
0.139976,1.3863249
0.139978,1.3863249
0.13998,1.3863249
0.139982,1.3863249
0.139984,1.3863249
0.139986,1.3863249
0.139988,1.3863249
0.13999,1.3863249
0.139992,1.3863249
0.139994,1.3863249
0.139996,1.3863249
0.139998,1.3863249
0.14,1.3863249
0.140002,1.3863249
0.140004,2.5883412
0.140006,2.6345725
0.140008,2.6345725
0.14001,2.6345725
0.140012,2.6345725
0.140014,2.6345725
0.140016,2.6345725
0.140018,2.6808028
0.14002,2.6345725
0.140022,2.6808028
0.140024,2.6808028
0.140026,2.6808028
0.140028,2.6808028
0.14003,2.6808028
0.140032,2.6808028
0.140034,2.6808028
0.140036,2.6808028
0.140038,2.6808028
0.14004,2.6808028
0.140042,2.6808028
0.140044,2.6808028
0.140046,2.6808028
0.140048,2.6808028
0.14005,2.6808028
0.140052,2.6808028
0.140054,2.6808028
0.140056,2.6808028
0.140058,2.6808028
0.14006,2.6808028
0.140062,2.6808028
0.140064,2.6808028
0.140066,2.6808028
0.140068,2.6808028
0.14007,2.6808028
0.140072,2.6808028
0.140074,2.6808028
0.140076,2.6808028
0.140078,2.6808028
0.14008,2.6808028
0.140082,2.6808028
0.140084,2.6808028
0.140086,2.6808028
0.140088,2.6808028
0.14009,2.6808028
0.140092,2.6808028
0.140094,2.6808028
0.140096,2.6808028
0.140098,2.6808028
0.1401,2.6808028
0.140102,2.6808028
0.140104,2.6808028
0.140106,2.6808028
0.140108,2.6808028
0.14011,2.6808028
0.140112,2.6808028
0.140114,2.6808028
0.140116,2.6808028
0.140118,2.6808028
0.14012,2.6808028
0.140122,2.6808028
0.140124,2.6808028
0.140126,2.6808028
0.140128,2.6808028
0.14013,2.6808028
0.140132,2.6808028
0.140134,2.6808028
0.140136,2.6808028
0.140138,2.6808028
0.14014,2.6808028
0.140142,2.6808028
0.140144,2.6808028
0.140146,2.6808028
0.140148,2.6808028
0.14015,2.6808028
0.14015199,2.6808028
0.140154,2.6808028
0.140156,2.6808028
0.140158,2.6808028
0.14016,2.6808028
0.140162,2.6808028
0.140164,2.6808028
0.140166,2.6808028
0.140168,2.6808028
0.14017,2.6808028
0.140172,2.6808028
0.140174,2.6808028
0.140176,2.6808028
0.140178,2.6808028
0.14018,2.6808028
0.140182,2.6808028
0.140184,2.6808028
0.140186,2.6808028
0.140188,2.6808028
0.14019,2.6808028
0.140192,2.6808028
0.140194,2.6808028
0.140196,2.6808028
0.14019799,2.6808028
0.1402,2.6808028
0.140202,2.6808028
0.140204,2.6808028
0.140206,2.6808028
0.140208,2.6808028
0.14021,2.6808028
0.140212,2.6808028
0.140214,2.6808028
0.140216,2.6808028
0.140218,2.6808028
0.14022,2.6808028
0.140222,2.6808028
0.140224,2.6808028
0.140226,2.6808028
0.140228,2.6808028
0.14023,2.6808028
0.140232,2.6808028
0.140234,2.6808028
0.140236,2.6808028
0.140238,2.6808028
0.14024,2.6808028
0.140242,2.6808028
0.14024399,2.6808028
0.140246,2.6808028
0.140248,2.6808028
0.14025,2.6808028
0.140252,2.6808028
0.140254,2.6808028
0.140256,2.6808028
0.140258,2.6808028
0.14026,2.6808028
0.140262,2.6808028
0.140264,2.6808028
0.140266,2.6808028
0.140268,2.6808028
0.14027,2.6808028
0.140272,2.6808028
0.140274,2.6808028
0.140276,2.6808028
0.140278,2.6808028
0.14028,2.6808028
0.140282,2.6808028
0.140284,2.6808028
0.140286,2.6808028
0.140288,2.6808028
0.14029,2.6808028
0.140292,2.6808028
0.140294,2.6808028
0.140296,2.6808028
0.140298,2.6808028
0.1403,2.6808028
0.140302,2.6808028
0.140304,2.6808028
0.140306,2.6808028
0.140308,2.6808028
0.14031,2.6808028
0.140312,2.6808028
0.140314,2.6808028
0.140316,2.6808028
0.140318,2.6808028
0.14032,2.6808028
0.140322,2.6808028
0.140324,2.6808028
0.140326,2.6808028
0.140328,2.6808028
0.14033,3.6978936
0.140332,3.92905
0.140334,3.92905
0.140336,3.92905
0.140338,3.9752812
0.14034,3.9752812
0.140342,3.9752812
0.140344,3.9752812
0.140346,3.9752812
0.140348,3.9752812
0.14035,3.9752812
0.140352,3.9752812
0.140354,3.9752812
0.140356,3.9752812
0.140358,3.9752812
0.14036,3.9752812
0.140362,3.9752812
0.140364,3.9752812
0.140366,3.9752812
0.140368,3.9752812
0.14037,3.9752812
0.140372,3.9752812
0.140374,3.9752812
0.140376,3.9752812
0.140378,3.9752812
0.14038,3.9752812
0.140382,3.9752812
0.140384,3.9752812
0.140386,3.9752812
0.140388,3.9752812
0.14039,3.9752812
0.140392,3.9752812
0.140394,3.9752812
0.140396,3.9752812
0.140398,3.9752812
0.14039999,3.9752812
0.140402,3.9752812
0.140404,3.9752812
0.140406,3.9752812
0.140408,3.9752812
0.14041,3.9752812
0.140412,3.9752812
0.140414,3.9752812
0.140416,3.9752812
0.140418,3.9752812
0.14042,3.9752812
0.140422,3.9752812
0.140424,3.9752812
0.140426,3.9752812
0.140428,3.9752812
0.14043,3.9752812
0.140432,3.9752812
0.140434,3.9752812
0.140436,3.9752812
0.140438,3.9752812
0.14044,3.9752812
0.140442,3.9752812
0.140444,3.9752812
0.14044599,3.9752812
0.140448,3.9752812
0.14045,3.9752812
0.140452,3.9752812
0.140454,3.9752812
0.140456,3.9752812
0.140458,3.9752812
0.14046,3.9752812
0.140462,3.9752812
0.140464,3.9752812
0.140466,3.9752812
0.140468,3.9752812
0.14047,3.9752812
0.140472,3.9752812
0.140474,3.9752812
0.140476,3.9752812
0.140478,3.9752812
0.14048,3.9752812
0.140482,3.9752812
0.140484,3.9752812
0.140486,3.9752812
0.140488,3.9752812
0.14049,3.9752812
0.14049199,3.9752812
0.140494,3.9752812
0.140496,3.9752812
0.140498,3.9752812
0.1405,3.9752812
0.140502,3.9752812
0.140504,3.9752812
0.140506,3.9752812
0.140508,3.9752812
0.14051,3.9752812
0.140512,3.9752812
0.140514,3.9752812
0.140516,3.9752812
0.140518,3.9752812
0.14052,3.9752812
0.140522,3.9752812
0.140524,3.9752812
0.140526,3.9752812
0.140528,3.9752812
0.14053,3.9752812
0.140532,3.9752812
0.140534,3.9752812
0.140536,3.9752812
0.140538,3.9752812
0.14054,3.9752812
0.140542,3.9752812
0.140544,3.9752812
0.140546,3.9752812
0.140548,3.9752812
0.14055,3.9752812
0.140552,3.9752812
0.140554,3.9752812
0.140556,3.9752812
0.140558,3.9752812
0.14056,3.9752812
0.140562,3.9752812
0.140564,3.9752812
0.140566,3.9752812
0.140568,3.9752812
0.14057,3.9752812
0.140572,3.9752812
0.140574,3.9752812
0.140576,3.9752812
0.140578,3.9752812
0.14058,3.9752812
0.140582,3.9752812
0.140584,3.9752812
0.140586,3.9752812
0.140588,3.9752812
0.14059,3.9752812
0.140592,3.9752812
0.140594,3.9752812
0.140596,3.9752812
0.140598,3.9752812
0.1406,3.9752812
0.140602,3.9752812
0.140604,3.9752812
0.140606,3.9752812
0.140608,3.9752812
0.14061,3.9752812
0.140612,3.9752812
0.140614,3.9752812
0.140616,3.9752812
0.140618,3.9752812
0.14062,3.9752812
0.140622,3.9752812
0.140624,3.9752812
0.140626,3.9752812
0.140628,3.9752812
0.14063,3.9752812
0.140632,3.9752812
0.140634,3.9752812
0.140636,3.9752812
0.140638,3.9752812
0.14064,3.9752812
0.140642,3.9752812
0.140644,3.9752812
0.140646,3.9752812
0.14064799,3.9752812
0.14065,3.9752812
0.140652,3.9752812
0.140654,3.9752812
0.140656,3.9752812
0.140658,3.9752812
0.14066,3.9752812
0.140662,3.9752812
0.140664,3.9752812
0.140666,3.9752812
0.140668,3.9752812
0.14067,3.9752812
0.140672,3.9752812
0.140674,3.9752812
0.140676,3.9752812
0.140678,3.9752812
0.14068,3.9752812
0.140682,3.9752812
0.140684,3.9752812
0.140686,3.9752812
0.140688,3.9752812
0.14069,3.9752812
0.140692,3.9752812
0.14069399,3.9752812
0.140696,3.9752812
0.140698,3.9752812
0.1407,3.9752812
0.140702,3.9752812
0.140704,3.9752812
0.140706,3.9752812
0.140708,3.9752812
0.14071,3.9752812
0.140712,3.9752812
0.140714,3.9752812
0.140716,3.9752812
0.140718,3.9752812
0.14072,3.9752812
0.140722,3.9752812
0.140724,3.9752812
0.140726,3.9752812
0.140728,3.9752812
0.14073,3.9752812
0.140732,3.9752812
0.140734,3.9752812
0.140736,3.9752812
0.140738,3.9752812
0.14073999,3.9752812
0.140742,3.9752812
0.140744,3.9752812
0.140746,3.9752812
0.140748,3.9752812
0.14075,3.9752812
0.140752,3.9752812
0.140754,3.9752812
0.140756,3.9752812
0.140758,3.9752812
0.14076,3.9752812
0.140762,3.9752812
0.140764,3.9752812
0.140766,3.9752812
0.140768,3.9752812
0.14077,3.9752812
0.140772,3.9752812
0.140774,3.9752812
0.140776,3.9752812
0.140778,3.9752812
0.14078,3.9752812
0.140782,3.9752812
0.140784,3.9752812
0.140786,3.9752812
0.140788,3.9752812
0.14079,3.9752812
0.140792,3.9752812
0.140794,3.9752812
0.140796,3.9752812
0.140798,3.9752812
0.1408,3.9752812
0.140802,3.9752812
0.140804,3.9752812
0.140806,3.9752812
0.140808,3.9752812
0.14081,3.9752812
0.140812,3.9752812
0.140814,3.9752812
0.140816,3.9752812
0.140818,3.9752812
0.14082,3.9752812
0.140822,3.9752812
0.140824,3.9752812
0.140826,3.9752812
0.140828,3.9752812
0.14083,3.9752812
0.140832,3.9752812
0.140834,3.9752812
0.140836,3.9752812
0.140838,3.9752812
0.14084,3.9752812
0.140842,3.9752812
0.140844,3.9752812
0.140846,3.9752812
0.140848,3.9752812
0.14085,3.9752812
0.140852,3.9752812
0.140854,3.9752812
0.140856,3.9752812
0.140858,3.9752812
0.14086,3.9752812
0.140862,3.9752812
0.140864,3.9752812
0.140866,3.9752812
0.140868,3.9752812
0.14087,3.9752812
0.140872,3.9752812
0.140874,3.9752812
0.140876,3.9752812
0.140878,3.9752812
0.14088,3.9752812
0.140882,3.9752812
0.140884,3.9752812
0.140886,3.9752812
0.140888,3.9752812
0.14089,3.9752812
0.140892,3.9752812
0.140894,3.9752812
0.14089599,3.9752812
0.140898,3.9752812
0.1409,3.9752812
0.140902,3.9752812
0.140904,3.9752812
0.140906,3.9752812
0.140908,3.9752812
0.14091,3.9752812
0.140912,3.9752812
0.140914,3.9752812
0.140916,3.9752812
0.140918,3.9752812
0.14092,3.9752812
0.140922,3.9752812
0.140924,3.9752812
0.140926,3.9752812
0.140928,3.9752812
0.14093,3.9752812
0.140932,3.9752812
0.140934,3.9752812
0.140936,3.9752812
0.140938,3.9752812
0.14094,3.9752812
0.14094199,3.9752812
0.140944,3.9752812
0.140946,3.9752812
0.140948,3.9752812
0.14095,3.9752812
0.140952,3.9752812
0.140954,3.9752812
0.140956,3.9752812
0.140958,3.9752812
0.14096,3.9752812
0.140962,3.9752812
0.140964,3.9752812
0.140966,3.9752812
0.140968,3.9752812
0.14097,3.9752812
0.140972,3.9752812
0.140974,3.9752812
0.140976,3.9752812
0.140978,3.9752812
0.14098,3.9752812
0.140982,3.9752812
0.140984,3.9752812
0.140986,3.9752812
0.14098799,3.9752812
0.14099,3.9752812
0.140992,3.9752812
0.140994,3.9752812
0.140996,3.9752812
0.140998,3.9752812
0.141,3.9752812
0.141002,3.9752812
0.141004,3.9752812
0.141006,3.9752812
0.141008,3.9752812
0.14101,3.9752812
0.141012,3.9752812
0.141014,3.9752812
0.141016,3.9752812
0.141018,3.9752812
0.14102,3.9752812
0.141022,3.9752812
0.141024,3.9752812
0.141026,3.9752812
0.141028,3.9752812
0.14103,3.9752812
0.141032,3.9752812
0.141034,3.9752812
0.141036,3.9752812
0.141038,3.9752812
0.14104,3.9752812
0.141042,3.9752812
0.141044,3.9752812
0.141046,3.9752812
0.141048,3.9752812
0.14105,3.9752812
0.141052,3.9752812
0.141054,3.9752812
0.141056,3.9752812
0.141058,3.9752812
0.14106,3.9752812
0.141062,3.9752812
0.141064,3.9752812
0.141066,3.9752812
0.141068,3.9752812
0.14107,3.9752812
0.141072,3.9752812
0.141074,3.9752812
0.141076,3.9752812
0.141078,3.9752812
0.14108,3.9752812
0.141082,3.9752812
0.141084,3.9752812
0.141086,3.9752812
0.141088,3.9752812
0.14109,3.9752812
0.141092,3.9752812
0.141094,3.9752812
0.141096,3.9752812
0.141098,3.9752812
0.1411,3.9752812
0.141102,3.9752812
0.141104,3.9752812
0.141106,3.9752812
0.141108,3.9752812
0.14111,3.9752812
0.141112,3.9752812
0.141114,3.9752812
0.141116,3.9752812
0.141118,3.9752812
0.14112,3.9752812
0.141122,3.9752812
0.141124,3.9752812
0.141126,3.9752812
0.141128,3.9752812
0.14113,3.9752812
0.141132,3.9752812
0.141134,3.9752812
0.141136,3.9752812
0.141138,3.9752812
0.14114,3.9752812
0.141142,3.9752812
0.14114399,3.9752812
0.141146,3.9752812
0.141148,3.9752812
0.14115,3.9752812
0.141152,3.9752812
0.141154,3.9752812
0.141156,3.9752812
0.141158,3.9752812
0.14116,3.9752812
0.141162,3.9752812
0.141164,3.9752812
0.141166,3.9752812
0.141168,3.9752812
0.14117,3.9752812
0.141172,3.9752812
0.141174,3.9752812
0.141176,3.9752812
0.141178,3.9752812
0.14118,3.9752812
0.141182,3.9752812
0.141184,3.9752812
0.141186,3.9752812
0.141188,3.9752812
0.14118999,3.9752812
0.141192,3.9752812
0.141194,3.9752812
0.141196,3.9752812
0.141198,3.9752812
0.1412,3.9752812
0.141202,3.9752812
0.141204,3.9752812
0.141206,3.9752812
0.141208,3.9752812
0.14121,3.9752812
0.141212,3.9752812
0.141214,3.9752812
0.141216,3.9752812
0.141218,3.9752812
0.14122,3.9752812
0.141222,3.9752812
0.141224,3.9752812
0.141226,3.9752812
0.141228,3.9752812
0.14123,3.9752812
0.141232,3.9752812
0.141234,3.9752812
0.14123599,3.9752812
0.141238,3.9752812
0.14124,3.9752812
0.141242,3.9752812
0.141244,3.9752812
0.141246,3.9752812
0.141248,3.9752812
0.14125,3.9752812
0.141252,3.9752812
0.141254,3.9752812
0.141256,3.9752812
0.141258,3.9752812
0.14126,3.9752812
0.141262,3.9752812
0.141264,3.9752812
0.141266,3.9752812
0.141268,3.9752812
0.14127,3.9752812
0.141272,3.9752812
0.141274,3.9752812
0.141276,3.9752812
0.141278,3.9752812
0.14128,3.9752812
0.14128199,3.9752812
0.141284,3.9752812
0.141286,3.9752812
0.141288,3.9752812
0.14129,3.9752812
0.141292,3.9752812
0.141294,3.9752812
0.141296,3.9752812
0.141298,3.9752812
0.1413,3.9752812
0.141302,3.9752812
0.141304,3.9752812
0.141306,3.9752812
0.141308,3.9752812
0.14131,3.9752812
0.141312,3.9752812
0.141314,3.9752812
0.141316,3.9752812
0.141318,3.9752812
0.14132,3.9752812
0.141322,3.9752812
0.141324,3.9752812
0.141326,3.9752812
0.141328,3.9752812
0.14133,3.9752812
0.141332,3.9752812
0.141334,3.9752812
0.141336,3.9752812
0.141338,3.9752812
0.14134,3.9752812
0.141342,3.9752812
0.141344,3.9752812
0.141346,3.9752812
0.141348,3.9752812
0.14135,3.9752812
0.141352,3.9752812
0.141354,3.9752812
0.141356,3.9752812
0.141358,3.9752812
0.14136,3.9752812
0.141362,3.9752812
0.141364,3.9752812
0.141366,3.9752812
0.141368,3.9752812
0.14137,3.9752812
0.141372,3.9752812
0.141374,3.9752812
0.141376,3.9752812
0.141378,3.9752812
0.14138,3.9752812
0.141382,3.9752812
0.141384,3.9752812
0.141386,3.9752812
0.141388,3.9752812
0.14139,3.9752812
0.141392,3.9752812
0.141394,3.9752812
0.141396,3.9752812
0.141398,3.9752812
0.1414,3.9752812
0.141402,3.9752812
0.141404,3.9752812
0.141406,3.9752812
0.141408,3.9752812
0.14141,3.9752812
0.141412,3.9752812
0.141414,3.9752812
0.141416,3.9752812
0.141418,3.9752812
0.14142,3.9752812
0.141422,3.9752812
0.141424,3.9752812
0.141426,3.9752812
0.141428,3.9752812
0.14143,3.9752812
0.141432,3.9752812
0.141434,3.9752812
0.141436,3.9752812
0.14143799,3.9752812
0.14144,3.9752812
0.141442,3.9752812
0.141444,3.9752812
0.141446,3.0044227
0.141448,2.727035
0.14145,2.727035
0.141452,2.727035
0.141454,2.727035
0.141456,2.727035
0.141458,2.727035
0.14146,2.727035
0.141462,2.727035
0.141464,2.727035
0.141466,2.6808028
0.141468,2.6808028
0.14147,2.6808028
0.141472,2.6808028
0.141474,2.6808028
0.141476,2.6808028
0.141478,2.6808028
0.14148,2.6808028
0.141482,2.6808028
0.14148399,2.6808028
0.141486,2.6808028
0.141488,2.6808028
0.14149,2.6808028
0.141492,2.6808028
0.141494,2.6808028
0.141496,2.6808028
0.141498,2.6808028
0.1415,2.6808028
0.141502,2.6808028
0.141504,2.6808028
0.141506,2.6808028
0.141508,2.6808028
0.14151,2.6808028
0.141512,2.6808028
0.141514,2.6808028
0.141516,2.6808028
0.141518,2.6808028
0.14152,2.6808028
0.141522,2.6808028
0.141524,2.6808028
0.141526,2.6808028
0.141528,2.6808028
0.14152999,2.6808028
0.141532,2.6808028
0.141534,2.6808028
0.141536,2.6808028
0.141538,2.6808028
0.14154,2.6808028
0.141542,2.6808028
0.141544,2.6808028
0.141546,2.6808028
0.141548,2.6808028
0.14155,2.6808028
0.141552,2.6808028
0.141554,2.6808028
0.141556,2.6808028
0.141558,2.6808028
0.14156,2.6808028
0.141562,2.6808028
0.141564,2.6808028
0.141566,2.6808028
0.141568,2.6808028
0.14157,2.6808028
0.141572,2.6808028
0.141574,2.6808028
0.141576,2.6808028
0.141578,2.6808028
0.14158,2.6808028
0.141582,2.6808028
0.141584,2.6808028
0.141586,2.6808028
0.141588,2.6808028
0.14159,2.6808028
0.141592,2.6808028
0.141594,2.6808028
0.141596,2.6808028
0.141598,2.6808028
0.1416,2.6808028
0.141602,2.6808028
0.141604,2.6808028
0.141606,2.6808028
0.141608,2.6808028
0.14161,2.6808028
0.141612,2.6808028
0.141614,2.6808028
0.141616,2.6808028
0.141618,2.6808028
0.14162,2.6808028
0.141622,2.6808028
0.141624,2.6808028
0.141626,2.6808028
0.141628,2.6808028
0.14163,2.6808028
0.141632,2.6808028
0.141634,2.6808028
0.141636,2.6808028
0.141638,2.6808028
0.14164,2.6808028
0.141642,2.6808028
0.141644,2.6808028
0.141646,2.6808028
0.141648,2.6808028
0.14165,2.6808028
0.141652,2.6808028
0.141654,2.6808028
0.141656,2.6808028
0.141658,2.6808028
0.14166,2.6808028
0.141662,2.6808028
0.141664,2.6808028
0.141666,2.6808028
0.141668,2.6808028
0.14167,2.6808028
0.141672,2.6808028
0.141674,2.6808028
0.141676,2.6808028
0.141678,2.6808028
0.14168,2.6808028
0.141682,2.6808028
0.141684,2.6808028
0.14168599,2.6808028
0.141688,2.6808028
0.14169,2.6808028
0.141692,2.6808028
0.141694,2.6808028
0.141696,2.6808028
0.141698,2.6808028
0.1417,2.6808028
0.141702,2.6808028
0.141704,2.6808028
0.141706,2.6808028
0.141708,2.6808028
0.14171,2.6808028
0.141712,2.6808028
0.141714,2.6808028
0.141716,2.6808028
0.141718,2.6808028
0.14172,2.6808028
0.141722,2.6808028
0.141724,2.6808028
0.141726,2.6808028
0.141728,2.6808028
0.14173,2.6808028
0.14173199,2.6808028
0.141734,2.6808028
0.141736,2.6808028
0.141738,2.6808028
0.14174,2.6808028
0.141742,2.6808028
0.141744,2.6808028
0.141746,2.6808028
0.141748,2.6808028
0.14175,2.6808028
0.141752,2.6808028
0.141754,2.6808028
0.141756,2.6808028
0.141758,2.6808028
0.14176,2.6808028
0.141762,2.6808028
0.141764,2.6808028
0.141766,2.6808028
0.141768,2.6808028
0.14177,2.6808028
0.141772,2.6808028
0.141774,2.6808028
0.141776,2.6808028
0.14177799,2.6808028
0.14178,2.6808028
0.141782,2.6808028
0.141784,2.6808028
0.141786,2.6808028
0.141788,2.6808028
0.14179,2.6808028
0.141792,2.6808028
0.141794,2.6808028
0.141796,2.6808028
0.141798,2.6808028
0.1418,1.5250192
0.141802,1.4325566
0.141804,1.4325566
0.141806,1.4325566
0.141808,1.4325566
0.14181,1.4325566
0.141812,1.4325566
0.141814,1.4325566
0.141816,1.4325566
0.141818,1.4325566
0.14182,1.4325566
0.141822,1.4325566
0.141824,1.4325566
0.141826,1.4325566
0.141828,1.4325566
0.14183,1.4325566
0.141832,1.4325566
0.141834,1.4325566
0.141836,1.4325566
0.141838,1.3863249
0.14184,1.4325566
0.141842,1.4325566
0.141844,1.3863249
0.141846,1.3863249
0.141848,1.3863249
0.14185,1.3863249
0.141852,1.3863249
0.141854,1.3863249
0.141856,1.3863249
0.141858,1.3863249
0.14186,1.3863249
0.141862,1.3863249
0.141864,1.3863249
0.141866,1.3863249
0.141868,1.3863249
0.14187,1.3863249
0.141872,1.3863249
0.141874,1.3863249
0.141876,1.3863249
0.141878,1.3863249
0.14188,1.3863249
0.141882,1.3863249
0.141884,1.3863249
0.141886,1.3863249
0.141888,1.3863249
0.14189,1.3863249
0.141892,1.3863249
0.141894,1.3863249
0.141896,1.3863249
0.141898,1.3863249
0.1419,1.3863249
0.141902,1.3863249
0.141904,1.3863249
0.141906,1.3863249
0.141908,1.3863249
0.14191,1.3863249
0.141912,1.3863249
0.141914,1.3863249
0.141916,1.3863249
0.141918,1.3863249
0.14192,1.3863249
0.141922,1.3863249
0.141924,1.3863249
0.141926,1.3863249
0.141928,1.3863249
0.14193,1.3863249
0.141932,1.3863249
0.14193399,1.3863249
0.141936,1.3863249
0.141938,1.3863249
0.14194,1.3863249
0.141942,1.3863249
0.141944,1.3863249
0.141946,1.3863249
0.141948,1.3863249
0.14195,1.3863249
0.141952,1.3863249
0.141954,1.3863249
0.141956,1.3863249
0.141958,1.3863249
0.14196,1.3863249
0.141962,1.3863249
0.141964,1.3863249
0.141966,1.3863249
0.141968,1.3863249
0.14197,1.3863249
0.141972,1.3863249
0.141974,1.3863249
0.141976,1.3863249
0.141978,1.3863249
0.14197999,1.3863249
0.141982,1.3863249
0.141984,1.3863249
0.141986,1.3863249
0.141988,1.3863249
0.14199,1.3863249
0.141992,1.3863249
0.141994,1.3863249
0.141996,1.3863249
0.141998,1.3863249
0.142,1.3863249
0.142002,1.3863249
0.142004,1.3863249
0.142006,1.3863249
0.142008,1.3863249
0.14201,1.3863249
0.142012,1.3863249
0.142014,1.3863249
0.142016,1.3863249
0.142018,1.3863249
0.14202,1.3863249
0.142022,1.3863249
0.142024,1.3863249
0.14202599,1.3863249
0.142028,1.3863249
0.14203,1.3863249
0.142032,1.3863249
0.142034,1.3863249
0.142036,1.3863249
0.142038,1.3863249
0.14204,1.3863249
0.142042,1.3863249
0.142044,1.3863249
0.142046,1.3863249
0.142048,1.3863249
0.14205,1.3863249
0.142052,1.3863249
0.142054,1.3863249
0.142056,1.3863249
0.142058,1.3863249
0.14206,1.3863249
0.142062,1.3863249
0.142064,1.3863249
0.142066,1.3863249
0.142068,1.3863249
0.14207,1.3863249
0.142072,1.3863249
0.142074,1.3863249
0.142076,1.3863249
0.142078,1.3863249
0.14208,1.3863249
0.142082,1.3863249
0.142084,1.3863249
0.142086,1.3863249
0.142088,1.3863249
0.14209,1.3863249
0.142092,1.3863249
0.142094,1.3863249
0.142096,1.3863249
0.142098,1.3863249
0.1421,1.3863249
0.142102,1.3863249
0.142104,1.3863249
0.142106,1.3863249
0.142108,1.3863249
0.14211,1.3863249
0.142112,1.3863249
0.142114,1.3863249
0.142116,1.3863249
0.142118,1.3863249
0.14212,1.3863249
0.142122,1.3863249
0.142124,1.3863249
0.142126,1.3863249
0.142128,1.3863249
0.14213,1.3863249
0.142132,1.3863249
0.142134,1.3863249
0.142136,1.3863249
0.142138,1.3863249
0.14214,1.3863249
0.142142,1.3863249
0.142144,1.3863249
0.142146,1.3863249
0.142148,1.3863249
0.14215,1.3863249
0.142152,1.3863249
0.142154,0.23054075
0.142156,0.13807821
0.142158,0.13807821
0.14216,0.13807821
0.142162,0.13807821
0.142164,0.13807821
0.142166,0.13807821
0.142168,0.13807821
0.14217,0.13807821
0.142172,0.13807821
0.142174,0.13807821
0.142176,0.091846466
0.142178,0.091846466
0.14218,0.091846466
0.14218199,0.091846466
0.142184,0.091846466
0.142186,0.091846466
0.142188,0.091846466
0.14219,0.091846466
0.142192,0.091846466
0.142194,0.091846466
0.142196,0.091846466
0.142198,0.091846466
0.1422,0.091846466
0.142202,0.091846466
0.142204,0.091846466
0.142206,0.091846466
0.142208,0.091846466
0.14221,0.091846466
0.142212,0.091846466
0.142214,0.091846466
0.142216,0.091846466
0.142218,0.091846466
0.14222,0.091846466
0.142222,0.091846466
0.142224,0.091846466
0.142226,0.091846466
0.14222799,0.091846466
0.14223,0.091846466
0.142232,0.091846466
0.142234,0.091846466
0.142236,0.091846466
0.142238,0.091846466
0.14224,0.091846466
0.142242,0.091846466
0.142244,0.091846466
0.142246,0.091846466
0.142248,0.091846466
0.14225,0.091846466
0.142252,0.091846466
0.142254,0.091846466
0.142256,0.091846466
0.142258,0.091846466
0.14226,0.091846466
0.142262,0.091846466
0.142264,0.091846466
0.142266,0.091846466
0.142268,0.091846466
0.14227,0.091846466
0.142272,0.091846466
0.14227399,0.091846466
0.142276,0.091846466
0.142278,0.091846466
0.14228,0.091846466
0.142282,0.091846466
0.142284,0.091846466
0.142286,0.091846466
0.142288,0.091846466
0.14229,0.091846466
0.142292,0.091846466
0.142294,0.091846466
0.142296,0.091846466
0.142298,0.091846466
0.1423,0.091846466
0.142302,0.091846466
0.142304,0.091846466
0.142306,0.091846466
0.142308,0.091846466
0.14231,0.091846466
0.142312,0.091846466
0.142314,0.091846466
0.142316,0.091846466
0.142318,0.091846466
0.14232,0.091846466
0.142322,0.091846466
0.142324,0.091846466
0.142326,0.091846466
0.142328,0.091846466
0.14233,0.091846466
0.142332,0.091846466
0.142334,0.091846466
0.142336,0.091846466
0.142338,0.091846466
0.14234,0.091846466
0.142342,0.091846466
0.142344,0.091846466
0.142346,0.091846466
0.142348,0.091846466
0.14235,0.091846466
0.142352,0.091846466
0.142354,0.091846466
0.142356,0.091846466
0.142358,0.091846466
0.14236,0.091846466
0.142362,0.091846466
0.142364,0.091846466
0.142366,0.091846466
0.142368,0.091846466
0.14237,0.091846466
0.142372,0.091846466
0.142374,0.091846466
0.142376,0.091846466
0.142378,0.091846466
0.14238,0.091846466
0.142382,0.091846466
0.142384,0.091846466
0.142386,0.091846466
0.142388,0.091846466
0.14239,0.091846466
0.142392,0.091846466
0.142394,0.091846466
0.142396,0.091846466
0.142398,0.091846466
0.1424,0.091846466
0.142402,0.091846466
0.142404,0.091846466
0.142406,0.091846466
0.142408,0.091846466
0.14241,0.091846466
0.142412,0.091846466
0.142414,0.091846466
0.142416,0.091846466
0.142418,0.091846466
0.14242,0.091846466
0.142422,0.091846466
0.142424,0.091846466
0.142426,0.091846466
0.142428,0.091846466
0.14243,0.091846466
0.142432,0.091846466
0.142434,0.091846466
0.142436,0.091846466
0.142438,0.091846466
0.14244,0.091846466
0.142442,0.091846466
0.142444,0.091846466
0.142446,0.091846466
0.142448,0.091846466
0.14245,0.091846466
0.142452,0.091846466
0.142454,0.091846466
0.142456,0.091846466
0.142458,0.091846466
0.14246,0.091846466
0.142462,0.091846466
0.142464,0.091846466
0.142466,0.091846466
0.142468,0.091846466
0.14247,0.091846466
0.142472,0.091846466
0.142474,0.091846466
0.14247599,0.091846466
0.142478,0.091846466
0.14248,0.091846466
0.142482,0.091846466
0.142484,0.091846466
0.142486,0.091846466
0.142488,0.091846466
0.14249,0.091846466
0.142492,0.091846466
0.142494,0.091846466
0.142496,0.091846466
0.142498,0.091846466
0.1425,0.091846466
0.142502,0.091846466
0.142504,0.091846466
0.142506,0.091846466
0.142508,0.091846466
0.14251,0.091846466
0.142512,0.091846466
0.142514,0.091846466
0.142516,0.091846466
0.142518,0.091846466
0.14252,0.091846466
0.14252199,0.091846466
0.142524,0.091846466
0.142526,0.091846466
0.142528,0.091846466
0.14253,0.091846466
0.142532,0.091846466
0.142534,0.091846466
0.142536,0.091846466
0.142538,0.091846466
0.14254,0.091846466
0.142542,0.091846466
0.142544,0.091846466
0.142546,0.091846466
0.142548,0.091846466
0.14255,0.091846466
0.142552,0.091846466
0.142554,0.091846466
0.142556,0.091846466
0.142558,0.091846466
0.14256,0.091846466
0.142562,0.091846466
0.142564,0.091846466
0.142566,0.091846466
0.14256799,0.091846466
0.14257,0.091846466
0.142572,0.091846466
0.142574,0.091846466
0.142576,0.091846466
0.142578,0.091846466
0.14258,0.091846466
0.142582,0.091846466
0.142584,0.091846466
0.142586,0.091846466
0.142588,0.091846466
0.14259,0.091846466
0.142592,0.091846466
0.142594,0.091846466
0.142596,0.091846466
0.142598,0.091846466
0.1426,0.091846466
0.142602,0.091846466
0.142604,0.091846466
0.142606,0.091846466
0.142608,0.091846466
0.14261,0.091846466
0.142612,0.091846466
0.142614,0.091846466
0.142616,0.091846466
0.142618,0.091846466
0.14262,0.091846466
0.142622,0.091846466
0.142624,0.091846466
0.142626,0.091846466
0.142628,0.091846466
0.14263,0.091846466
0.142632,0.091846466
0.142634,0.091846466
0.142636,0.091846466
0.142638,0.091846466
0.14264,0.091846466
0.142642,0.091846466
0.142644,0.091846466
0.142646,0.091846466
0.142648,0.091846466
0.14265,0.091846466
0.142652,0.091846466
0.142654,0.091846466
0.142656,0.091846466
0.142658,0.091846466
0.14266,0.091846466
0.142662,0.091846466
0.142664,0.091846466
0.142666,0.091846466
0.142668,0.091846466
0.14267,0.091846466
0.142672,0.091846466
0.142674,0.091846466
0.142676,0.091846466
0.142678,0.091846466
0.14268,0.091846466
0.142682,0.091846466
0.142684,0.091846466
0.142686,0.091846466
0.142688,0.091846466
0.14269,0.091846466
0.142692,0.091846466
0.142694,0.091846466
0.142696,0.091846466
0.142698,0.091846466
0.1427,0.091846466
0.142702,0.091846466
0.142704,0.091846466
0.142706,0.091846466
0.142708,0.091846466
0.14271,0.091846466
0.142712,0.091846466
0.142714,0.091846466
0.142716,0.091846466
0.142718,0.091846466
0.14272,0.091846466
0.142722,0.091846466
0.14272399,0.091846466
0.142726,0.091846466
0.142728,0.091846466
0.14273,0.091846466
0.142732,0.091846466
0.142734,0.091846466
0.142736,0.091846466
0.142738,0.091846466
0.14274,0.091846466
0.142742,0.091846466
0.142744,0.091846466
0.142746,0.091846466
0.142748,0.091846466
0.14275,0.091846466
0.142752,0.091846466
0.142754,0.091846466
0.142756,0.091846466
0.142758,0.091846466
0.14276,0.091846466
0.142762,0.091846466
0.142764,0.091846466
0.142766,0.091846466
0.142768,0.091846466
0.14276999,0.091846466
0.142772,0.091846466
0.142774,0.091846466
0.142776,0.091846466
0.142778,0.091846466
0.14278,0.091846466
0.142782,0.091846466
0.142784,0.091846466
0.142786,0.091846466
0.142788,0.091846466
0.14279,0.091846466
0.142792,0.091846466
0.142794,0.091846466
0.142796,0.091846466
0.142798,0.091846466
0.1428,0.091846466
0.142802,0.091846466
0.142804,0.091846466
0.142806,0.091846466
0.142808,0.091846466
0.14281,0.091846466
0.142812,0.091846466
0.142814,0.091846466
0.14281599,0.091846466
0.142818,0.091846466
0.14282,0.091846466
0.142822,0.091846466
0.142824,0.091846466
0.142826,0.091846466
0.142828,0.091846466
0.14283,0.091846466
0.142832,0.091846466
0.142834,0.091846466
0.142836,0.091846466
0.142838,0.091846466
0.14284,0.091846466
0.142842,0.091846466
0.142844,0.091846466
0.142846,0.091846466
0.142848,0.091846466
0.14285,0.091846466
0.142852,0.091846466
0.142854,0.091846466
0.142856,0.091846466
0.142858,0.091846466
0.14286,0.091846466
0.142862,0.091846466
0.142864,0.091846466
0.142866,0.091846466
0.142868,0.091846466
0.14287,0.091846466
0.142872,0.091846466
0.142874,0.091846466
0.142876,0.091846466
0.142878,0.091846466
0.14288,0.091846466
0.142882,0.091846466
0.142884,0.091846466
0.142886,0.091846466
0.142888,0.091846466
0.14289,0.091846466
0.142892,0.091846466
0.142894,0.091846466
0.142896,0.091846466
0.142898,0.091846466
0.1429,0.091846466
0.142902,0.091846466
0.142904,0.091846466
0.142906,0.091846466
0.142908,0.091846466
0.14291,0.091846466
0.142912,0.091846466
0.142914,0.091846466
0.142916,0.091846466
0.142918,0.091846466
0.14292,0.091846466
0.142922,0.091846466
0.142924,0.091846466
0.142926,0.091846466
0.142928,0.091846466
0.14293,0.091846466
0.142932,0.091846466
0.142934,0.091846466
0.142936,0.091846466
0.142938,0.091846466
0.14294,0.091846466
0.142942,0.091846466
0.142944,0.091846466
0.142946,0.091846466
0.142948,0.091846466
0.14295,0.091846466
0.142952,0.091846466
0.142954,0.091846466
0.142956,0.091846466
0.142958,0.091846466
0.14296,0.091846466
0.142962,0.091846466
0.142964,0.091846466
0.142966,0.091846466
0.142968,0.091846466
0.14297,1.0627055
0.14297199,1.3863249
0.142974,1.3400936
0.142976,1.3863249
0.142978,1.3863249
0.14298,1.3863249
0.142982,1.3863249
0.142984,1.3863249
0.142986,1.3863249
0.142988,1.3863249
0.14299,1.3863249
0.142992,1.3863249
0.142994,1.3863249
0.142996,1.3863249
0.142998,1.3863249
0.143,1.3863249
0.143002,1.3863249
0.143004,1.3863249
0.143006,1.3863249
0.143008,1.3863249
0.14301,1.3863249
0.143012,1.3863249
0.143014,1.3863249
0.143016,1.3863249
0.14301799,1.3863249
0.14302,1.3863249
0.143022,1.3863249
0.143024,1.3863249
0.143026,1.3863249
0.143028,1.3863249
0.14303,1.3863249
0.143032,1.3863249
0.143034,1.3863249
0.143036,1.3863249
0.143038,1.3863249
0.14304,1.3863249
0.143042,1.3863249
0.143044,1.3863249
0.143046,1.3863249
0.143048,1.3863249
0.14305,1.3863249
0.143052,1.3863249
0.143054,1.3863249
0.143056,1.3863249
0.143058,1.3863249
0.14306,1.3863249
0.143062,1.3863249
0.14306399,1.3863249
0.143066,1.3863249
0.143068,1.3863249
0.14307,1.3863249
0.143072,1.3863249
0.143074,1.3863249
0.143076,1.3863249
0.143078,1.3863249
0.14308,1.3863249
0.143082,1.3863249
0.143084,1.3863249
0.143086,1.3863249
0.143088,1.3863249
0.14309,1.3863249
0.143092,1.3863249
0.143094,1.3863249
0.143096,1.3863249
0.143098,1.3863249
0.1431,1.3863249
0.143102,1.3863249
0.143104,1.3863249
0.143106,1.3863249
0.143108,1.3863249
0.14311,1.3863249
0.143112,1.3863249
0.143114,1.3863249
0.143116,1.3863249
0.143118,1.3863249
0.14312,1.3863249
0.143122,1.3863249
0.143124,1.3863249
0.143126,1.3863249
0.143128,1.3863249
0.14313,1.3863249
0.143132,1.3863249
0.143134,1.3863249
0.143136,1.3863249
0.143138,1.3863249
0.14314,1.3863249
0.143142,1.3863249
0.143144,1.3863249
0.143146,1.3863249
0.143148,1.3863249
0.14315,1.3863249
0.143152,1.3863249
0.143154,1.3863249
0.143156,1.3863249
0.143158,1.3863249
0.14316,1.3863249
0.143162,1.3863249
0.143164,1.3863249
0.143166,1.3863249
0.143168,1.3863249
0.14317,1.3863249
0.143172,1.3863249
0.143174,1.3863249
0.143176,1.3863249
0.143178,1.3863249
0.14318,1.3863249
0.143182,1.3863249
0.143184,1.3863249
0.143186,1.3863249
0.143188,1.3863249
0.14319,1.3863249
0.143192,1.3863249
0.143194,1.3863249
0.143196,1.3863249
0.143198,1.3863249
0.1432,1.3863249
0.143202,1.3863249
0.143204,1.3863249
0.143206,1.3863249
0.143208,1.3863249
0.14321,1.3863249
0.143212,1.3863249
0.143214,1.3863249
0.143216,1.3863249
0.143218,1.3863249
0.14321999,1.3863249
0.143222,1.3863249
0.143224,1.3863249
0.143226,1.3863249
0.143228,1.3863249
0.14323,1.3863249
0.143232,1.3863249
0.143234,1.3863249
0.143236,1.3863249
0.143238,1.3863249
0.14324,1.3863249
0.143242,1.3863249
0.143244,1.3863249
0.143246,1.3863249
0.143248,1.3863249
0.14325,1.3863249
0.143252,1.3863249
0.143254,1.3863249
0.143256,1.3863249
0.143258,1.3863249
0.14326,1.3863249
0.143262,1.3863249
0.143264,1.3863249
0.14326599,1.3863249
0.143268,1.3863249
0.14327,1.3863249
0.143272,1.3863249
0.143274,1.3863249
0.143276,1.3863249
0.143278,1.3863249
0.14328,1.3863249
0.143282,1.3863249
0.143284,1.3863249
0.143286,1.3863249
0.143288,1.3863249
0.14329,1.3863249
0.143292,1.3863249
0.143294,1.3863249
0.143296,1.3863249
0.143298,1.3863249
0.1433,1.3863249
0.143302,1.3863249
0.143304,1.3863249
0.143306,1.3863249
0.143308,1.3863249
0.14331,1.3863249
0.14331199,1.3863249
0.143314,1.3863249
0.143316,1.3863249
0.143318,1.3863249
0.14332,1.3863249
0.143322,1.3863249
0.143324,2.5883412
0.143326,2.6345725
0.143328,2.6345725
0.14333,2.6345725
0.143332,2.6345725
0.143334,2.6345725
0.143336,2.6345725
0.143338,2.6345725
0.14334,2.6808028
0.143342,2.6808028
0.143344,2.6808028
0.143346,2.6808028
0.143348,2.6808028
0.14335,2.6808028
0.143352,2.6808028
0.143354,2.6808028
0.143356,2.6808028
0.143358,2.6808028
0.14336,2.6808028
0.143362,2.6808028
0.143364,2.6808028
0.143366,2.6808028
0.143368,2.6808028
0.14337,2.6808028
0.143372,2.6808028
0.143374,2.6808028
0.143376,2.6808028
0.143378,2.6808028
0.14338,2.6808028
0.143382,2.6808028
0.143384,2.6808028
0.143386,2.6808028
0.143388,2.6808028
0.14339,2.6808028
0.143392,2.6808028
0.143394,2.6808028
0.143396,2.6808028
0.143398,2.6808028
0.1434,2.6808028
0.143402,2.6808028
0.143404,2.6808028
0.143406,2.6808028
0.143408,2.6808028
0.14341,2.6808028
0.143412,2.6808028
0.143414,2.6808028
0.143416,2.6808028
0.143418,2.6808028
0.14342,2.6808028
0.143422,2.6808028
0.143424,2.6808028
0.143426,2.6808028
0.143428,2.6808028
0.14343,2.6808028
0.143432,2.6808028
0.143434,2.6808028
0.143436,2.6808028
0.143438,2.6808028
0.14344,2.6808028
0.143442,2.6808028
0.143444,2.6808028
0.143446,2.6808028
0.143448,2.6808028
0.14345,2.6808028
0.143452,2.6808028
0.143454,2.6808028
0.143456,2.6808028
0.143458,2.6808028
0.14346,2.6808028
0.143462,2.6808028
0.143464,2.6808028
0.143466,2.6808028
0.14346799,2.6808028
0.14347,2.6808028
0.143472,2.6808028
0.143474,2.6808028
0.143476,2.6808028
0.143478,2.6808028
0.14348,2.6808028
0.143482,2.6808028
0.143484,2.6808028
0.143486,2.6808028
0.143488,2.6808028
0.14349,2.6808028
0.143492,2.6808028
0.143494,2.6808028
0.143496,2.6808028
0.143498,2.6808028
0.1435,2.6808028
0.143502,2.6808028
0.143504,2.6808028
0.143506,2.6808028
0.143508,2.6808028
0.14351,2.6808028
0.143512,2.6808028
0.14351399,2.6808028
0.143516,2.6808028
0.143518,2.6808028
0.14352,2.6808028
0.143522,2.6808028
0.143524,2.6808028
0.143526,2.6808028
0.143528,2.6808028
0.14353,2.6808028
0.143532,2.6808028
0.143534,2.6808028
0.143536,2.6808028
0.143538,2.6808028
0.14354,2.6808028
0.143542,2.6808028
0.143544,2.6808028
0.143546,2.6808028
0.143548,2.6808028
0.14355,2.6808028
0.143552,2.6808028
0.143554,2.6808028
0.143556,2.6808028
0.143558,2.6808028
0.14355999,2.6808028
0.143562,2.6808028
0.143564,2.6808028
0.143566,2.6808028
0.143568,2.6808028
0.14357,2.6808028
0.143572,2.6808028
0.143574,2.6808028
0.143576,2.6808028
0.143578,2.6808028
0.14358,2.6808028
0.143582,2.6808028
0.143584,2.6808028
0.143586,2.6808028
0.143588,2.6808028
0.14359,2.6808028
0.143592,2.6808028
0.143594,2.6808028
0.143596,2.6808028
0.143598,2.6808028
0.1436,2.6808028
0.143602,2.6808028
0.143604,2.6808028
0.14360599,2.6808028
0.143608,2.6808028
0.14361,2.6808028
0.143612,2.6808028
0.143614,2.6808028
0.143616,2.6808028
0.143618,2.6808028
0.14362,2.6808028
0.143622,2.6808028
0.143624,2.6808028
0.143626,2.6808028
0.143628,2.6808028
0.14363,2.6808028
0.143632,2.6808028
0.143634,2.6808028
0.143636,2.6808028
0.143638,2.6808028
0.14364,2.6808028
0.143642,2.6808028
0.143644,2.6808028
0.143646,2.6808028
0.143648,2.6808028
0.14365,3.6978936
0.143652,3.92905
0.143654,3.92905
0.143656,3.92905
0.143658,3.9752812
0.14366,3.9752812
0.143662,3.9752812
0.143664,3.9752812
0.143666,3.9752812
0.143668,3.9752812
0.14367,3.9752812
0.143672,3.9752812
0.143674,3.9752812
0.143676,3.9752812
0.143678,3.9752812
0.14368,3.9752812
0.143682,3.9752812
0.143684,3.9752812
0.143686,3.9752812
0.143688,3.9752812
0.14369,3.9752812
0.143692,3.9752812
0.143694,3.9752812
0.143696,3.9752812
0.143698,3.9752812
0.1437,3.9752812
0.143702,3.9752812
0.143704,3.9752812
0.143706,3.9752812
0.143708,3.9752812
0.14371,3.9752812
0.143712,3.9752812
0.143714,3.9752812
0.143716,3.9752812
0.143718,3.9752812
0.14372,3.9752812
0.143722,3.9752812
0.143724,3.9752812
0.143726,3.9752812
0.143728,3.9752812
0.14373,3.9752812
0.143732,3.9752812
0.143734,3.9752812
0.143736,3.9752812
0.143738,3.9752812
0.14374,3.9752812
0.143742,3.9752812
0.143744,3.9752812
0.143746,3.9752812
0.143748,3.9752812
0.14375,3.9752812
0.143752,3.9752812
0.143754,3.9752812
0.143756,3.9752812
0.143758,3.9752812
0.14376,3.9752812
0.14376199,3.9752812
0.143764,3.9752812
0.143766,3.9752812
0.143768,3.9752812
0.14377,3.9752812
0.143772,3.9752812
0.143774,3.9752812
0.143776,3.9752812
0.143778,3.9752812
0.14378,3.9752812
0.143782,3.9752812
0.143784,3.9752812
0.143786,3.9752812
0.143788,3.9752812
0.14379,3.9752812
0.143792,3.9752812
0.143794,3.9752812
0.143796,3.9752812
0.143798,3.9752812
0.1438,3.9752812
0.143802,3.9752812
0.143804,3.9752812
0.143806,3.9752812
0.14380799,3.9752812
0.14381,3.9752812
0.143812,3.9752812
0.143814,3.9752812
0.143816,3.9752812
0.143818,3.9752812
0.14382,3.9752812
0.143822,3.9752812
0.143824,3.9752812
0.143826,3.9752812
0.143828,3.9752812
0.14383,3.9752812
0.143832,3.9752812
0.143834,3.9752812
0.143836,3.9752812
0.143838,3.9752812
0.14384,3.9752812
0.143842,3.9752812
0.143844,3.9752812
0.143846,3.9752812
0.143848,3.9752812
0.14385,3.9752812
0.143852,3.9752812
0.14385399,3.9752812
0.143856,3.9752812
0.143858,3.9752812
0.14386,3.9752812
0.143862,3.9752812
0.143864,3.9752812
0.143866,3.9752812
0.143868,3.9752812
0.14387,3.9752812
0.143872,3.9752812
0.143874,3.9752812
0.143876,3.9752812
0.143878,3.9752812
0.14388,3.9752812
0.143882,3.9752812
0.143884,3.9752812
0.143886,3.9752812
0.143888,3.9752812
0.14389,3.9752812
0.143892,3.9752812
0.143894,3.9752812
0.143896,3.9752812
0.143898,3.9752812
0.1439,3.9752812
0.143902,3.9752812
0.143904,3.9752812
0.143906,3.9752812
0.143908,3.9752812
0.14391,3.9752812
0.143912,3.9752812
0.143914,3.9752812
0.143916,3.9752812
0.143918,3.9752812
0.14392,3.9752812
0.143922,3.9752812
0.143924,3.9752812
0.143926,3.9752812
0.143928,3.9752812
0.14393,3.9752812
0.143932,3.9752812
0.143934,3.9752812
0.143936,3.9752812
0.143938,3.9752812
0.14394,3.9752812
0.143942,3.9752812
0.143944,3.9752812
0.143946,3.9752812
0.143948,3.9752812
0.14395,3.9752812
0.143952,3.9752812
0.143954,3.9752812
0.143956,3.9752812
0.143958,3.9752812
0.14396,3.9752812
0.143962,3.9752812
0.143964,3.9752812
0.143966,3.9752812
0.143968,3.9752812
0.14397,3.9752812
0.143972,3.9752812
0.143974,3.9752812
0.143976,3.9752812
0.143978,3.9752812
0.14398,3.9752812
0.143982,3.9752812
0.143984,3.9752812
0.143986,3.9752812
0.143988,3.9752812
0.14399,3.9752812
0.143992,3.9752812
0.143994,3.9752812
0.143996,3.9752812
0.143998,3.9752812
0.144,3.9752812
0.144002,3.9752812
0.144004,3.9752812
0.144006,3.9752812
0.144008,3.9752812
0.14400999,3.9752812
0.144012,3.9752812
0.144014,3.9752812
0.144016,3.9752812
0.144018,3.9752812
0.14402,3.9752812
0.144022,3.9752812
0.144024,3.9752812
0.144026,3.9752812
0.144028,3.9752812
0.14403,3.9752812
0.144032,3.9752812
0.144034,3.9752812
0.144036,3.9752812
0.144038,3.9752812
0.14404,3.9752812
0.144042,3.9752812
0.144044,3.9752812
0.144046,3.9752812
0.144048,3.9752812
0.14405,3.9752812
0.144052,3.9752812
0.144054,3.9752812
0.14405599,3.9752812
0.144058,3.9752812
0.14406,3.9752812
0.144062,3.9752812
0.144064,3.9752812
0.144066,3.9752812
0.144068,3.9752812
0.14407,3.9752812
0.144072,3.9752812
0.144074,3.9752812
0.144076,3.9752812
0.144078,3.9752812
0.14408,3.9752812
0.144082,3.9752812
0.144084,3.9752812
0.144086,3.9752812
0.144088,3.9752812
0.14409,3.9752812
0.144092,3.9752812
0.144094,3.9752812
0.144096,3.9752812
0.144098,3.9752812
0.1441,3.9752812
0.14410199,3.9752812
0.144104,3.9752812
0.144106,3.9752812
0.144108,3.9752812
0.14411,3.9752812
0.144112,3.9752812
0.144114,3.9752812
0.144116,3.9752812
0.144118,3.9752812
0.14412,3.9752812
0.144122,3.9752812
0.144124,3.9752812
0.144126,3.9752812
0.144128,3.9752812
0.14413,3.9752812
0.144132,3.9752812
0.144134,3.9752812
0.144136,3.9752812
0.144138,3.9752812
0.14414,3.9752812
0.144142,3.9752812
0.144144,3.9752812
0.144146,3.9752812
0.144148,3.9752812
0.14415,3.9752812
0.144152,3.9752812
0.144154,3.9752812
0.144156,3.9752812
0.144158,3.9752812
0.14416,3.9752812
0.144162,3.9752812
0.144164,3.9752812
0.144166,3.9752812
0.144168,3.9752812
0.14417,3.9752812
0.144172,3.9752812
0.144174,3.9752812
0.144176,3.9752812
0.144178,3.9752812
0.14418,3.9752812
0.144182,3.9752812
0.144184,3.9752812
0.144186,3.9752812
0.144188,3.9752812
0.14419,3.9752812
0.144192,3.9752812
0.144194,3.9752812
0.144196,3.9752812
0.144198,3.9752812
0.1442,3.9752812
0.144202,3.9752812
0.144204,3.9752812
0.144206,3.9752812
0.144208,3.9752812
0.14421,3.9752812
0.144212,3.9752812
0.144214,3.9752812
0.144216,3.9752812
0.144218,3.9752812
0.14422,3.9752812
0.144222,3.9752812
0.144224,3.9752812
0.144226,3.9752812
0.144228,3.9752812
0.14423,3.9752812
0.144232,3.9752812
0.144234,3.9752812
0.144236,3.9752812
0.144238,3.9752812
0.14424,3.9752812
0.144242,3.9752812
0.144244,3.9752812
0.144246,3.9752812
0.144248,3.9752812
0.14425,3.9752812
0.144252,3.9752812
0.144254,3.9752812
0.144256,3.9752812
0.14425799,3.9752812
0.14426,3.9752812
0.144262,3.9752812
0.144264,3.9752812
0.144266,3.9752812
0.144268,3.9752812
0.14427,3.9752812
0.144272,3.9752812
0.144274,3.9752812
0.144276,3.9752812
0.144278,3.9752812
0.14428,3.9752812
0.144282,3.9752812
0.144284,3.9752812
0.144286,3.9752812
0.144288,3.9752812
0.14429,3.9752812
0.144292,3.9752812
0.144294,3.9752812
0.144296,3.9752812
0.144298,3.9752812
0.1443,3.9752812
0.144302,3.9752812
0.14430399,3.9752812
0.144306,3.9752812
0.144308,3.9752812
0.14431,3.9752812
0.144312,3.9752812
0.144314,3.9752812
0.144316,3.9752812
0.144318,3.9752812
0.14432,3.9752812
0.144322,3.9752812
0.144324,3.9752812
0.144326,3.9752812
0.144328,3.9752812
0.14433,3.9752812
0.144332,3.9752812
0.144334,3.9752812
0.144336,3.9752812
0.144338,3.9752812
0.14434,3.9752812
0.144342,3.9752812
0.144344,3.9752812
0.144346,3.9752812
0.144348,3.9752812
0.14434999,3.9752812
0.144352,3.9752812
0.144354,3.9752812
0.144356,3.9752812
0.144358,3.9752812
0.14436,3.9752812
0.144362,3.9752812
0.144364,3.9752812
0.144366,3.9752812
0.144368,3.9752812
0.14437,3.9752812
0.144372,3.9752812
0.144374,3.9752812
0.144376,3.9752812
0.144378,3.9752812
0.14438,3.9752812
0.144382,3.9752812
0.144384,3.9752812
0.144386,3.9752812
0.144388,3.9752812
0.14439,3.9752812
0.144392,3.9752812
0.144394,3.9752812
0.144396,3.9752812
0.144398,3.9752812
0.1444,3.9752812
0.144402,3.9752812
0.144404,3.9752812
0.144406,3.9752812
0.144408,3.9752812
0.14441,3.9752812
0.144412,3.9752812
0.144414,3.9752812
0.144416,3.9752812
0.144418,3.9752812
0.14442,3.9752812
0.144422,3.9752812
0.144424,3.9752812
0.144426,3.9752812
0.144428,3.9752812
0.14443,3.9752812
0.144432,3.9752812
0.144434,3.9752812
0.144436,3.9752812
0.144438,3.9752812
0.14444,3.9752812
0.144442,3.9752812
0.144444,3.9752812
0.144446,3.9752812
0.144448,3.9752812
0.14445,3.9752812
0.144452,3.9752812
0.144454,3.9752812
0.144456,3.9752812
0.144458,3.9752812
0.14446,3.9752812
0.144462,3.9752812
0.144464,3.9752812
0.144466,3.9752812
0.144468,3.9752812
0.14447,3.9752812
0.144472,3.9752812
0.144474,3.9752812
0.144476,3.9752812
0.144478,3.9752812
0.14448,3.9752812
0.144482,3.9752812
0.144484,3.9752812
0.144486,3.9752812
0.144488,3.9752812
0.14449,3.9752812
0.144492,3.9752812
0.144494,3.9752812
0.144496,3.9752812
0.144498,3.9752812
0.1445,3.9752812
0.144502,3.9752812
0.144504,3.9752812
0.14450599,3.9752812
0.144508,3.9752812
0.14451,3.9752812
0.144512,3.9752812
0.144514,3.9752812
0.144516,3.9752812
0.144518,3.9752812
0.14452,3.9752812
0.144522,3.9752812
0.144524,3.9752812
0.144526,3.9752812
0.144528,3.9752812
0.14453,3.9752812
0.144532,3.9752812
0.144534,3.9752812
0.144536,3.9752812
0.144538,3.9752812
0.14454,3.9752812
0.144542,3.9752812
0.144544,3.9752812
0.144546,3.9752812
0.144548,3.9752812
0.14455,3.9752812
0.14455199,3.9752812
0.144554,3.9752812
0.144556,3.9752812
0.144558,3.9752812
0.14456,3.9752812
0.144562,3.9752812
0.144564,3.9752812
0.144566,3.9752812
0.144568,3.9752812
0.14457,3.9752812
0.144572,3.9752812
0.144574,3.9752812
0.144576,3.9752812
0.144578,3.9752812
0.14458,3.9752812
0.144582,3.9752812
0.144584,3.9752812
0.144586,3.9752812
0.144588,3.9752812
0.14459,3.9752812
0.144592,3.9752812
0.144594,3.9752812
0.144596,3.9752812
0.14459799,3.9752812
0.1446,3.9752812
0.144602,3.9752812
0.144604,3.9752812
0.144606,3.9752812
0.144608,3.9752812
0.14461,3.9752812
0.144612,3.9752812
0.144614,3.9752812
0.144616,3.9752812
0.144618,3.9752812
0.14462,3.9752812
0.144622,3.9752812
0.144624,3.9752812
0.144626,3.9752812
0.144628,3.9752812
0.14463,3.9752812
0.144632,3.9752812
0.144634,3.9752812
0.144636,3.9752812
0.144638,3.9752812
0.14464,3.9752812
0.144642,3.9752812
0.14464399,3.9752812
0.144646,3.9752812
0.144648,3.9752812
0.14465,3.9752812
0.144652,3.9752812
0.144654,3.9752812
0.144656,3.9752812
0.144658,3.9752812
0.14466,3.9752812
0.144662,3.9752812
0.144664,3.9752812
0.144666,3.9752812
0.144668,3.9752812
0.14467,3.9752812
0.144672,3.9752812
0.144674,3.9752812
0.144676,3.9752812
0.144678,3.9752812
0.14468,3.9752812
0.144682,3.9752812
0.144684,3.9752812
0.144686,3.9752812
0.144688,3.9752812
0.14469,3.9752812
0.144692,3.9752812
0.144694,3.9752812
0.144696,3.9752812
0.144698,3.9752812
0.1447,3.9752812
0.144702,3.9752812
0.144704,3.9752812
0.144706,3.9752812
0.144708,3.9752812
0.14471,3.9752812
0.144712,3.9752812
0.144714,3.9752812
0.144716,3.9752812
0.144718,3.9752812
0.14472,3.9752812
0.144722,3.9752812
0.144724,3.9752812
0.144726,3.9752812
0.144728,3.9752812
0.14473,3.9752812
0.144732,3.9752812
0.144734,3.9752812
0.144736,3.9752812
0.144738,3.9752812
0.14474,3.9752812
0.144742,3.9752812
0.144744,3.9752812
0.144746,3.9752812
0.144748,3.9752812
0.14475,3.9752812
0.144752,3.9752812
0.144754,3.9752812
0.144756,3.9752812
0.144758,3.9752812
0.14476,3.9752812
0.144762,3.9752812
0.144764,3.9752812
0.144766,3.9752812
0.144768,3.9752812
0.14477,3.9752812
0.144772,3.9752812
0.144774,3.9752812
0.144776,3.9752812
0.144778,3.9752812
0.14478,3.9752812
0.144782,3.9752812
0.144784,3.9752812
0.144786,3.9752812
0.144788,3.9752812
0.14479,3.9752812
0.144792,4.0215135
0.144794,2.727035
0.144796,2.727035
0.144798,2.727035
0.14479999,2.727035
0.144802,2.727035
0.144804,2.727035
0.144806,2.727035
0.144808,2.727035
0.14481,2.6808028
0.144812,2.727035
0.144814,2.6808028
0.144816,2.6808028
0.144818,2.6808028
0.14482,2.6808028
0.144822,2.6808028
0.144824,2.6808028
0.144826,2.6808028
0.144828,2.6808028
0.14483,2.6808028
0.144832,2.6808028
0.144834,2.6808028
0.144836,2.6808028
0.144838,2.6808028
0.14484,2.6808028
0.144842,2.6808028
0.144844,2.6808028
0.14484599,2.6808028
0.144848,2.6808028
0.14485,2.6808028
0.144852,2.6808028
0.144854,2.6808028
0.144856,2.6808028
0.144858,2.6808028
0.14486,2.6808028
0.144862,2.6808028
0.144864,2.6808028
0.144866,2.6808028
0.144868,2.6808028
0.14487,2.6808028
0.144872,2.6808028
0.144874,2.6808028
0.144876,2.6808028
0.144878,2.6808028
0.14488,2.6808028
0.144882,2.6808028
0.144884,2.6808028
0.144886,2.6808028
0.144888,2.6808028
0.14489,2.6808028
0.14489199,2.6808028
0.144894,2.6808028
0.144896,2.6808028
0.144898,2.6808028
0.1449,2.6808028
0.144902,2.6808028
0.144904,2.6808028
0.144906,2.6808028
0.144908,2.6808028
0.14491,2.6808028
0.144912,2.6808028
0.144914,2.6808028
0.144916,2.6808028
0.144918,2.6808028
0.14492,2.6808028
0.144922,2.6808028
0.144924,2.6808028
0.144926,2.6808028
0.144928,2.6808028
0.14493,2.6808028
0.144932,2.6808028
0.144934,2.6808028
0.144936,2.6808028
0.144938,2.6808028
0.14494,2.6808028
0.144942,2.6808028
0.144944,2.6808028
0.144946,2.6808028
0.144948,2.6808028
0.14495,2.6808028
0.144952,2.6808028
0.144954,2.6808028
0.144956,2.6808028
0.144958,2.6808028
0.14496,2.6808028
0.144962,2.6808028
0.144964,2.6808028
0.144966,2.6808028
0.144968,2.6808028
0.14497,2.6808028
0.144972,2.6808028
0.144974,2.6808028
0.144976,2.6808028
0.144978,2.6808028
0.14498,2.6808028
0.144982,2.6808028
0.144984,2.6808028
0.144986,2.6808028
0.144988,2.6808028
0.14499,2.6808028
0.144992,2.6808028
0.144994,2.6808028
0.144996,2.6808028
0.144998,2.6808028
0.145,2.6808028
0.145002,2.6808028
0.145004,2.6808028
0.145006,2.6808028
0.145008,2.6808028
0.14501,2.6808028
0.145012,2.6808028
0.145014,2.6808028
0.145016,2.6808028
0.145018,2.6808028
0.14502,2.6808028
0.145022,2.6808028
0.145024,2.6808028
0.145026,2.6808028
0.145028,2.6808028
0.14503,2.6808028
0.145032,2.6808028
0.145034,2.6808028
0.145036,2.6808028
0.145038,2.6808028
0.14504,2.6808028
0.145042,2.6808028
0.145044,2.6808028
0.145046,2.6808028
0.14504799,2.6808028
0.14505,2.6808028
0.145052,2.6808028
0.145054,2.6808028
0.145056,2.6808028
0.145058,2.6808028
0.14506,2.6808028
0.145062,2.6808028
0.145064,2.6808028
0.145066,2.6808028
0.145068,2.6808028
0.14507,2.6808028
0.145072,2.6808028
0.145074,2.6808028
0.145076,2.6808028
0.145078,2.6808028
0.14508,2.6808028
0.145082,2.6808028
0.145084,2.6808028
0.145086,2.6808028
0.145088,2.6808028
0.14509,2.6808028
0.145092,2.6808028
0.14509399,2.6808028
0.145096,2.6808028
0.145098,2.6808028
0.1451,2.6808028
0.145102,2.6808028
0.145104,2.6808028
0.145106,2.6808028
0.145108,2.6808028
0.14511,2.6808028
0.145112,2.6808028
0.145114,2.6808028
0.145116,2.6808028
0.145118,2.6808028
0.14512,1.5250192
0.145122,1.4325566
0.145124,1.4325566
0.145126,1.4325566
0.145128,1.4325566
0.14513,1.4325566
0.145132,1.4325566
0.145134,1.4325566
0.145136,1.4325566
0.145138,1.4325566
0.14513999,1.4325566
0.145142,1.4325566
0.145144,1.4325566
0.145146,1.4325566
0.145148,1.4325566
0.14515,1.4325566
0.145152,1.4325566
0.145154,1.4325566
0.145156,1.4325566
0.145158,1.3863249
0.14516,1.3863249
0.145162,1.3863249
0.145164,1.3863249
0.145166,1.3863249
0.145168,1.3863249
0.14517,1.3863249
0.145172,1.3863249
0.145174,1.3863249
0.145176,1.3863249
0.145178,1.3863249
0.14518,1.3863249
0.145182,1.3863249
0.145184,1.3863249
0.145186,1.3863249
0.145188,1.3863249
0.14519,1.3863249
0.145192,1.3863249
0.145194,1.3863249
0.145196,1.3863249
0.145198,1.3863249
0.1452,1.3863249
0.145202,1.3863249
0.145204,1.3863249
0.145206,1.3863249
0.145208,1.3863249
0.14521,1.3863249
0.145212,1.3863249
0.145214,1.3863249
0.145216,1.3863249
0.145218,1.3863249
0.14522,1.3863249
0.145222,1.3863249
0.145224,1.3863249
0.145226,1.3863249
0.145228,1.3863249
0.14523,1.3863249
0.145232,1.3863249
0.145234,1.3863249
0.145236,1.3863249
0.145238,1.3863249
0.14524,1.3863249
0.145242,1.3863249
0.145244,1.3863249
0.145246,1.3863249
0.145248,1.3863249
0.14525,1.3863249
0.145252,1.3863249
0.145254,1.3863249
0.145256,1.3863249
0.145258,1.3863249
0.14526,1.3863249
0.145262,1.3863249
0.145264,1.3863249
0.145266,1.3863249
0.145268,1.3863249
0.14527,1.3863249
0.145272,1.3863249
0.145274,1.3863249
0.145276,1.3863249
0.145278,1.3863249
0.14528,1.3863249
0.145282,1.3863249
0.145284,1.3863249
0.145286,1.3863249
0.145288,1.3863249
0.14529,1.3863249
0.145292,1.3863249
0.145294,1.3863249
0.14529599,1.3863249
0.145298,1.3863249
0.1453,1.3863249
0.145302,1.3863249
0.145304,1.3863249
0.145306,1.3863249
0.145308,1.3863249
0.14531,1.3863249
0.145312,1.3863249
0.145314,1.3863249
0.145316,1.3863249
0.145318,1.3863249
0.14532,1.3863249
0.145322,1.3863249
0.145324,1.3863249
0.145326,1.3863249
0.145328,1.3863249
0.14533,1.3863249
0.145332,1.3863249
0.145334,1.3863249
0.145336,1.3863249
0.145338,1.3863249
0.14534,1.3863249
0.14534199,1.3863249
0.145344,1.3863249
0.145346,1.3863249
0.145348,1.3863249
0.14535,1.3863249
0.145352,1.3863249
0.145354,1.3863249
0.145356,1.3863249
0.145358,1.3863249
0.14536,1.3863249
0.145362,1.3863249
0.145364,1.3863249
0.145366,1.3863249
0.145368,1.3863249
0.14537,1.3863249
0.145372,1.3863249
0.145374,1.3863249
0.145376,1.3863249
0.145378,1.3863249
0.14538,1.3863249
0.145382,1.3863249
0.145384,1.3863249
0.145386,1.3863249
0.14538799,1.3863249
0.14539,1.3863249
0.145392,1.3863249
0.145394,1.3863249
0.145396,1.3863249
0.145398,1.3863249
0.1454,1.3863249
0.145402,1.3863249
0.145404,1.3863249
0.145406,1.3863249
0.145408,1.3863249
0.14541,1.3863249
0.145412,1.3863249
0.145414,1.3863249
0.145416,1.3863249
0.145418,1.3863249
0.14542,1.3863249
0.145422,1.3863249
0.145424,1.3863249
0.145426,1.3863249
0.145428,1.3863249
0.14543,1.3863249
0.145432,1.3863249
0.145434,1.3863249
0.145436,1.3863249
0.145438,1.3863249
0.14544,1.3863249
0.145442,1.3863249
0.145444,1.3863249
0.145446,1.3863249
0.145448,1.3863249
0.14545,1.3863249
0.145452,1.3863249
0.145454,1.3863249
0.145456,1.3863249
0.145458,1.3863249
0.14546,1.3863249
0.145462,1.3863249
0.145464,1.3863249
0.145466,1.3863249
0.145468,1.3863249
0.14547,1.3863249
0.145472,1.3863249
0.145474,0.23054075
0.145476,0.13807821
0.145478,0.13807821
0.14548,0.13807821
0.145482,0.13807821
0.145484,0.13807821
0.145486,0.13807821
0.145488,0.13807821
0.14549,0.13807821
0.145492,0.13807821
0.145494,0.13807821
0.145496,0.13807821
0.145498,0.091846466
0.1455,0.091846466
0.145502,0.091846466
0.145504,0.091846466
0.145506,0.091846466
0.145508,0.091846466
0.14551,0.091846466
0.145512,0.091846466
0.145514,0.091846466
0.145516,0.091846466
0.145518,0.091846466
0.14552,0.091846466
0.145522,0.091846466
0.145524,0.091846466
0.145526,0.091846466
0.145528,0.091846466
0.14553,0.091846466
0.145532,0.091846466
0.145534,0.091846466
0.145536,0.091846466
0.145538,0.091846466
0.14554,0.091846466
0.145542,0.091846466
0.14554399,0.091846466
0.145546,0.091846466
0.145548,0.091846466
0.14555,0.091846466
0.145552,0.091846466
0.145554,0.091846466
0.145556,0.091846466
0.145558,0.091846466
0.14556,0.091846466
0.145562,0.091846466
0.145564,0.091846466
0.145566,0.091846466
0.145568,0.091846466
0.14557,0.091846466
0.145572,0.091846466
0.145574,0.091846466
0.145576,0.091846466
0.145578,0.091846466
0.14558,0.091846466
0.145582,0.091846466
0.145584,0.091846466
0.145586,0.091846466
0.145588,0.091846466
0.14558999,0.091846466
0.145592,0.091846466
0.145594,0.091846466
0.145596,0.091846466
0.145598,0.091846466
0.1456,0.091846466
0.145602,0.091846466
0.145604,0.091846466
0.145606,0.091846466
0.145608,0.091846466
0.14561,0.091846466
0.145612,0.091846466
0.145614,0.091846466
0.145616,0.091846466
0.145618,0.091846466
0.14562,0.091846466
0.145622,0.091846466
0.145624,0.091846466
0.145626,0.091846466
0.145628,0.091846466
0.14563,0.091846466
0.145632,0.091846466
0.145634,0.091846466
0.14563599,0.091846466
0.145638,0.091846466
0.14564,0.091846466
0.145642,0.091846466
0.145644,0.091846466
0.145646,0.091846466
0.145648,0.091846466
0.14565,0.091846466
0.145652,0.091846466
0.145654,0.091846466
0.145656,0.091846466
0.145658,0.091846466
0.14566,0.091846466
0.145662,0.091846466
0.145664,0.091846466
0.145666,0.091846466
0.145668,0.091846466
0.14567,0.091846466
0.145672,0.091846466
0.145674,0.091846466
0.145676,0.091846466
0.145678,0.091846466
0.14568,0.091846466
0.145682,0.091846466
0.145684,0.091846466
0.145686,0.091846466
0.145688,0.091846466
0.14569,0.091846466
0.145692,0.091846466
0.145694,0.091846466
0.145696,0.091846466
0.145698,0.091846466
0.1457,0.091846466
0.145702,0.091846466
0.145704,0.091846466
0.145706,0.091846466
0.145708,0.091846466
0.14571,0.091846466
0.145712,0.091846466
0.145714,0.091846466
0.145716,0.091846466
0.145718,0.091846466
0.14572,0.091846466
0.145722,0.091846466
0.145724,0.091846466
0.145726,0.091846466
0.145728,0.091846466
0.14573,0.091846466
0.145732,0.091846466
0.145734,0.091846466
0.145736,0.091846466
0.145738,0.091846466
0.14574,0.091846466
0.145742,0.091846466
0.145744,0.091846466
0.145746,0.091846466
0.145748,0.091846466
0.14575,0.091846466
0.145752,0.091846466
0.145754,0.091846466
0.145756,0.091846466
0.145758,0.091846466
0.14576,0.091846466
0.145762,0.091846466
0.145764,0.091846466
0.145766,0.091846466
0.145768,0.091846466
0.14577,0.091846466
0.145772,0.091846466
0.145774,0.091846466
0.145776,0.091846466
0.145778,0.091846466
0.14578,0.091846466
0.145782,0.091846466
0.145784,0.091846466
0.145786,0.091846466
0.145788,0.091846466
0.14579,0.091846466
0.14579199,0.091846466
0.145794,0.091846466
0.145796,0.091846466
0.145798,0.091846466
0.1458,0.091846466
0.145802,0.091846466
0.145804,0.091846466
0.145806,0.091846466
0.145808,0.091846466
0.14581,0.091846466
0.145812,0.091846466
0.145814,0.091846466
0.145816,0.091846466
0.145818,0.091846466
0.14582,0.091846466
0.145822,0.091846466
0.145824,0.091846466
0.145826,0.091846466
0.145828,0.091846466
0.14583,0.091846466
0.145832,0.091846466
0.145834,0.091846466
0.145836,0.091846466
0.14583799,0.091846466
0.14584,0.091846466
0.145842,0.091846466
0.145844,0.091846466
0.145846,0.091846466
0.145848,0.091846466
0.14585,0.091846466
0.145852,0.091846466
0.145854,0.091846466
0.145856,0.091846466
0.145858,0.091846466
0.14586,0.091846466
0.145862,0.091846466
0.145864,0.091846466
0.145866,0.091846466
0.145868,0.091846466
0.14587,0.091846466
0.145872,0.091846466
0.145874,0.091846466
0.145876,0.091846466
0.145878,0.091846466
0.14588,0.091846466
0.145882,0.091846466
0.14588399,0.091846466
0.145886,0.091846466
0.145888,0.091846466
0.14589,0.091846466
0.145892,0.091846466
0.145894,0.091846466
0.145896,0.091846466
0.145898,0.091846466
0.1459,0.091846466
0.145902,0.091846466
0.145904,0.091846466
0.145906,0.091846466
0.145908,0.091846466
0.14591,0.091846466
0.145912,0.091846466
0.145914,0.091846466
0.145916,0.091846466
0.145918,0.091846466
0.14592,0.091846466
0.145922,0.091846466
0.145924,0.091846466
0.145926,0.091846466
0.145928,0.091846466
0.14592999,0.091846466
0.145932,0.091846466
0.145934,0.091846466
0.145936,0.091846466
0.145938,0.091846466
0.14594,0.091846466
0.145942,0.091846466
0.145944,0.091846466
0.145946,0.091846466
0.145948,0.091846466
0.14595,0.091846466
0.145952,0.091846466
0.145954,0.091846466
0.145956,0.091846466
0.145958,0.091846466
0.14596,0.091846466
0.145962,0.091846466
0.145964,0.091846466
0.145966,0.091846466
0.145968,0.091846466
0.14597,0.091846466
0.145972,0.091846466
0.145974,0.091846466
0.145976,0.091846466
0.145978,0.091846466
0.14598,0.091846466
0.145982,0.091846466
0.145984,0.091846466
0.145986,0.091846466
0.145988,0.091846466
0.14599,0.091846466
0.145992,0.091846466
0.145994,0.091846466
0.145996,0.091846466
0.145998,0.091846466
0.146,0.091846466
0.146002,0.091846466
0.146004,0.091846466
0.146006,0.091846466
0.146008,0.091846466
0.14601,0.091846466
0.146012,0.091846466
0.146014,0.091846466
0.146016,0.091846466
0.146018,0.091846466
0.14602,0.091846466
0.146022,0.091846466
0.146024,0.091846466
0.146026,0.091846466
0.146028,0.091846466
0.14603,0.091846466
0.146032,0.091846466
0.146034,0.091846466
0.146036,0.091846466
0.146038,0.091846466
0.14604,0.091846466
0.146042,0.091846466
0.146044,0.091846466
0.146046,0.091846466
0.146048,0.091846466
0.14605,0.091846466
0.146052,0.091846466
0.146054,0.091846466
0.146056,0.091846466
0.146058,0.091846466
0.14606,0.091846466
0.146062,0.091846466
0.146064,0.091846466
0.146066,0.091846466
0.146068,0.091846466
0.14607,0.091846466
0.146072,0.091846466
0.146074,0.091846466
0.146076,0.091846466
0.146078,0.091846466
0.14608,0.091846466
0.146082,0.091846466
0.146084,0.091846466
0.14608599,0.091846466
0.146088,0.091846466
0.14609,0.091846466
0.146092,0.091846466
0.146094,0.091846466
0.146096,0.091846466
0.146098,0.091846466
0.1461,0.091846466
0.146102,0.091846466
0.146104,0.091846466
0.146106,0.091846466
0.146108,0.091846466
0.14611,0.091846466
0.146112,0.091846466
0.146114,0.091846466
0.146116,0.091846466
0.146118,0.091846466
0.14612,0.091846466
0.146122,0.091846466
0.146124,0.091846466
0.146126,0.091846466
0.146128,0.091846466
0.14613,0.091846466
0.14613199,0.091846466
0.146134,0.091846466
0.146136,0.091846466
0.146138,0.091846466
0.14614,0.091846466
0.146142,0.091846466
0.146144,0.091846466
0.146146,0.091846466
0.146148,0.091846466
0.14615,0.091846466
0.146152,0.091846466
0.146154,0.091846466
0.146156,0.091846466
0.146158,0.091846466
0.14616,0.091846466
0.146162,0.091846466
0.146164,0.091846466
0.146166,0.091846466
0.146168,0.091846466
0.14617,0.091846466
0.146172,0.091846466
0.146174,0.091846466
0.146176,0.091846466
0.14617799,0.091846466
0.14618,0.091846466
0.146182,0.091846466
0.146184,0.091846466
0.146186,0.091846466
0.146188,0.091846466
0.14619,0.091846466
0.146192,0.091846466
0.146194,0.091846466
0.146196,0.091846466
0.146198,0.091846466
0.1462,0.091846466
0.146202,0.091846466
0.146204,0.091846466
0.146206,0.091846466
0.146208,0.091846466
0.14621,0.091846466
0.146212,0.091846466
0.146214,0.091846466
0.146216,0.091846466
0.146218,0.091846466
0.14622,0.091846466
0.146222,0.091846466
0.146224,0.091846466
0.146226,0.091846466
0.146228,0.091846466
0.14623,0.091846466
0.146232,0.091846466
0.146234,0.091846466
0.146236,0.091846466
0.146238,0.091846466
0.14624,0.091846466
0.146242,0.091846466
0.146244,0.091846466
0.146246,0.091846466
0.146248,0.091846466
0.14625,0.091846466
0.146252,0.091846466
0.146254,0.091846466
0.146256,0.091846466
0.146258,0.091846466
0.14626,0.091846466
0.146262,0.091846466
0.146264,0.091846466
0.146266,0.091846466
0.146268,0.091846466
0.14627,0.091846466
0.146272,0.091846466
0.146274,0.091846466
0.146276,0.091846466
0.146278,0.091846466
0.14628,0.091846466
0.146282,0.091846466
0.146284,0.091846466
0.146286,0.091846466
0.146288,0.091846466
0.14629,1.0627055
0.146292,1.3863249
0.146294,1.3400936
0.146296,1.3863249
0.146298,1.3863249
0.1463,1.3863249
0.146302,1.3863249
0.146304,1.3863249
0.146306,1.3863249
0.146308,1.3863249
0.14631,1.3863249
0.146312,1.3863249
0.146314,1.3863249
0.146316,1.3863249
0.146318,1.3863249
0.14632,1.3863249
0.146322,1.3863249
0.146324,1.3863249
0.146326,1.3863249
0.146328,1.3863249
0.14633,1.3863249
0.146332,1.3863249
0.14633399,1.3863249
0.146336,1.3863249
0.146338,1.3863249
0.14634,1.3863249
0.146342,1.3863249
0.146344,1.3863249
0.146346,1.3863249
0.146348,1.3863249
0.14635,1.3863249
0.146352,1.3863249
0.146354,1.3863249
0.146356,1.3863249
0.146358,1.3863249
0.14636,1.3863249
0.146362,1.3863249
0.146364,1.3863249
0.146366,1.3863249
0.146368,1.3863249
0.14637,1.3863249
0.146372,1.3863249
0.146374,1.3863249
0.146376,1.3863249
0.146378,1.3863249
0.14637999,1.3863249
0.146382,1.3863249
0.146384,1.3863249
0.146386,1.3863249
0.146388,1.3863249
0.14639,1.3863249
0.146392,1.3863249
0.146394,1.3863249
0.146396,1.3863249
0.146398,1.3863249
0.1464,1.3863249
0.146402,1.3863249
0.146404,1.3863249
0.146406,1.3863249
0.146408,1.3863249
0.14641,1.3863249
0.146412,1.3863249
0.146414,1.3863249
0.146416,1.3863249
0.146418,1.3863249
0.14642,1.3863249
0.146422,1.3863249
0.146424,1.3863249
0.14642599,1.3863249
0.146428,1.3863249
0.14643,1.3863249
0.146432,1.3863249
0.146434,1.3863249
0.146436,1.3863249
0.146438,1.3863249
0.14644,1.3863249
0.146442,1.3863249
0.146444,1.3863249
0.146446,1.3863249
0.146448,1.3863249
0.14645,1.3863249
0.146452,1.3863249
0.146454,1.3863249
0.146456,1.3863249
0.146458,1.3863249
0.14646,1.3863249
0.146462,1.3863249
0.146464,1.3863249
0.146466,1.3863249
0.146468,1.3863249
0.14647,1.3863249
0.146472,1.3863249
0.146474,1.3863249
0.146476,1.3863249
0.146478,1.3863249
0.14648,1.3863249
0.146482,1.3863249
0.146484,1.3863249
0.146486,1.3863249
0.146488,1.3863249
0.14649,1.3863249
0.146492,1.3863249
0.146494,1.3863249
0.146496,1.3863249
0.146498,1.3863249
0.1465,1.3863249
0.146502,1.3863249
0.146504,1.3863249
0.146506,1.3863249
0.146508,1.3863249
0.14651,1.3863249
0.146512,1.3863249
0.146514,1.3863249
0.146516,1.3863249
0.146518,1.3863249
0.14652,1.3863249
0.146522,1.3863249
0.146524,1.3863249
0.146526,1.3863249
0.146528,1.3863249
0.14653,1.3863249
0.146532,1.3863249
0.146534,1.3863249
0.146536,1.3863249
0.146538,1.3863249
0.14654,1.3863249
0.146542,1.3863249
0.146544,1.3863249
0.146546,1.3863249
0.146548,1.3863249
0.14655,1.3863249
0.146552,1.3863249
0.146554,1.3863249
0.146556,1.3863249
0.146558,1.3863249
0.14656,1.3863249
0.146562,1.3863249
0.146564,1.3863249
0.146566,1.3863249
0.146568,1.3863249
0.14657,1.3863249
0.146572,1.3863249
0.146574,1.3863249
0.146576,1.3863249
0.146578,1.3863249
0.14658,1.3863249
0.14658199,1.3863249
0.146584,1.3863249
0.146586,1.3863249
0.146588,1.3863249
0.14659,1.3863249
0.146592,1.3863249
0.146594,1.3863249
0.146596,1.3863249
0.146598,1.3863249
0.1466,1.3863249
0.146602,1.3863249
0.146604,1.3863249
0.146606,1.3863249
0.146608,1.3863249
0.14661,1.3863249
0.146612,1.3863249
0.146614,1.3863249
0.146616,1.3863249
0.146618,1.3863249
0.14662,1.3863249
0.146622,1.3863249
0.146624,1.3863249
0.146626,1.3863249
0.14662799,1.3863249
0.14663,1.3863249
0.146632,1.3863249
0.146634,1.3863249
0.146636,1.3863249
0.146638,1.3863249
0.14664,1.3863249
0.146642,1.3863249
0.146644,1.3863249
0.146646,1.3863249
0.146648,1.3863249
0.14665,1.3863249
0.146652,1.3863249
0.146654,1.3863249
0.146656,1.3863249
0.146658,1.3863249
0.14666,1.3863249
0.146662,1.3863249
0.146664,1.3863249
0.146666,1.3863249
0.146668,1.3863249
0.14667,1.7099442
0.146672,2.5883412
0.14667399,2.6345725
0.146676,2.6345725
0.146678,2.6345725
0.14668,2.6345725
0.146682,2.6345725
0.146684,2.6345725
0.146686,2.6345725
0.146688,2.6808028
0.14669,2.6808028
0.146692,2.6808028
0.146694,2.6808028
0.146696,2.6808028
0.146698,2.6808028
0.1467,2.6808028
0.146702,2.6808028
0.146704,2.6808028
0.146706,2.6808028
0.146708,2.6808028
0.14671,2.6808028
0.146712,2.6808028
0.146714,2.6808028
0.146716,2.6808028
0.146718,2.6808028
0.14672,2.6808028
0.146722,2.6808028
0.146724,2.6808028
0.146726,2.6808028
0.146728,2.6808028
0.14673,2.6808028
0.146732,2.6808028
0.146734,2.6808028
0.146736,2.6808028
0.146738,2.6808028
0.14674,2.6808028
0.146742,2.6808028
0.146744,2.6808028
0.146746,2.6808028
0.146748,2.6808028
0.14675,2.6808028
0.146752,2.6808028
0.146754,2.6808028
0.146756,2.6808028
0.146758,2.6808028
0.14676,2.6808028
0.146762,2.6808028
0.146764,2.6808028
0.146766,2.6808028
0.146768,2.6808028
0.14677,2.6808028
0.146772,2.6808028
0.146774,2.6808028
0.146776,2.6808028
0.146778,2.6808028
0.14678,2.6808028
0.146782,2.6808028
0.146784,2.6808028
0.146786,2.6808028
0.146788,2.6808028
0.14679,2.6808028
0.146792,2.6808028
0.146794,2.6808028
0.146796,2.6808028
0.146798,2.6808028
0.1468,2.6808028
0.146802,2.6808028
0.146804,2.6808028
0.146806,2.6808028
0.146808,2.6808028
0.14681,2.6808028
0.146812,2.6808028
0.146814,2.6808028
0.146816,2.6808028
0.146818,2.6808028
0.14682,2.6808028
0.146822,2.6808028
0.146824,2.6808028
0.146826,2.6808028
0.146828,2.6808028
0.14682999,2.6808028
0.146832,2.6808028
0.146834,2.6808028
0.146836,2.6808028
0.146838,2.6808028
0.14684,2.6808028
0.146842,2.6808028
0.146844,2.6808028
0.146846,2.6808028
0.146848,2.6808028
0.14685,2.6808028
0.146852,2.6808028
0.146854,2.6808028
0.146856,2.6808028
0.146858,2.6808028
0.14686,2.6808028
0.146862,2.6808028
0.146864,2.6808028
0.146866,2.6808028
0.146868,2.6808028
0.14687,2.6808028
0.146872,2.6808028
0.146874,2.6808028
0.14687599,2.6808028
0.146878,2.6808028
0.14688,2.6808028
0.146882,2.6808028
0.146884,2.6808028
0.146886,2.6808028
0.146888,2.6808028
0.14689,2.6808028
0.146892,2.6808028
0.146894,2.6808028
0.146896,2.6808028
0.146898,2.6808028
0.1469,2.6808028
0.146902,2.6808028
0.146904,2.6808028
0.146906,2.6808028
0.146908,2.6808028
0.14691,2.6808028
0.146912,2.6808028
0.146914,2.6808028
0.146916,2.6808028
0.146918,2.6808028
0.14692,2.6808028
0.14692199,2.6808028
0.146924,2.6808028
0.146926,2.6808028
0.146928,2.6808028
0.14693,2.6808028
0.146932,2.6808028
0.146934,2.6808028
0.146936,2.6808028
0.146938,2.6808028
0.14694,2.6808028
0.146942,2.6808028
0.146944,2.6808028
0.146946,2.6808028
0.146948,2.6808028
0.14695,2.6808028
0.146952,2.6808028
0.146954,2.6808028
0.146956,2.6808028
0.146958,2.6808028
0.14696,2.6808028
0.146962,2.6808028
0.146964,2.6808028
0.146966,2.6808028
0.14696799,2.6808028
0.14697,2.6808028
0.146972,2.6808028
0.146974,2.6808028
0.146976,2.6808028
0.146978,2.6808028
0.14698,2.6808028
0.146982,2.6808028
0.146984,2.6808028
0.146986,2.6808028
0.146988,2.6808028
0.14699,2.6808028
0.146992,2.6808028
0.146994,2.6808028
0.146996,2.6808028
0.146998,3.8365874
0.147,3.92905
0.147002,3.92905
0.147004,3.92905
0.147006,3.9752812
0.147008,3.9752812
0.14701,3.9752812
0.147012,3.9752812
0.147014,3.9752812
0.147016,3.9752812
0.147018,3.9752812
0.14702,3.9752812
0.147022,3.9752812
0.147024,3.9752812
0.147026,3.9752812
0.147028,3.9752812
0.14703,3.9752812
0.147032,3.9752812
0.147034,3.9752812
0.147036,3.9752812
0.147038,3.9752812
0.14704,3.9752812
0.147042,3.9752812
0.147044,3.9752812
0.147046,3.9752812
0.147048,3.9752812
0.14705,3.9752812
0.147052,3.9752812
0.147054,3.9752812
0.147056,3.9752812
0.147058,3.9752812
0.14706,3.9752812
0.147062,3.9752812
0.147064,3.9752812
0.147066,3.9752812
0.147068,3.9752812
0.14707,3.9752812
0.147072,3.9752812
0.147074,3.9752812
0.147076,3.9752812
0.147078,3.9752812
0.14708,3.9752812
0.147082,3.9752812
0.147084,3.9752812
0.147086,3.9752812
0.147088,3.9752812
0.14709,3.9752812
0.147092,3.9752812
0.147094,3.9752812
0.147096,3.9752812
0.147098,3.9752812
0.1471,3.9752812
0.147102,3.9752812
0.147104,3.9752812
0.147106,3.9752812
0.147108,3.9752812
0.14711,3.9752812
0.147112,3.9752812
0.147114,3.9752812
0.147116,3.9752812
0.147118,3.9752812
0.14712,3.9752812
0.147122,3.9752812
0.14712399,3.9752812
0.147126,3.9752812
0.147128,3.9752812
0.14713,3.9752812
0.147132,3.9752812
0.147134,3.9752812
0.147136,3.9752812
0.147138,3.9752812
0.14714,3.9752812
0.147142,3.9752812
0.147144,3.9752812
0.147146,3.9752812
0.147148,3.9752812
0.14715,3.9752812
0.147152,3.9752812
0.147154,3.9752812
0.147156,3.9752812
0.147158,3.9752812
0.14716,3.9752812
0.147162,3.9752812
0.147164,3.9752812
0.147166,3.9752812
0.147168,3.9752812
0.14716999,3.9752812
0.147172,3.9752812
0.147174,3.9752812
0.147176,3.9752812
0.147178,3.9752812
0.14718,3.9752812
0.147182,3.9752812
0.147184,3.9752812
0.147186,3.9752812
0.147188,3.9752812
0.14719,3.9752812
0.147192,3.9752812
0.147194,3.9752812
0.147196,3.9752812
0.147198,3.9752812
0.1472,3.9752812
0.147202,3.9752812
0.147204,3.9752812
0.147206,3.9752812
0.147208,3.9752812
0.14721,3.9752812
0.147212,3.9752812
0.147214,3.9752812
0.14721599,3.9752812
0.147218,3.9752812
0.14722,3.9752812
0.147222,3.9752812
0.147224,3.9752812
0.147226,3.9752812
0.147228,3.9752812
0.14723,3.9752812
0.147232,3.9752812
0.147234,3.9752812
0.147236,3.9752812
0.147238,3.9752812
0.14724,3.9752812
0.147242,3.9752812
0.147244,3.9752812
0.147246,3.9752812
0.147248,3.9752812
0.14725,3.9752812
0.147252,3.9752812
0.147254,3.9752812
0.147256,3.9752812
0.147258,3.9752812
0.14726,3.9752812
0.147262,3.9752812
0.147264,3.9752812
0.147266,3.9752812
0.147268,3.9752812
0.14727,3.9752812
0.147272,3.9752812
0.147274,3.9752812
0.147276,3.9752812
0.147278,3.9752812
0.14728,3.9752812
0.147282,3.9752812
0.147284,3.9752812
0.147286,3.9752812
0.147288,3.9752812
0.14729,3.9752812
0.147292,3.9752812
0.147294,3.9752812
0.147296,3.9752812
0.147298,3.9752812
0.1473,3.9752812
0.147302,3.9752812
0.147304,3.9752812
0.147306,3.9752812
0.147308,3.9752812
0.14731,3.9752812
0.147312,3.9752812
0.147314,3.9752812
0.147316,3.9752812
0.147318,3.9752812
0.14732,3.9752812
0.147322,3.9752812
0.147324,3.9752812
0.147326,3.9752812
0.147328,3.9752812
0.14733,3.9752812
0.147332,3.9752812
0.147334,3.9752812
0.147336,3.9752812
0.147338,3.9752812
0.14734,3.9752812
0.147342,3.9752812
0.147344,3.9752812
0.147346,3.9752812
0.147348,3.9752812
0.14735,3.9752812
0.147352,3.9752812
0.147354,3.9752812
0.147356,3.9752812
0.147358,3.9752812
0.14736,3.9752812
0.147362,3.9752812
0.147364,3.9752812
0.147366,3.9752812
0.147368,3.9752812
0.14737,3.9752812
0.14737199,3.9752812
0.147374,3.9752812
0.147376,3.9752812
0.147378,3.9752812
0.14738,3.9752812
0.147382,3.9752812
0.147384,3.9752812
0.147386,3.9752812
0.147388,3.9752812
0.14739,3.9752812
0.147392,3.9752812
0.147394,3.9752812
0.147396,3.9752812
0.147398,3.9752812
0.1474,3.9752812
0.147402,3.9752812
0.147404,3.9752812
0.147406,3.9752812
0.147408,3.9752812
0.14741,3.9752812
0.147412,3.9752812
0.147414,3.9752812
0.147416,3.9752812
0.14741799,3.9752812
0.14742,3.9752812
0.147422,3.9752812
0.147424,3.9752812
0.147426,3.9752812
0.147428,3.9752812
0.14743,3.9752812
0.147432,3.9752812
0.147434,3.9752812
0.147436,3.9752812
0.147438,3.9752812
0.14744,3.9752812
0.147442,3.9752812
0.147444,3.9752812
0.147446,3.9752812
0.147448,3.9752812
0.14745,3.9752812
0.147452,3.9752812
0.147454,3.9752812
0.147456,3.9752812
0.147458,3.9752812
0.14746,3.9752812
0.147462,3.9752812
0.14746399,3.9752812
0.147466,3.9752812
0.147468,3.9752812
0.14747,3.9752812
0.147472,3.9752812
0.147474,3.9752812
0.147476,3.9752812
0.147478,3.9752812
0.14748,3.9752812
0.147482,3.9752812
0.147484,3.9752812
0.147486,3.9752812
0.147488,3.9752812
0.14749,3.9752812
0.147492,3.9752812
0.147494,3.9752812
0.147496,3.9752812
0.147498,3.9752812
0.1475,3.9752812
0.147502,3.9752812
0.147504,3.9752812
0.147506,3.9752812
0.147508,3.9752812
0.14751,3.9752812
0.147512,3.9752812
0.147514,3.9752812
0.147516,3.9752812
0.147518,3.9752812
0.14752,3.9752812
0.147522,3.9752812
0.147524,3.9752812
0.147526,3.9752812
0.147528,3.9752812
0.14753,3.9752812
0.147532,3.9752812
0.147534,3.9752812
0.147536,3.9752812
0.147538,3.9752812
0.14754,3.9752812
0.147542,3.9752812
0.147544,3.9752812
0.147546,3.9752812
0.147548,3.9752812
0.14755,3.9752812
0.147552,3.9752812
0.147554,3.9752812
0.147556,3.9752812
0.147558,3.9752812
0.14756,3.9752812
0.147562,3.9752812
0.147564,3.9752812
0.147566,3.9752812
0.147568,3.9752812
0.14757,3.9752812
0.147572,3.9752812
0.147574,3.9752812
0.147576,3.9752812
0.147578,3.9752812
0.14758,3.9752812
0.147582,3.9752812
0.147584,3.9752812
0.147586,3.9752812
0.147588,3.9752812
0.14759,3.9752812
0.147592,3.9752812
0.147594,3.9752812
0.147596,3.9752812
0.147598,3.9752812
0.1476,3.9752812
0.147602,3.9752812
0.147604,3.9752812
0.147606,3.9752812
0.147608,3.9752812
0.14761,3.9752812
0.147612,3.9752812
0.147614,3.9752812
0.147616,3.9752812
0.147618,3.9752812
0.14761999,3.9752812
0.147622,3.9752812
0.147624,3.9752812
0.147626,3.9752812
0.147628,3.9752812
0.14763,3.9752812
0.147632,3.9752812
0.147634,3.9752812
0.147636,3.9752812
0.147638,3.9752812
0.14764,3.9752812
0.147642,3.9752812
0.147644,3.9752812
0.147646,3.9752812
0.147648,3.9752812
0.14765,3.9752812
0.147652,3.9752812
0.147654,3.9752812
0.147656,3.9752812
0.147658,3.9752812
0.14766,3.9752812
0.147662,3.9752812
0.147664,3.9752812
0.14766599,3.9752812
0.147668,3.9752812
0.14767,3.9752812
0.147672,3.9752812
0.147674,3.9752812
0.147676,3.9752812
0.147678,3.9752812
0.14768,3.9752812
0.147682,3.9752812
0.147684,3.9752812
0.147686,3.9752812
0.147688,3.9752812
0.14769,3.9752812
0.147692,3.9752812
0.147694,3.9752812
0.147696,3.9752812
0.147698,3.9752812
0.1477,3.9752812
0.147702,3.9752812
0.147704,3.9752812
0.147706,3.9752812
0.147708,3.9752812
0.14771,3.9752812
0.14771199,3.9752812
0.147714,3.9752812
0.147716,3.9752812
0.147718,3.9752812
0.14772,3.9752812
0.147722,3.9752812
0.147724,3.9752812
0.147726,3.9752812
0.147728,3.9752812
0.14773,3.9752812
0.147732,3.9752812
0.147734,3.9752812
0.147736,3.9752812
0.147738,3.9752812
0.14774,3.9752812
0.147742,3.9752812
0.147744,3.9752812
0.147746,3.9752812
0.147748,3.9752812
0.14775,3.9752812
0.147752,3.9752812
0.147754,3.9752812
0.147756,3.9752812
0.147758,3.9752812
0.14776,3.9752812
0.147762,3.9752812
0.147764,3.9752812
0.147766,3.9752812
0.147768,3.9752812
0.14777,3.9752812
0.147772,3.9752812
0.147774,3.9752812
0.147776,3.9752812
0.147778,3.9752812
0.14778,3.9752812
0.147782,3.9752812
0.147784,3.9752812
0.147786,3.9752812
0.147788,3.9752812
0.14779,3.9752812
0.147792,3.9752812
0.147794,3.9752812
0.147796,3.9752812
0.147798,3.9752812
0.1478,3.9752812
0.147802,3.9752812
0.147804,3.9752812
0.147806,3.9752812
0.147808,3.9752812
0.14781,3.9752812
0.147812,3.9752812
0.147814,3.9752812
0.147816,3.9752812
0.147818,3.9752812
0.14782,3.9752812
0.147822,3.9752812
0.147824,3.9752812
0.147826,3.9752812
0.147828,3.9752812
0.14783,3.9752812
0.147832,3.9752812
0.147834,3.9752812
0.147836,3.9752812
0.147838,3.9752812
0.14784,3.9752812
0.147842,3.9752812
0.147844,3.9752812
0.147846,3.9752812
0.147848,3.9752812
0.14785,3.9752812
0.147852,3.9752812
0.147854,3.9752812
0.147856,3.9752812
0.147858,3.9752812
0.14786,3.9752812
0.147862,3.9752812
0.147864,3.9752812
0.147866,3.9752812
0.14786799,3.9752812
0.14787,3.9752812
0.147872,3.9752812
0.147874,3.9752812
0.147876,3.9752812
0.147878,3.9752812
0.14788,3.9752812
0.147882,3.9752812
0.147884,3.9752812
0.147886,3.9752812
0.147888,3.9752812
0.14789,3.9752812
0.147892,3.9752812
0.147894,3.9752812
0.147896,3.9752812
0.147898,3.9752812
0.1479,3.9752812
0.147902,3.9752812
0.147904,3.9752812
0.147906,3.9752812
0.147908,3.9752812
0.14791,3.9752812
0.147912,3.9752812
0.14791399,3.9752812
0.147916,3.9752812
0.147918,3.9752812
0.14792,3.9752812
0.147922,3.9752812
0.147924,3.9752812
0.147926,3.9752812
0.147928,3.9752812
0.14793,3.9752812
0.147932,3.9752812
0.147934,3.9752812
0.147936,3.9752812
0.147938,3.9752812
0.14794,3.9752812
0.147942,3.9752812
0.147944,3.9752812
0.147946,3.9752812
0.147948,3.9752812
0.14795,3.9752812
0.147952,3.9752812
0.147954,3.9752812
0.147956,3.9752812
0.147958,3.9752812
0.14795999,3.9752812
0.147962,3.9752812
0.147964,3.9752812
0.147966,3.9752812
0.147968,3.9752812
0.14797,3.9752812
0.147972,3.9752812
0.147974,3.9752812
0.147976,3.9752812
0.147978,3.9752812
0.14798,3.9752812
0.147982,3.9752812
0.147984,3.9752812
0.147986,3.9752812
0.147988,3.9752812
0.14799,3.9752812
0.147992,3.9752812
0.147994,3.9752812
0.147996,3.9752812
0.147998,3.9752812
0.148,3.9752812
0.148002,3.9752812
0.148004,3.9752812
0.148006,3.9752812
0.148008,3.9752812
0.14801,3.9752812
0.148012,3.9752812
0.148014,3.9752812
0.148016,3.9752812
0.148018,3.9752812
0.14802,3.9752812
0.148022,3.9752812
0.148024,3.9752812
0.148026,3.9752812
0.148028,3.9752812
0.14803,3.9752812
0.148032,3.9752812
0.148034,3.9752812
0.148036,3.9752812
0.148038,3.9752812
0.14804,3.9752812
0.148042,3.9752812
0.148044,3.9752812
0.148046,3.9752812
0.148048,3.9752812
0.14805,3.9752812
0.148052,3.9752812
0.148054,3.9752812
0.148056,3.9752812
0.148058,3.9752812
0.14806,3.9752812
0.148062,3.9752812
0.148064,3.9752812
0.148066,3.9752812
0.148068,3.9752812
0.14807,3.9752812
0.148072,3.9752812
0.148074,3.9752812
0.148076,3.9752812
0.148078,3.9752812
0.14808,3.9752812
0.148082,3.9752812
0.148084,3.9752812
0.148086,3.9752812
0.148088,3.9752812
0.14809,3.9752812
0.148092,3.9752812
0.148094,3.9752812
0.148096,3.9752812
0.148098,3.9752812
0.1481,3.9752812
0.148102,3.9752812
0.148104,3.9752812
0.148106,3.9752812
0.148108,3.9752812
0.14811,3.9752812
0.148112,4.0215135
0.148114,2.727035
0.14811599,2.727035
0.148118,2.727035
0.14812,2.727035
0.148122,2.727035
0.148124,2.727035
0.148126,2.727035
0.148128,2.727035
0.14813,2.6808028
0.148132,2.6808028
0.148134,2.6808028
0.148136,2.6808028
0.148138,2.6808028
0.14814,2.6808028
0.148142,2.6808028
0.148144,2.6808028
0.148146,2.6808028
0.148148,2.6808028
0.14815,2.6808028
0.148152,2.6808028
0.148154,2.6808028
0.148156,2.6808028
0.148158,2.6808028
0.14816,2.6808028
0.14816199,2.6808028
0.148164,2.6808028
0.148166,2.6808028
0.148168,2.6808028
0.14817,2.6808028
0.148172,2.6808028
0.148174,2.6808028
0.148176,2.6808028
0.148178,2.6808028
0.14818,2.6808028
0.148182,2.6808028
0.148184,2.6808028
0.148186,2.6808028
0.148188,2.6808028
0.14819,2.6808028
0.148192,2.6808028
0.148194,2.6808028
0.148196,2.6808028
0.148198,2.6808028
0.1482,2.6808028
0.148202,2.6808028
0.148204,2.6808028
0.148206,2.6808028
0.14820799,2.6808028
0.14821,2.6808028
0.148212,2.6808028
0.148214,2.6808028
0.148216,2.6808028
0.148218,2.6808028
0.14822,2.6808028
0.148222,2.6808028
0.148224,2.6808028
0.148226,2.6808028
0.148228,2.6808028
0.14823,2.6808028
0.148232,2.6808028
0.148234,2.6808028
0.148236,2.6808028
0.148238,2.6808028
0.14824,2.6808028
0.148242,2.6808028
0.148244,2.6808028
0.148246,2.6808028
0.148248,2.6808028
0.14825,2.6808028
0.148252,2.6808028
0.14825399,2.6808028
0.148256,2.6808028
0.148258,2.6808028
0.14826,2.6808028
0.148262,2.6808028
0.148264,2.6808028
0.148266,2.6808028
0.148268,2.6808028
0.14827,2.6808028
0.148272,2.6808028
0.148274,2.6808028
0.148276,2.6808028
0.148278,2.6808028
0.14828,2.6808028
0.148282,2.6808028
0.148284,2.6808028
0.148286,2.6808028
0.148288,2.6808028
0.14829,2.6808028
0.148292,2.6808028
0.148294,2.6808028
0.148296,2.6808028
0.148298,2.6808028
0.1483,2.6808028
0.148302,2.6808028
0.148304,2.6808028
0.148306,2.6808028
0.148308,2.6808028
0.14831,2.6808028
0.148312,2.6808028
0.148314,2.6808028
0.148316,2.6808028
0.148318,2.6808028
0.14832,2.6808028
0.148322,2.6808028
0.148324,2.6808028
0.148326,2.6808028
0.148328,2.6808028
0.14833,2.6808028
0.148332,2.6808028
0.148334,2.6808028
0.148336,2.6808028
0.148338,2.6808028
0.14834,2.6808028
0.148342,2.6808028
0.148344,2.6808028
0.148346,2.6808028
0.148348,2.6808028
0.14835,2.6808028
0.148352,2.6808028
0.148354,2.6808028
0.148356,2.6808028
0.148358,2.6808028
0.14836,2.6808028
0.148362,2.6808028
0.148364,2.6808028
0.148366,2.6808028
0.148368,2.6808028
0.14837,2.6808028
0.148372,2.6808028
0.148374,2.6808028
0.148376,2.6808028
0.148378,2.6808028
0.14838,2.6808028
0.148382,2.6808028
0.148384,2.6808028
0.148386,2.6808028
0.148388,2.6808028
0.14839,2.6808028
0.148392,2.6808028
0.148394,2.6808028
0.148396,2.6808028
0.148398,2.6808028
0.1484,2.6808028
0.148402,2.6808028
0.148404,2.6808028
0.148406,2.6808028
0.148408,2.6808028
0.14840999,2.6808028
0.148412,2.6808028
0.148414,2.6808028
0.148416,2.6808028
0.148418,2.6808028
0.14842,2.6808028
0.148422,2.6808028
0.148424,2.6808028
0.148426,2.6808028
0.148428,2.6808028
0.14843,2.6808028
0.148432,2.6808028
0.148434,2.6808028
0.148436,2.6808028
0.148438,2.6808028
0.14844,2.6808028
0.148442,2.6808028
0.148444,2.6808028
0.148446,2.6808028
0.148448,2.6808028
0.14845,2.6808028
0.148452,2.6808028
0.148454,2.6808028
0.14845599,2.6808028
0.148458,2.6808028
0.14846,2.6808028
0.148462,2.6808028
0.148464,2.6808028
0.148466,2.542109
0.148468,1.4325566
0.14847,1.4325566
0.148472,1.4325566
0.148474,1.4325566
0.148476,1.4325566
0.148478,1.4325566
0.14848,1.4325566
0.148482,1.4325566
0.148484,1.4325566
0.148486,1.4325566
0.148488,1.4325566
0.14849,1.4325566
0.148492,1.4325566
0.148494,1.4325566
0.148496,1.4325566
0.148498,1.4325566
0.1485,1.4325566
0.14850199,1.4325566
0.148504,1.4325566
0.148506,1.3863249
0.148508,1.4325566
0.14851,1.3863249
0.148512,1.3863249
0.148514,1.3863249
0.148516,1.3863249
0.148518,1.3863249
0.14852,1.3863249
0.148522,1.3863249
0.148524,1.3863249
0.148526,1.3863249
0.148528,1.3863249
0.14853,1.3863249
0.148532,1.3863249
0.148534,1.3863249
0.148536,1.3863249
0.148538,1.3863249
0.14854,1.3863249
0.148542,1.3863249
0.148544,1.3863249
0.148546,1.3863249
0.148548,1.3863249
0.14855,1.3863249
0.148552,1.3863249
0.148554,1.3863249
0.148556,1.3863249
0.148558,1.3863249
0.14856,1.3863249
0.148562,1.3863249
0.148564,1.3863249
0.148566,1.3863249
0.148568,1.3863249
0.14857,1.3863249
0.148572,1.3863249
0.148574,1.3863249
0.148576,1.3863249
0.148578,1.3863249
0.14858,1.3863249
0.148582,1.3863249
0.148584,1.3863249
0.148586,1.3863249
0.148588,1.3863249
0.14859,1.3863249
0.148592,1.3863249
0.148594,1.3863249
0.148596,1.3863249
0.148598,1.3863249
0.1486,1.3863249
0.148602,1.3863249
0.148604,1.3863249
0.148606,1.3863249
0.148608,1.3863249
0.14861,1.3863249
0.148612,1.3863249
0.148614,1.3863249
0.148616,1.3863249
0.148618,1.3863249
0.14862,1.3863249
0.148622,1.3863249
0.148624,1.3863249
0.148626,1.3863249
0.148628,1.3863249
0.14863,1.3863249
0.148632,1.3863249
0.148634,1.3863249
0.148636,1.3863249
0.148638,1.3863249
0.14864,1.3863249
0.148642,1.3863249
0.148644,1.3863249
0.148646,1.3863249
0.148648,1.3863249
0.14865,1.3863249
0.148652,1.3863249
0.148654,1.3863249
0.148656,1.3863249
0.14865799,1.3863249
0.14866,1.3863249
0.148662,1.3863249
0.148664,1.3863249
0.148666,1.3863249
0.148668,1.3863249
0.14867,1.3863249
0.148672,1.3863249
0.148674,1.3863249
0.148676,1.3863249
0.148678,1.3863249
0.14868,1.3863249
0.148682,1.3863249
0.148684,1.3863249
0.148686,1.3863249
0.148688,1.3863249
0.14869,1.3863249
0.148692,1.3863249
0.148694,1.3863249
0.148696,1.3863249
0.148698,1.3863249
0.1487,1.3863249
0.148702,1.3863249
0.14870399,1.3863249
0.148706,1.3863249
0.148708,1.3863249
0.14871,1.3863249
0.148712,1.3863249
0.148714,1.3863249
0.148716,1.3863249
0.148718,1.3863249
0.14872,1.3863249
0.148722,1.3863249
0.148724,1.3863249
0.148726,1.3863249
0.148728,1.3863249
0.14873,1.3863249
0.148732,1.3863249
0.148734,1.3863249
0.148736,1.3863249
0.148738,1.3863249
0.14874,1.3863249
0.148742,1.3863249
0.148744,1.3863249
0.148746,1.3863249
0.148748,1.3863249
0.14874999,1.3863249
0.148752,1.3863249
0.148754,1.3863249
0.148756,1.3863249
0.148758,1.3863249
0.14876,1.3863249
0.148762,1.3863249
0.148764,1.3863249
0.148766,1.3863249
0.148768,1.3863249
0.14877,1.3863249
0.148772,1.3863249
0.148774,1.3863249
0.148776,1.3863249
0.148778,1.3863249
0.14878,1.3863249
0.148782,1.3863249
0.148784,1.3863249
0.148786,1.3863249
0.148788,1.3863249
0.14879,1.3863249
0.148792,1.3863249
0.148794,1.3863249
0.148796,1.3863249
0.148798,1.3863249
0.1488,1.3863249
0.148802,1.3863249
0.148804,1.3863249
0.148806,1.3863249
0.148808,1.3863249
0.14881,1.3863249
0.148812,1.3863249
0.148814,1.3863249
0.148816,1.3863249
0.148818,1.3863249
0.14882,0.8315482
0.148822,0.184309
0.148824,0.13807821
0.148826,0.13807821
0.148828,0.13807821
0.14883,0.13807821
0.148832,0.13807821
0.148834,0.13807821
0.148836,0.13807821
0.148838,0.13807821
0.14884,0.13807821
0.148842,0.13807821
0.148844,0.13807821
0.148846,0.13807821
0.148848,0.091846466
0.14885,0.091846466
0.148852,0.091846466
0.148854,0.091846466
0.148856,0.091846466
0.148858,0.091846466
0.14886,0.091846466
0.148862,0.091846466
0.148864,0.091846466
0.148866,0.091846466
0.148868,0.091846466
0.14887,0.091846466
0.148872,0.091846466
0.148874,0.091846466
0.148876,0.091846466
0.148878,0.091846466
0.14888,0.091846466
0.148882,0.091846466
0.148884,0.091846466
0.148886,0.091846466
0.148888,0.091846466
0.14889,0.091846466
0.148892,0.091846466
0.148894,0.091846466
0.148896,0.091846466
0.148898,0.091846466
0.1489,0.091846466
0.148902,0.091846466
0.148904,0.091846466
0.14890599,0.091846466
0.148908,0.091846466
0.14891,0.091846466
0.148912,0.091846466
0.148914,0.091846466
0.148916,0.091846466
0.148918,0.091846466
0.14892,0.091846466
0.148922,0.091846466
0.148924,0.091846466
0.148926,0.091846466
0.148928,0.091846466
0.14893,0.091846466
0.148932,0.091846466
0.148934,0.091846466
0.148936,0.091846466
0.148938,0.091846466
0.14894,0.091846466
0.148942,0.091846466
0.148944,0.091846466
0.148946,0.091846466
0.148948,0.091846466
0.14895,0.091846466
0.14895199,0.091846466
0.148954,0.091846466
0.148956,0.091846466
0.148958,0.091846466
0.14896,0.091846466
0.148962,0.091846466
0.148964,0.091846466
0.148966,0.091846466
0.148968,0.091846466
0.14897,0.091846466
0.148972,0.091846466
0.148974,0.091846466
0.148976,0.091846466
0.148978,0.091846466
0.14898,0.091846466
0.148982,0.091846466
0.148984,0.091846466
0.148986,0.091846466
0.148988,0.091846466
0.14899,0.091846466
0.148992,0.091846466
0.148994,0.091846466
0.148996,0.091846466
0.14899799,0.091846466
0.149,0.091846466
0.149002,0.091846466
0.149004,0.091846466
0.149006,0.091846466
0.149008,0.091846466
0.14901,0.091846466
0.149012,0.091846466
0.149014,0.091846466
0.149016,0.091846466
0.149018,0.091846466
0.14902,0.091846466
0.149022,0.091846466
0.149024,0.091846466
0.149026,0.091846466
0.149028,0.091846466
0.14903,0.091846466
0.149032,0.091846466
0.149034,0.091846466
0.149036,0.091846466
0.149038,0.091846466
0.14904,0.091846466
0.149042,0.091846466
0.149044,0.091846466
0.149046,0.091846466
0.149048,0.091846466
0.14905,0.091846466
0.149052,0.091846466
0.149054,0.091846466
0.149056,0.091846466
0.149058,0.091846466
0.14906,0.091846466
0.149062,0.091846466
0.149064,0.091846466
0.149066,0.091846466
0.149068,0.091846466
0.14907,0.091846466
0.149072,0.091846466
0.149074,0.091846466
0.149076,0.091846466
0.149078,0.091846466
0.14908,0.091846466
0.149082,0.091846466
0.149084,0.091846466
0.149086,0.091846466
0.149088,0.091846466
0.14909,0.091846466
0.149092,0.091846466
0.149094,0.091846466
0.149096,0.091846466
0.149098,0.091846466
0.1491,0.091846466
0.149102,0.091846466
0.149104,0.091846466
0.149106,0.091846466
0.149108,0.091846466
0.14911,0.091846466
0.149112,0.091846466
0.149114,0.091846466
0.149116,0.091846466
0.149118,0.091846466
0.14912,0.091846466
0.149122,0.091846466
0.149124,0.091846466
0.149126,0.091846466
0.149128,0.091846466
0.14913,0.091846466
0.149132,0.091846466
0.149134,0.091846466
0.149136,0.091846466
0.149138,0.091846466
0.14914,0.091846466
0.149142,0.091846466
0.149144,0.091846466
0.149146,0.091846466
0.149148,0.091846466
0.14915,0.091846466
0.149152,0.091846466
0.14915399,0.091846466
0.149156,0.091846466
0.149158,0.091846466
0.14916,0.091846466
0.149162,0.091846466
0.149164,0.091846466
0.149166,0.091846466
0.149168,0.091846466
0.14917,0.091846466
0.149172,0.091846466
0.149174,0.091846466
0.149176,0.091846466
0.149178,0.091846466
0.14918,0.091846466
0.149182,0.091846466
0.149184,0.091846466
0.149186,0.091846466
0.149188,0.091846466
0.14919,0.091846466
0.149192,0.091846466
0.149194,0.091846466
0.149196,0.091846466
0.149198,0.091846466
0.14919999,0.091846466
0.149202,0.091846466
0.149204,0.091846466
0.149206,0.091846466
0.149208,0.091846466
0.14921,0.091846466
0.149212,0.091846466
0.149214,0.091846466
0.149216,0.091846466
0.149218,0.091846466
0.14922,0.091846466
0.149222,0.091846466
0.149224,0.091846466
0.149226,0.091846466
0.149228,0.091846466
0.14923,0.091846466
0.149232,0.091846466
0.149234,0.091846466
0.149236,0.091846466
0.149238,0.091846466
0.14924,0.091846466
0.149242,0.091846466
0.149244,0.091846466
0.14924599,0.091846466
0.149248,0.091846466
0.14925,0.091846466
0.149252,0.091846466
0.149254,0.091846466
0.149256,0.091846466
0.149258,0.091846466
0.14926,0.091846466
0.149262,0.091846466
0.149264,0.091846466
0.149266,0.091846466
0.149268,0.091846466
0.14927,0.091846466
0.149272,0.091846466
0.149274,0.091846466
0.149276,0.091846466
0.149278,0.091846466
0.14928,0.091846466
0.149282,0.091846466
0.149284,0.091846466
0.149286,0.091846466
0.149288,0.091846466
0.14929,0.091846466
0.14929199,0.091846466
0.149294,0.091846466
0.149296,0.091846466
0.149298,0.091846466
0.1493,0.091846466
0.149302,0.091846466
0.149304,0.091846466
0.149306,0.091846466
0.149308,0.091846466
0.14931,0.091846466
0.149312,0.091846466
0.149314,0.091846466
0.149316,0.091846466
0.149318,0.091846466
0.14932,0.091846466
0.149322,0.091846466
0.149324,0.091846466
0.149326,0.091846466
0.149328,0.091846466
0.14933,0.091846466
0.149332,0.091846466
0.149334,0.091846466
0.149336,0.091846466
0.149338,0.091846466
0.14934,0.091846466
0.149342,0.091846466
0.149344,0.091846466
0.149346,0.091846466
0.149348,0.091846466
0.14935,0.091846466
0.149352,0.091846466
0.149354,0.091846466
0.149356,0.091846466
0.149358,0.091846466
0.14936,0.091846466
0.149362,0.091846466
0.149364,0.091846466
0.149366,0.091846466
0.149368,0.091846466
0.14937,0.091846466
0.149372,0.091846466
0.149374,0.091846466
0.149376,0.091846466
0.149378,0.091846466
0.14938,0.091846466
0.149382,0.091846466
0.149384,0.091846466
0.149386,0.091846466
0.149388,0.091846466
0.14939,0.091846466
0.149392,0.091846466
0.149394,0.091846466
0.149396,0.091846466
0.149398,0.091846466
0.1494,0.091846466
0.149402,0.091846466
0.149404,0.091846466
0.149406,0.091846466
0.149408,0.091846466
0.14941,0.091846466
0.149412,0.091846466
0.149414,0.091846466
0.149416,0.091846466
0.149418,0.091846466
0.14942,0.091846466
0.149422,0.091846466
0.149424,0.091846466
0.149426,0.091846466
0.149428,0.091846466
0.14943,0.091846466
0.149432,0.091846466
0.149434,0.091846466
0.149436,0.091846466
0.149438,0.091846466
0.14944,0.091846466
0.149442,0.091846466
0.149444,0.091846466
0.149446,0.091846466
0.14944799,0.091846466
0.14945,0.091846466
0.149452,0.091846466
0.149454,0.091846466
0.149456,0.091846466
0.149458,0.091846466
0.14946,0.091846466
0.149462,0.091846466
0.149464,0.091846466
0.149466,0.091846466
0.149468,0.091846466
0.14947,0.091846466
0.149472,0.091846466
0.149474,0.091846466
0.149476,0.091846466
0.149478,0.091846466
0.14948,0.091846466
0.149482,0.091846466
0.149484,0.091846466
0.149486,0.091846466
0.149488,0.091846466
0.14949,0.091846466
0.149492,0.091846466
0.14949399,0.091846466
0.149496,0.091846466
0.149498,0.091846466
0.1495,0.091846466
0.149502,0.091846466
0.149504,0.091846466
0.149506,0.091846466
0.149508,0.091846466
0.14951,0.091846466
0.149512,0.091846466
0.149514,0.091846466
0.149516,0.091846466
0.149518,0.091846466
0.14952,0.091846466
0.149522,0.091846466
0.149524,0.091846466
0.149526,0.091846466
0.149528,0.091846466
0.14953,0.091846466
0.149532,0.091846466
0.149534,0.091846466
0.149536,0.091846466
0.149538,0.091846466
0.14953999,0.091846466
0.149542,0.091846466
0.149544,0.091846466
0.149546,0.091846466
0.149548,0.091846466
0.14955,0.091846466
0.149552,0.091846466
0.149554,0.091846466
0.149556,0.091846466
0.149558,0.091846466
0.14956,0.091846466
0.149562,0.091846466
0.149564,0.091846466
0.149566,0.091846466
0.149568,0.091846466
0.14957,0.091846466
0.149572,0.091846466
0.149574,0.091846466
0.149576,0.091846466
0.149578,0.091846466
0.14958,0.091846466
0.149582,0.091846466
0.149584,0.091846466
0.149586,0.091846466
0.149588,0.091846466
0.14959,0.091846466
0.149592,0.091846466
0.149594,0.091846466
0.149596,0.091846466
0.149598,0.091846466
0.1496,0.091846466
0.149602,0.091846466
0.149604,0.091846466
0.149606,0.091846466
0.149608,0.091846466
0.14961,0.091846466
0.149612,0.091846466
0.149614,0.091846466
0.149616,0.091846466
0.149618,0.091846466
0.14962,0.091846466
0.149622,0.091846466
0.149624,0.091846466
0.149626,0.091846466
0.149628,0.091846466
0.14963,0.091846466
0.149632,0.091846466
0.149634,0.091846466
0.149636,0.091846466
0.149638,1.3400936
0.14964,1.3400936
0.149642,1.3400936
0.149644,1.3400936
0.149646,1.3863249
0.149648,1.3863249
0.14965,1.3863249
0.149652,1.3863249
0.149654,1.3863249
0.149656,1.3863249
0.149658,1.3863249
0.14966,1.3863249
0.149662,1.3863249
0.149664,1.3863249
0.149666,1.3863249
0.149668,1.3863249
0.14967,1.3863249
0.149672,1.3863249
0.149674,1.3863249
0.149676,1.3863249
0.149678,1.3863249
0.14968,1.3863249
0.149682,1.3863249
0.149684,1.3863249
0.149686,1.3863249
0.149688,1.3863249
0.14969,1.3863249
0.149692,1.3863249
0.149694,1.3863249
0.14969599,1.3863249
0.149698,1.3863249
0.1497,1.3863249
0.149702,1.3863249
0.149704,1.3863249
0.149706,1.3863249
0.149708,1.3863249
0.14971,1.3863249
0.149712,1.3863249
0.149714,1.3863249
0.149716,1.3863249
0.149718,1.3863249
0.14972,1.3863249
0.149722,1.3863249
0.149724,1.3863249
0.149726,1.3863249
0.149728,1.3863249
0.14973,1.3863249
0.149732,1.3863249
0.149734,1.3863249
0.149736,1.3863249
0.149738,1.3863249
0.14974,1.3863249
0.14974199,1.3863249
0.149744,1.3863249
0.149746,1.3863249
0.149748,1.3863249
0.14975,1.3863249
0.149752,1.3863249
0.149754,1.3863249
0.149756,1.3863249
0.149758,1.3863249
0.14976,1.3863249
0.149762,1.3863249
0.149764,1.3863249
0.149766,1.3863249
0.149768,1.3863249
0.14977,1.3863249
0.149772,1.3863249
0.149774,1.3863249
0.149776,1.3863249
0.149778,1.3863249
0.14978,1.3863249
0.149782,1.3863249
0.149784,1.3863249
0.149786,1.3863249
0.14978799,1.3863249
0.14979,1.3863249
0.149792,1.3863249
0.149794,1.3863249
0.149796,1.3863249
0.149798,1.3863249
0.1498,1.3863249
0.149802,1.3863249
0.149804,1.3863249
0.149806,1.3863249
0.149808,1.3863249
0.14981,1.3863249
0.149812,1.3863249
0.149814,1.3863249
0.149816,1.3863249
0.149818,1.3863249
0.14982,1.3863249
0.149822,1.3863249
0.149824,1.3863249
0.149826,1.3863249
0.149828,1.3863249
0.14983,1.3863249
0.149832,1.3863249
0.149834,1.3863249
0.149836,1.3863249
0.149838,1.3863249
0.14984,1.3863249
0.149842,1.3863249
0.149844,1.3863249
0.149846,1.3863249
0.149848,1.3863249
0.14985,1.3863249
0.149852,1.3863249
0.149854,1.3863249
0.149856,1.3863249
0.149858,1.3863249
0.14986,1.3863249
0.149862,1.3863249
0.149864,1.3863249
0.149866,1.3863249
0.149868,1.3863249
0.14987,1.3863249
0.149872,1.3863249
0.149874,1.3863249
0.149876,1.3863249
0.149878,1.3863249
0.14988,1.3863249
0.149882,1.3863249
0.149884,1.3863249
0.149886,1.3863249
0.149888,1.3863249
0.14989,1.3863249
0.149892,1.3863249
0.149894,1.3863249
0.149896,1.3863249
0.149898,1.3863249
0.1499,1.3863249
0.149902,1.3863249
0.149904,1.3863249
0.149906,1.3863249
0.149908,1.3863249
0.14991,1.3863249
0.149912,1.3863249
0.149914,1.3863249
0.149916,1.3863249
0.149918,1.3863249
0.14992,1.3863249
0.149922,1.3863249
0.149924,1.3863249
0.149926,1.3863249
0.149928,1.3863249
0.14993,1.3863249
0.149932,1.3863249
0.149934,1.3863249
0.149936,1.3863249
0.149938,1.3863249
0.14994,1.3863249
0.149942,1.3863249
0.14994399,1.3863249
0.149946,1.3863249
0.149948,1.3863249
0.14995,1.3863249
0.149952,1.3863249
0.149954,1.3863249
0.149956,1.3863249
0.149958,1.3863249
0.14996,1.3863249
0.149962,1.3863249
0.149964,1.3863249
0.149966,1.3863249
0.149968,1.3863249
0.14997,1.3863249
0.149972,1.3863249
0.149974,1.3863249
0.149976,1.3863249
0.149978,1.3863249
0.14998,1.3863249
0.149982,1.3863249
0.149984,1.3863249
0.149986,1.3863249
0.149988,1.3863249
0.14998999,1.5712504
0.149992,2.6345725
0.149994,2.6345725
0.149996,2.6345725
0.149998,2.6345725
0.15,2.6345725
0.150002,2.6345725
0.150004,2.6345725
0.150006,2.6345725
0.150008,2.6345725
0.15001,2.6808028
0.150012,2.6808028
0.150014,2.6808028
0.150016,2.6808028
0.150018,2.6808028
0.15002,2.6808028
0.150022,2.6808028
0.150024,2.6808028
0.150026,2.6808028
0.150028,2.6808028
0.15003,2.6808028
0.150032,2.6808028
0.150034,2.6808028
0.15003599,2.6808028
0.150038,2.6808028
0.15004,2.6808028
0.150042,2.6808028
0.150044,2.6808028
0.150046,2.6808028
0.150048,2.6808028
0.15005,2.6808028
0.150052,2.6808028
0.150054,2.6808028
0.150056,2.6808028
0.150058,2.6808028
0.15006,2.6808028
0.150062,2.6808028
0.150064,2.6808028
0.150066,2.6808028
0.150068,2.6808028
0.15007,2.6808028
0.150072,2.6808028
0.150074,2.6808028
0.150076,2.6808028
0.150078,2.6808028
0.15008,2.6808028
0.150082,2.6808028
0.150084,2.6808028
0.150086,2.6808028
0.150088,2.6808028
0.15009,2.6808028
0.150092,2.6808028
0.150094,2.6808028
0.150096,2.6808028
0.150098,2.6808028
0.1501,2.6808028
0.150102,2.6808028
0.150104,2.6808028
0.150106,2.6808028
0.150108,2.6808028
0.15011,2.6808028
0.150112,2.6808028
0.150114,2.6808028
0.150116,2.6808028
0.150118,2.6808028
0.15012,2.6808028
0.150122,2.6808028
0.150124,2.6808028
0.150126,2.6808028
0.150128,2.6808028
0.15013,2.6808028
0.150132,2.6808028
0.150134,2.6808028
0.150136,2.6808028
0.150138,2.6808028
0.15014,2.6808028
0.150142,2.6808028
0.150144,2.6808028
0.150146,2.6808028
0.150148,2.6808028
0.15015,2.6808028
0.150152,2.6808028
0.150154,2.6808028
0.150156,2.6808028
0.150158,2.6808028
0.15016,2.6808028
0.150162,2.6808028
0.150164,2.6808028
0.150166,2.6808028
0.150168,2.6808028
0.15017,2.6808028
0.150172,2.6808028
0.150174,2.6808028
0.150176,2.6808028
0.150178,2.6808028
0.15018,2.6808028
0.150182,2.6808028
0.150184,2.6808028
0.150186,2.6808028
0.150188,2.6808028
0.15019,2.6808028
0.15019199,2.6808028
0.150194,2.6808028
0.150196,2.6808028
0.150198,2.6808028
0.1502,2.6808028
0.150202,2.6808028
0.150204,2.6808028
0.150206,2.6808028
0.150208,2.6808028
0.15021,2.6808028
0.150212,2.6808028
0.150214,2.6808028
0.150216,2.6808028
0.150218,2.6808028
0.15022,2.6808028
0.150222,2.6808028
0.150224,2.6808028
0.150226,2.6808028
0.150228,2.6808028
0.15023,2.6808028
0.150232,2.6808028
0.150234,2.6808028
0.150236,2.6808028
0.15023799,2.6808028
0.15024,2.6808028
0.150242,2.6808028
0.150244,2.6808028
0.150246,2.6808028
0.150248,2.6808028
0.15025,2.6808028
0.150252,2.6808028
0.150254,2.6808028
0.150256,2.6808028
0.150258,2.6808028
0.15026,2.6808028
0.150262,2.6808028
0.150264,2.6808028
0.150266,2.6808028
0.150268,2.6808028
0.15027,2.6808028
0.150272,2.6808028
0.150274,2.6808028
0.150276,2.6808028
0.150278,2.6808028
0.15028,2.6808028
0.150282,2.6808028
0.15028399,2.6808028
0.150286,2.6808028
0.150288,2.6808028
0.15029,2.6808028
0.150292,2.6808028
0.150294,2.6808028
0.150296,2.6808028
0.150298,2.6808028
0.1503,2.6808028
0.150302,2.6808028
0.150304,2.6808028
0.150306,2.6808028
0.150308,2.6808028
0.15031,2.6808028
0.150312,2.6808028
0.150314,2.6808028
0.150316,2.6808028
0.150318,3.8365874
0.15032,3.92905
0.150322,3.92905
0.150324,3.92905
0.150326,3.92905
0.150328,3.9752812
0.15032999,3.9752812
0.150332,3.9752812
0.150334,3.9752812
0.150336,3.9752812
0.150338,3.9752812
0.15034,3.9752812
0.150342,3.9752812
0.150344,3.9752812
0.150346,3.9752812
0.150348,3.9752812
0.15035,3.9752812
0.150352,3.9752812
0.150354,3.9752812
0.150356,3.9752812
0.150358,3.9752812
0.15036,3.9752812
0.150362,3.9752812
0.150364,3.9752812
0.150366,3.9752812
0.150368,3.9752812
0.15037,3.9752812
0.150372,3.9752812
0.150374,3.9752812
0.150376,3.9752812
0.150378,3.9752812
0.15038,3.9752812
0.150382,3.9752812
0.150384,3.9752812
0.150386,3.9752812
0.150388,3.9752812
0.15039,3.9752812
0.150392,3.9752812
0.150394,3.9752812
0.150396,3.9752812
0.150398,3.9752812
0.1504,3.9752812
0.150402,3.9752812
0.150404,3.9752812
0.150406,3.9752812
0.150408,3.9752812
0.15041,3.9752812
0.150412,3.9752812
0.150414,3.9752812
0.150416,3.9752812
0.150418,3.9752812
0.15042,3.9752812
0.150422,3.9752812
0.150424,3.9752812
0.150426,3.9752812
0.150428,3.9752812
0.15043,3.9752812
0.150432,3.9752812
0.150434,3.9752812
0.150436,3.9752812
0.150438,3.9752812
0.15043999,3.9752812
0.150442,3.9752812
0.150444,3.9752812
0.150446,3.9752812
0.150448,3.9752812
0.15045,3.9752812
0.150452,3.9752812
0.150454,3.9752812
0.150456,3.9752812
0.150458,3.9752812
0.15046,3.9752812
0.150462,3.9752812
0.150464,3.9752812
0.150466,3.9752812
0.150468,3.9752812
0.15047,3.9752812
0.150472,3.9752812
0.150474,3.9752812
0.150476,3.9752812
0.150478,3.9752812
0.15048,3.9752812
0.150482,3.9752812
0.150484,3.9752812
0.15048599,3.9752812
0.150488,3.9752812
0.15049,3.9752812
0.150492,3.9752812
0.150494,3.9752812
0.150496,3.9752812
0.150498,3.9752812
0.1505,3.9752812
0.150502,3.9752812
0.150504,3.9752812
0.150506,3.9752812
0.150508,3.9752812
0.15051,3.9752812
0.150512,3.9752812
0.150514,3.9752812
0.150516,3.9752812
0.150518,3.9752812
0.15052,3.9752812
0.150522,3.9752812
0.150524,3.9752812
0.150526,3.9752812
0.150528,3.9752812
0.15053,3.9752812
0.15053199,3.9752812
0.150534,3.9752812
0.150536,3.9752812
0.150538,3.9752812
0.15054,3.9752812
0.150542,3.9752812
0.150544,3.9752812
0.150546,3.9752812
0.150548,3.9752812
0.15055,3.9752812
0.150552,3.9752812
0.150554,3.9752812
0.150556,3.9752812
0.150558,3.9752812
0.15056,3.9752812
0.150562,3.9752812
0.150564,3.9752812
0.150566,3.9752812
0.150568,3.9752812
0.15057,3.9752812
0.150572,3.9752812
0.150574,3.9752812
0.150576,3.9752812
0.15057799,3.9752812
0.15058,3.9752812
0.150582,3.9752812
0.150584,3.9752812
0.150586,3.9752812
0.150588,3.9752812
0.15059,3.9752812
0.150592,3.9752812
0.150594,3.9752812
0.150596,3.9752812
0.150598,3.9752812
0.1506,3.9752812
0.150602,3.9752812
0.150604,3.9752812
0.150606,3.9752812
0.150608,3.9752812
0.15061,3.9752812
0.150612,3.9752812
0.150614,3.9752812
0.150616,3.9752812
0.150618,3.9752812
0.15062,3.9752812
0.150622,3.9752812
0.150624,3.9752812
0.150626,3.9752812
0.150628,3.9752812
0.15063,3.9752812
0.150632,3.9752812
0.150634,3.9752812
0.150636,3.9752812
0.150638,3.9752812
0.15064,3.9752812
0.150642,3.9752812
0.150644,3.9752812
0.150646,3.9752812
0.150648,3.9752812
0.15065,3.9752812
0.150652,3.9752812
0.150654,3.9752812
0.150656,3.9752812
0.150658,3.9752812
0.15066,3.9752812
0.150662,3.9752812
0.150664,3.9752812
0.150666,3.9752812
0.150668,3.9752812
0.15067,3.9752812
0.150672,3.9752812
0.150674,3.9752812
0.150676,3.9752812
0.150678,3.9752812
0.15068,3.9752812
0.150682,3.9752812
0.150684,3.9752812
0.150686,3.9752812
0.150688,3.9752812
0.15069,3.9752812
0.150692,3.9752812
0.150694,3.9752812
0.150696,3.9752812
0.150698,3.9752812
0.1507,3.9752812
0.150702,3.9752812
0.150704,3.9752812
0.150706,3.9752812
0.150708,3.9752812
0.15071,3.9752812
0.150712,3.9752812
0.150714,3.9752812
0.150716,3.9752812
0.150718,3.9752812
0.15072,3.9752812
0.150722,3.9752812
0.150724,3.9752812
0.150726,3.9752812
0.150728,3.9752812
0.15073,3.9752812
0.150732,3.9752812
0.15073399,3.9752812
0.150736,3.9752812
0.150738,3.9752812
0.15074,3.9752812
0.150742,3.9752812
0.150744,3.9752812
0.150746,3.9752812
0.150748,3.9752812
0.15075,3.9752812
0.150752,3.9752812
0.150754,3.9752812
0.150756,3.9752812
0.150758,3.9752812
0.15076,3.9752812
0.150762,3.9752812
0.150764,3.9752812
0.150766,3.9752812
0.150768,3.9752812
0.15077,3.9752812
0.150772,3.9752812
0.150774,3.9752812
0.150776,3.9752812
0.150778,3.9752812
0.15077999,3.9752812
0.150782,3.9752812
0.150784,3.9752812
0.150786,3.9752812
0.150788,3.9752812
0.15079,3.9752812
0.150792,3.9752812
0.150794,3.9752812
0.150796,3.9752812
0.150798,3.9752812
0.1508,3.9752812
0.150802,3.9752812
0.150804,3.9752812
0.150806,3.9752812
0.150808,3.9752812
0.15081,3.9752812
0.150812,3.9752812
0.150814,3.9752812
0.150816,3.9752812
0.150818,3.9752812
0.15082,3.9752812
0.150822,3.9752812
0.150824,3.9752812
0.15082599,3.9752812
0.150828,3.9752812
0.15083,3.9752812
0.150832,3.9752812
0.150834,3.9752812
0.150836,3.9752812
0.150838,3.9752812
0.15084,3.9752812
0.150842,3.9752812
0.150844,3.9752812
0.150846,3.9752812
0.150848,3.9752812
0.15085,3.9752812
0.150852,3.9752812
0.150854,3.9752812
0.150856,3.9752812
0.150858,3.9752812
0.15086,3.9752812
0.150862,3.9752812
0.150864,3.9752812
0.150866,3.9752812
0.150868,3.9752812
0.15087,3.9752812
0.150872,3.9752812
0.150874,3.9752812
0.150876,3.9752812
0.150878,3.9752812
0.15088,3.9752812
0.150882,3.9752812
0.150884,3.9752812
0.150886,3.9752812
0.150888,3.9752812
0.15089,3.9752812
0.150892,3.9752812
0.150894,3.9752812
0.150896,3.9752812
0.150898,3.9752812
0.1509,3.9752812
0.150902,3.9752812
0.150904,3.9752812
0.150906,3.9752812
0.150908,3.9752812
0.15091,3.9752812
0.150912,3.9752812
0.150914,3.9752812
0.150916,3.9752812
0.150918,3.9752812
0.15092,3.9752812
0.150922,3.9752812
0.150924,3.9752812
0.150926,3.9752812
0.150928,3.9752812
0.15093,3.9752812
0.150932,3.9752812
0.150934,3.9752812
0.150936,3.9752812
0.150938,3.9752812
0.15094,3.9752812
0.150942,3.9752812
0.150944,3.9752812
0.150946,3.9752812
0.150948,3.9752812
0.15095,3.9752812
0.150952,3.9752812
0.150954,3.9752812
0.150956,3.9752812
0.150958,3.9752812
0.15096,3.9752812
0.150962,3.9752812
0.150964,3.9752812
0.150966,3.9752812
0.150968,3.9752812
0.15097,3.9752812
0.150972,3.9752812
0.150974,3.9752812
0.150976,3.9752812
0.150978,3.9752812
0.15098,3.9752812
0.15098199,3.9752812
0.150984,3.9752812
0.150986,3.9752812
0.150988,3.9752812
0.15099,3.9752812
0.150992,3.9752812
0.150994,3.9752812
0.150996,3.9752812
0.150998,3.9752812
0.151,3.9752812
0.151002,3.9752812
0.151004,3.9752812
0.151006,3.9752812
0.151008,3.9752812
0.15101,3.9752812
0.151012,3.9752812
0.151014,3.9752812
0.151016,3.9752812
0.151018,3.9752812
0.15102,3.9752812
0.151022,3.9752812
0.151024,3.9752812
0.151026,3.9752812
0.15102799,3.9752812
0.15103,3.9752812
0.151032,3.9752812
0.151034,3.9752812
0.151036,3.9752812
0.151038,3.9752812
0.15104,3.9752812
0.151042,3.9752812
0.151044,3.9752812
0.151046,3.9752812
0.151048,3.9752812
0.15105,3.9752812
0.151052,3.9752812
0.151054,3.9752812
0.151056,3.9752812
0.151058,3.9752812
0.15106,3.9752812
0.151062,3.9752812
0.151064,3.9752812
0.151066,3.9752812
0.151068,3.9752812
0.15107,3.9752812
0.151072,3.9752812
0.15107399,3.9752812
0.151076,3.9752812
0.151078,3.9752812
0.15108,3.9752812
0.151082,3.9752812
0.151084,3.9752812
0.151086,3.9752812
0.151088,3.9752812
0.15109,3.9752812
0.151092,3.9752812
0.151094,3.9752812
0.151096,3.9752812
0.151098,3.9752812
0.1511,3.9752812
0.151102,3.9752812
0.151104,3.9752812
0.151106,3.9752812
0.151108,3.9752812
0.15111,3.9752812
0.151112,3.9752812
0.151114,3.9752812
0.151116,3.9752812
0.151118,3.9752812
0.15112,3.9752812
0.151122,3.9752812
0.151124,3.9752812
0.151126,3.9752812
0.151128,3.9752812
0.15113,3.9752812
0.151132,3.9752812
0.151134,3.9752812
0.151136,3.9752812
0.151138,3.9752812
0.15114,3.9752812
0.151142,3.9752812
0.151144,3.9752812
0.151146,3.9752812
0.151148,3.9752812
0.15115,3.9752812
0.151152,3.9752812
0.151154,3.9752812
0.151156,3.9752812
0.151158,3.9752812
0.15116,3.9752812
0.151162,3.9752812
0.151164,3.9752812
0.151166,3.9752812
0.151168,3.9752812
0.15117,3.9752812
0.151172,3.9752812
0.151174,3.9752812
0.151176,3.9752812
0.151178,3.9752812
0.15118,3.9752812
0.151182,3.9752812
0.151184,3.9752812
0.151186,3.9752812
0.151188,3.9752812
0.15119,3.9752812
0.151192,3.9752812
0.151194,3.9752812
0.151196,3.9752812
0.151198,3.9752812
0.1512,3.9752812
0.151202,3.9752812
0.151204,3.9752812
0.151206,3.9752812
0.151208,3.9752812
0.15121,3.9752812
0.151212,3.9752812
0.151214,3.9752812
0.151216,3.9752812
0.151218,3.9752812
0.15122,3.9752812
0.151222,3.9752812
0.151224,3.9752812
0.151226,3.9752812
0.151228,3.9752812
0.15122999,3.9752812
0.151232,3.9752812
0.151234,3.9752812
0.151236,3.9752812
0.151238,3.9752812
0.15124,3.9752812
0.151242,3.9752812
0.151244,3.9752812
0.151246,3.9752812
0.151248,3.9752812
0.15125,3.9752812
0.151252,3.9752812
0.151254,3.9752812
0.151256,3.9752812
0.151258,3.9752812
0.15126,3.9752812
0.151262,3.9752812
0.151264,3.9752812
0.151266,3.9752812
0.151268,3.9752812
0.15127,3.9752812
0.151272,3.9752812
0.151274,3.9752812
0.15127599,3.9752812
0.151278,3.9752812
0.15128,3.9752812
0.151282,3.9752812
0.151284,3.9752812
0.151286,3.9752812
0.151288,3.9752812
0.15129,3.9752812
0.151292,3.9752812
0.151294,3.9752812
0.151296,3.9752812
0.151298,3.9752812
0.1513,3.9752812
0.151302,3.9752812
0.151304,3.9752812
0.151306,3.9752812
0.151308,3.9752812
0.15131,3.9752812
0.151312,3.9752812
0.151314,3.9752812
0.151316,3.9752812
0.151318,3.9752812
0.15132,3.9752812
0.15132199,3.9752812
0.151324,3.9752812
0.151326,3.9752812
0.151328,3.9752812
0.15133,3.9752812
0.151332,3.9752812
0.151334,3.9752812
0.151336,3.9752812
0.151338,3.9752812
0.15134,3.9752812
0.151342,3.9752812
0.151344,3.9752812
0.151346,3.9752812
0.151348,3.9752812
0.15135,3.9752812
0.151352,3.9752812
0.151354,3.9752812
0.151356,3.9752812
0.151358,3.9752812
0.15136,3.9752812
0.151362,3.9752812
0.151364,3.9752812
0.151366,3.9752812
0.151368,3.9752812
0.15137,3.9752812
0.151372,3.9752812
0.151374,3.9752812
0.151376,3.9752812
0.151378,3.9752812
0.15138,3.9752812
0.151382,3.9752812
0.151384,3.9752812
0.151386,3.9752812
0.151388,3.9752812
0.15139,3.9752812
0.151392,3.9752812
0.151394,3.9752812
0.151396,3.9752812
0.151398,3.9752812
0.1514,3.9752812
0.151402,3.9752812
0.151404,3.9752812
0.151406,3.9752812
0.151408,3.9752812
0.15141,3.9752812
0.151412,3.9752812
0.151414,3.9752812
0.151416,3.9752812
0.151418,3.9752812
0.15142,3.9752812
0.151422,3.9752812
0.151424,3.9752812
0.151426,3.9752812
0.151428,3.9752812
0.15143,3.9752812
0.151432,3.9752812
0.151434,3.9752812
0.151436,3.9752812
0.151438,3.9752812
0.15144,3.9752812
0.151442,3.9752812
0.151444,3.9752812
0.151446,3.9752812
0.151448,3.9752812
0.15145,3.9752812
0.151452,3.9752812
0.151454,3.9752812
0.151456,3.9752812
0.151458,3.9752812
0.15146,3.2818112
0.151462,2.727035
0.151464,2.727035
0.151466,2.727035
0.151468,2.727035
0.15147,2.727035
0.151472,2.727035
0.151474,2.727035
0.151476,2.727035
0.15147799,2.6808028
0.15148,2.727035
0.151482,2.6808028
0.151484,2.6808028
0.151486,2.6808028
0.151488,2.6808028
0.15149,2.6808028
0.151492,2.6808028
0.151494,2.6808028
0.151496,2.6808028
0.151498,2.6808028
0.1515,2.6808028
0.151502,2.6808028
0.151504,2.6808028
0.151506,2.6808028
0.151508,2.6808028
0.15151,2.6808028
0.151512,2.6808028
0.151514,2.6808028
0.151516,2.6808028
0.151518,2.6808028
0.15152,2.6808028
0.151522,2.6808028
0.15152399,2.6808028
0.151526,2.6808028
0.151528,2.6808028
0.15153,2.6808028
0.151532,2.6808028
0.151534,2.6808028
0.151536,2.6808028
0.151538,2.6808028
0.15154,2.6808028
0.151542,2.6808028
0.151544,2.6808028
0.151546,2.6808028
0.151548,2.6808028
0.15155,2.6808028
0.151552,2.6808028
0.151554,2.6808028
0.151556,2.6808028
0.151558,2.6808028
0.15156,2.6808028
0.151562,2.6808028
0.151564,2.6808028
0.151566,2.6808028
0.151568,2.6808028
0.15156999,2.6808028
0.151572,2.6808028
0.151574,2.6808028
0.151576,2.6808028
0.151578,2.6808028
0.15158,2.6808028
0.151582,2.6808028
0.151584,2.6808028
0.151586,2.6808028
0.151588,2.6808028
0.15159,2.6808028
0.151592,2.6808028
0.151594,2.6808028
0.151596,2.6808028
0.151598,2.6808028
0.1516,2.6808028
0.151602,2.6808028
0.151604,2.6808028
0.151606,2.6808028
0.151608,2.6808028
0.15161,2.6808028
0.151612,2.6808028
0.151614,2.6808028
0.15161599,2.6808028
0.151618,2.6808028
0.15162,2.6808028
0.151622,2.6808028
0.151624,2.6808028
0.151626,2.6808028
0.151628,2.6808028
0.15163,2.6808028
0.151632,2.6808028
0.151634,2.6808028
0.151636,2.6808028
0.151638,2.6808028
0.15164,2.6808028
0.151642,2.6808028
0.151644,2.6808028
0.151646,2.6808028
0.151648,2.6808028
0.15165,2.6808028
0.151652,2.6808028
0.151654,2.6808028
0.151656,2.6808028
0.151658,2.6808028
0.15166,2.6808028
0.151662,2.6808028
0.151664,2.6808028
0.151666,2.6808028
0.151668,2.6808028
0.15167,2.6808028
0.151672,2.6808028
0.151674,2.6808028
0.151676,2.6808028
0.151678,2.6808028
0.15168,2.6808028
0.151682,2.6808028
0.151684,2.6808028
0.151686,2.6808028
0.151688,2.6808028
0.15169,2.6808028
0.151692,2.6808028
0.151694,2.6808028
0.151696,2.6808028
0.151698,2.6808028
0.1517,2.6808028
0.151702,2.6808028
0.151704,2.6808028
0.151706,2.6808028
0.151708,2.6808028
0.15171,2.6808028
0.151712,2.6808028
0.151714,2.6808028
0.151716,2.6808028
0.151718,2.6808028
0.15172,2.6808028
0.151722,2.6808028
0.151724,2.6808028
0.151726,2.6808028
0.151728,2.6808028
0.15173,2.6808028
0.151732,2.6808028
0.151734,2.6808028
0.151736,2.6808028
0.151738,2.6808028
0.15174,2.6808028
0.151742,2.6808028
0.151744,2.6808028
0.151746,2.6808028
0.151748,2.6808028
0.15175,2.6808028
0.151752,2.6808028
0.151754,2.6808028
0.151756,2.6808028
0.151758,2.6808028
0.15176,2.6808028
0.151762,2.6808028
0.151764,2.6808028
0.151766,2.6808028
0.151768,2.6808028
0.15177,2.6808028
0.15177199,2.6808028
0.151774,2.6808028
0.151776,2.6808028
0.151778,2.6808028
0.15178,2.6808028
0.151782,2.6808028
0.151784,2.6808028
0.151786,2.6345725
0.151788,1.4325566
0.15179,1.4325566
0.151792,1.4325566
0.151794,1.4325566
0.151796,1.4325566
0.151798,1.4325566
0.1518,1.4325566
0.151802,1.4325566
0.151804,1.4325566
0.151806,1.4325566
0.151808,1.4325566
0.15181,1.4325566
0.151812,1.4325566
0.151814,1.4325566
0.151816,1.4325566
0.15181799,1.4325566
0.15182,1.4325566
0.151822,1.4325566
0.151824,1.4325566
0.151826,1.3863249
0.151828,1.4325566
0.15183,1.3863249
0.151832,1.3863249
0.151834,1.3863249
0.151836,1.3863249
0.151838,1.3863249
0.15184,1.3863249
0.151842,1.3863249
0.151844,1.3863249
0.151846,1.3863249
0.151848,1.3863249
0.15185,1.3863249
0.151852,1.3863249
0.151854,1.3863249
0.151856,1.3863249
0.151858,1.3863249
0.15186,1.3863249
0.151862,1.3863249
0.15186399,1.3863249
0.151866,1.3863249
0.151868,1.3863249
0.15187,1.3863249
0.151872,1.3863249
0.151874,1.3863249
0.151876,1.3863249
0.151878,1.3863249
0.15188,1.3863249
0.151882,1.3863249
0.151884,1.3863249
0.151886,1.3863249
0.151888,1.3863249
0.15189,1.3863249
0.151892,1.3863249
0.151894,1.3863249
0.151896,1.3863249
0.151898,1.3863249
0.1519,1.3863249
0.151902,1.3863249
0.151904,1.3863249
0.151906,1.3863249
0.151908,1.3863249
0.15191,1.3863249
0.151912,1.3863249
0.151914,1.3863249
0.151916,1.3863249
0.151918,1.3863249
0.15192,1.3863249
0.151922,1.3863249
0.151924,1.3863249
0.151926,1.3863249
0.151928,1.3863249
0.15193,1.3863249
0.151932,1.3863249
0.151934,1.3863249
0.151936,1.3863249
0.151938,1.3863249
0.15194,1.3863249
0.151942,1.3863249
0.151944,1.3863249
0.151946,1.3863249
0.151948,1.3863249
0.15195,1.3863249
0.151952,1.3863249
0.151954,1.3863249
0.151956,1.3863249
0.151958,1.3863249
0.15196,1.3863249
0.151962,1.3863249
0.151964,1.3863249
0.151966,1.3863249
0.151968,1.3863249
0.15197,1.3863249
0.151972,1.3863249
0.151974,1.3863249
0.151976,1.3863249
0.151978,1.3863249
0.15198,1.3863249
0.151982,1.3863249
0.151984,1.3863249
0.151986,1.3863249
0.151988,1.3863249
0.15199,1.3863249
0.151992,1.3863249
0.151994,1.3863249
0.151996,1.3863249
0.151998,1.3863249
0.152,1.3863249
0.152002,1.3863249
0.152004,1.3863249
0.152006,1.3863249
0.152008,1.3863249
0.15201,1.3863249
0.152012,1.3863249
0.152014,1.3863249
0.152016,1.3863249
0.152018,1.3863249
0.15201999,1.3863249
0.152022,1.3863249
0.152024,1.3863249
0.152026,1.3863249
0.152028,1.3863249
0.15203,1.3863249
0.152032,1.3863249
0.152034,1.3863249
0.152036,1.3863249
0.152038,1.3863249
0.15204,1.3863249
0.152042,1.3863249
0.152044,1.3863249
0.152046,1.3863249
0.152048,1.3863249
0.15205,1.3863249
0.152052,1.3863249
0.152054,1.3863249
0.152056,1.3863249
0.152058,1.3863249
0.15206,1.3863249
0.152062,1.3863249
0.152064,1.3863249
0.15206599,1.3863249
0.152068,1.3863249
0.15207,1.3863249
0.152072,1.3863249
0.152074,1.3863249
0.152076,1.3863249
0.152078,1.3863249
0.15208,1.3863249
0.152082,1.3863249
0.152084,1.3863249
0.152086,1.3863249
0.152088,1.3863249
0.15209,1.3863249
0.152092,1.3863249
0.152094,1.3863249
0.152096,1.3863249
0.152098,1.3863249
0.1521,1.3863249
0.152102,1.3863249
0.152104,1.3863249
0.152106,1.3863249
0.152108,1.3863249
0.15211,1.3863249
0.15211199,1.3863249
0.152114,1.3863249
0.152116,1.3863249
0.152118,1.3863249
0.15212,1.3863249
0.152122,1.3863249
0.152124,1.3863249
0.152126,1.3863249
0.152128,1.3863249
0.15213,1.3863249
0.152132,1.3863249
0.152134,1.3863249
0.152136,1.3863249
0.152138,1.3863249
0.15214,0.970243
0.152142,0.184309
0.152144,0.13807821
0.152146,0.13807821
0.152148,0.13807821
0.15215,0.13807821
0.152152,0.13807821
0.152154,0.13807821
0.152156,0.13807821
0.152158,0.13807821
0.15216,0.13807821
0.152162,0.13807821
0.152164,0.091846466
0.152166,0.091846466
0.152168,0.091846466
0.15217,0.091846466
0.152172,0.091846466
0.152174,0.091846466
0.152176,0.091846466
0.152178,0.091846466
0.15218,0.091846466
0.152182,0.091846466
0.152184,0.091846466
0.152186,0.091846466
0.152188,0.091846466
0.15219,0.091846466
0.152192,0.091846466
0.152194,0.091846466
0.152196,0.091846466
0.152198,0.091846466
0.1522,0.091846466
0.152202,0.091846466
0.152204,0.091846466
0.152206,0.091846466
0.152208,0.091846466
0.15221,0.091846466
0.152212,0.091846466
0.152214,0.091846466
0.152216,0.091846466
0.152218,0.091846466
0.15222,0.091846466
0.152222,0.091846466
0.152224,0.091846466
0.152226,0.091846466
0.152228,0.091846466
0.15223,0.091846466
0.152232,0.091846466
0.152234,0.091846466
0.152236,0.091846466
0.152238,0.091846466
0.15224,0.091846466
0.152242,0.091846466
0.152244,0.091846466
0.152246,0.091846466
0.152248,0.091846466
0.15225,0.091846466
0.152252,0.091846466
0.152254,0.091846466
0.152256,0.091846466
0.152258,0.091846466
0.15226,0.091846466
0.152262,0.091846466
0.152264,0.091846466
0.152266,0.091846466
0.15226799,0.091846466
0.15227,0.091846466
0.152272,0.091846466
0.152274,0.091846466
0.152276,0.091846466
0.152278,0.091846466
0.15228,0.091846466
0.152282,0.091846466
0.152284,0.091846466
0.152286,0.091846466
0.152288,0.091846466
0.15229,0.091846466
0.152292,0.091846466
0.152294,0.091846466
0.152296,0.091846466
0.152298,0.091846466
0.1523,0.091846466
0.152302,0.091846466
0.152304,0.091846466
0.152306,0.091846466
0.152308,0.091846466
0.15231,0.091846466
0.152312,0.091846466
0.15231399,0.091846466
0.152316,0.091846466
0.152318,0.091846466
0.15232,0.091846466
0.152322,0.091846466
0.152324,0.091846466
0.152326,0.091846466
0.152328,0.091846466
0.15233,0.091846466
0.152332,0.091846466
0.152334,0.091846466
0.152336,0.091846466
0.152338,0.091846466
0.15234,0.091846466
0.152342,0.091846466
0.152344,0.091846466
0.152346,0.091846466
0.152348,0.091846466
0.15235,0.091846466
0.152352,0.091846466
0.152354,0.091846466
0.152356,0.091846466
0.152358,0.091846466
0.15235999,0.091846466
0.152362,0.091846466
0.152364,0.091846466
0.152366,0.091846466
0.152368,0.091846466
0.15237,0.091846466
0.152372,0.091846466
0.152374,0.091846466
0.152376,0.091846466
0.152378,0.091846466
0.15238,0.091846466
0.152382,0.091846466
0.152384,0.091846466
0.152386,0.091846466
0.152388,0.091846466
0.15239,0.091846466
0.152392,0.091846466
0.152394,0.091846466
0.152396,0.091846466
0.152398,0.091846466
0.1524,0.091846466
0.152402,0.091846466
0.152404,0.091846466
0.152406,0.091846466
0.152408,0.091846466
0.15241,0.091846466
0.152412,0.091846466
0.152414,0.091846466
0.152416,0.091846466
0.152418,0.091846466
0.15242,0.091846466
0.152422,0.091846466
0.152424,0.091846466
0.152426,0.091846466
0.152428,0.091846466
0.15243,0.091846466
0.152432,0.091846466
0.152434,0.091846466
0.152436,0.091846466
0.152438,0.091846466
0.15244,0.091846466
0.152442,0.091846466
0.152444,0.091846466
0.152446,0.091846466
0.152448,0.091846466
0.15245,0.091846466
0.152452,0.091846466
0.152454,0.091846466
0.152456,0.091846466
0.152458,0.091846466
0.15246,0.091846466
0.152462,0.091846466
0.152464,0.091846466
0.152466,0.091846466
0.152468,0.091846466
0.15247,0.091846466
0.152472,0.091846466
0.152474,0.091846466
0.152476,0.091846466
0.152478,0.091846466
0.15248,0.091846466
0.152482,0.091846466
0.152484,0.091846466
0.152486,0.091846466
0.152488,0.091846466
0.15249,0.091846466
0.152492,0.091846466
0.152494,0.091846466
0.152496,0.091846466
0.152498,0.091846466
0.1525,0.091846466
0.152502,0.091846466
0.152504,0.091846466
0.152506,0.091846466
0.152508,0.091846466
0.15251,0.091846466
0.152512,0.091846466
0.152514,0.091846466
0.15251599,0.091846466
0.152518,0.091846466
0.15252,0.091846466
0.152522,0.091846466
0.152524,0.091846466
0.152526,0.091846466
0.152528,0.091846466
0.15253,0.091846466
0.152532,0.091846466
0.152534,0.091846466
0.152536,0.091846466
0.152538,0.091846466
0.15254,0.091846466
0.152542,0.091846466
0.152544,0.091846466
0.152546,0.091846466
0.152548,0.091846466
0.15255,0.091846466
0.152552,0.091846466
0.152554,0.091846466
0.152556,0.091846466
0.152558,0.091846466
0.15256,0.091846466
0.15256199,0.091846466
0.152564,0.091846466
0.152566,0.091846466
0.152568,0.091846466
0.15257,0.091846466
0.152572,0.091846466
0.152574,0.091846466
0.152576,0.091846466
0.152578,0.091846466
0.15258,0.091846466
0.152582,0.091846466
0.152584,0.091846466
0.152586,0.091846466
0.152588,0.091846466
0.15259,0.091846466
0.152592,0.091846466
0.152594,0.091846466
0.152596,0.091846466
0.152598,0.091846466
0.1526,0.091846466
0.152602,0.091846466
0.152604,0.091846466
0.152606,0.091846466
0.15260799,0.091846466
0.15261,0.091846466
0.152612,0.091846466
0.152614,0.091846466
0.152616,0.091846466
0.152618,0.091846466
0.15262,0.091846466
0.152622,0.091846466
0.152624,0.091846466
0.152626,0.091846466
0.152628,0.091846466
0.15263,0.091846466
0.152632,0.091846466
0.152634,0.091846466
0.152636,0.091846466
0.152638,0.091846466
0.15264,0.091846466
0.152642,0.091846466
0.152644,0.091846466
0.152646,0.091846466
0.152648,0.091846466
0.15265,0.091846466
0.152652,0.091846466
0.15265399,0.091846466
0.152656,0.091846466
0.152658,0.091846466
0.15266,0.091846466
0.152662,0.091846466
0.152664,0.091846466
0.152666,0.091846466
0.152668,0.091846466
0.15267,0.091846466
0.152672,0.091846466
0.152674,0.091846466
0.152676,0.091846466
0.152678,0.091846466
0.15268,0.091846466
0.152682,0.091846466
0.152684,0.091846466
0.152686,0.091846466
0.152688,0.091846466
0.15269,0.091846466
0.152692,0.091846466
0.152694,0.091846466
0.152696,0.091846466
0.152698,0.091846466
0.1527,0.091846466
0.152702,0.091846466
0.152704,0.091846466
0.152706,0.091846466
0.152708,0.091846466
0.15271,0.091846466
0.152712,0.091846466
0.152714,0.091846466
0.152716,0.091846466
0.152718,0.091846466
0.15272,0.091846466
0.152722,0.091846466
0.152724,0.091846466
0.152726,0.091846466
0.152728,0.091846466
0.15273,0.091846466
0.152732,0.091846466
0.152734,0.091846466
0.152736,0.091846466
0.152738,0.091846466
0.15274,0.091846466
0.152742,0.091846466
0.152744,0.091846466
0.152746,0.091846466
0.152748,0.091846466
0.15275,0.091846466
0.152752,0.091846466
0.152754,0.091846466
0.152756,0.091846466
0.152758,0.091846466
0.15276,0.091846466
0.152762,0.091846466
0.15276399,0.091846466
0.152766,0.091846466
0.152768,0.091846466
0.15277,0.091846466
0.152772,0.091846466
0.152774,0.091846466
0.152776,0.091846466
0.152778,0.091846466
0.15278,0.091846466
0.152782,0.091846466
0.152784,0.091846466
0.152786,0.091846466
0.152788,0.091846466
0.15279,0.091846466
0.152792,0.091846466
0.152794,0.091846466
0.152796,0.091846466
0.152798,0.091846466
0.1528,0.091846466
0.152802,0.091846466
0.152804,0.091846466
0.152806,0.091846466
0.152808,0.091846466
0.15280999,0.091846466
0.152812,0.091846466
0.152814,0.091846466
0.152816,0.091846466
0.152818,0.091846466
0.15282,0.091846466
0.152822,0.091846466
0.152824,0.091846466
0.152826,0.091846466
0.152828,0.091846466
0.15283,0.091846466
0.152832,0.091846466
0.152834,0.091846466
0.152836,0.091846466
0.152838,0.091846466
0.15284,0.091846466
0.152842,0.091846466
0.152844,0.091846466
0.152846,0.091846466
0.152848,0.091846466
0.15285,0.091846466
0.152852,0.091846466
0.152854,0.091846466
0.15285599,0.091846466
0.152858,0.091846466
0.15286,0.091846466
0.152862,0.091846466
0.152864,0.091846466
0.152866,0.091846466
0.152868,0.091846466
0.15287,0.091846466
0.152872,0.091846466
0.152874,0.091846466
0.152876,0.091846466
0.152878,0.091846466
0.15288,0.091846466
0.152882,0.091846466
0.152884,0.091846466
0.152886,0.091846466
0.152888,0.091846466
0.15289,0.091846466
0.152892,0.091846466
0.152894,0.091846466
0.152896,0.091846466
0.152898,0.091846466
0.1529,0.091846466
0.15290199,0.091846466
0.152904,0.091846466
0.152906,0.091846466
0.152908,0.091846466
0.15291,0.091846466
0.152912,0.091846466
0.152914,0.091846466
0.152916,0.091846466
0.152918,0.091846466
0.15292,0.091846466
0.152922,0.091846466
0.152924,0.091846466
0.152926,0.091846466
0.152928,0.091846466
0.15293,0.091846466
0.152932,0.091846466
0.152934,0.091846466
0.152936,0.091846466
0.152938,0.091846466
0.15294,0.091846466
0.152942,0.091846466
0.152944,0.091846466
0.152946,0.091846466
0.152948,0.091846466
0.15295,0.091846466
0.152952,0.091846466
0.152954,0.091846466
0.152956,0.091846466
0.152958,1.2938623
0.15296,1.3400936
0.152962,1.3400936
0.152964,1.3863249
0.152966,1.3863249
0.152968,1.3863249
0.15297,1.3863249
0.152972,1.3863249
0.152974,1.3863249
0.152976,1.3863249
0.152978,1.3863249
0.15298,1.3863249
0.152982,1.3863249
0.152984,1.3863249
0.152986,1.3863249
0.152988,1.3863249
0.15299,1.3863249
0.152992,1.3863249
0.152994,1.3863249
0.152996,1.3863249
0.152998,1.3863249
0.153,1.3863249
0.153002,1.3863249
0.153004,1.3863249
0.153006,1.3863249
0.153008,1.3863249
0.15301,1.3863249
0.153012,1.3863249
0.153014,1.3863249
0.153016,1.3863249
0.153018,1.3863249
0.15302,1.3863249
0.153022,1.3863249
0.153024,1.3863249
0.153026,1.3863249
0.153028,1.3863249
0.15303,1.3863249
0.153032,1.3863249
0.153034,1.3863249
0.153036,1.3863249
0.153038,1.3863249
0.15304,1.3863249
0.153042,1.3863249
0.153044,1.3863249
0.153046,1.3863249
0.153048,1.3863249
0.15305,1.3863249
0.153052,1.3863249
0.153054,1.3863249
0.153056,1.3863249
0.15305799,1.3863249
0.15306,1.3863249
0.153062,1.3863249
0.153064,1.3863249
0.153066,1.3863249
0.153068,1.3863249
0.15307,1.3863249
0.153072,1.3863249
0.153074,1.3863249
0.153076,1.3863249
0.153078,1.3863249
0.15308,1.3863249
0.153082,1.3863249
0.153084,1.3863249
0.153086,1.3863249
0.153088,1.3863249
0.15309,1.3863249
0.153092,1.3863249
0.153094,1.3863249
0.153096,1.3863249
0.153098,1.3863249
0.1531,1.3863249
0.153102,1.3863249
0.15310399,1.3863249
0.153106,1.3863249
0.153108,1.3863249
0.15311,1.3863249
0.153112,1.3863249
0.153114,1.3863249
0.153116,1.3863249
0.153118,1.3863249
0.15312,1.3863249
0.153122,1.3863249
0.153124,1.3863249
0.153126,1.3863249
0.153128,1.3863249
0.15313,1.3863249
0.153132,1.3863249
0.153134,1.3863249
0.153136,1.3863249
0.153138,1.3863249
0.15314,1.3863249
0.153142,1.3863249
0.153144,1.3863249
0.153146,1.3863249
0.153148,1.3863249
0.15314999,1.3863249
0.153152,1.3863249
0.153154,1.3863249
0.153156,1.3863249
0.153158,1.3863249
0.15316,1.3863249
0.153162,1.3863249
0.153164,1.3863249
0.153166,1.3863249
0.153168,1.3863249
0.15317,1.3863249
0.153172,1.3863249
0.153174,1.3863249
0.153176,1.3863249
0.153178,1.3863249
0.15318,1.3863249
0.153182,1.3863249
0.153184,1.3863249
0.153186,1.3863249
0.153188,1.3863249
0.15319,1.3863249
0.153192,1.3863249
0.153194,1.3863249
0.153196,1.3863249
0.153198,1.3863249
0.1532,1.3863249
0.153202,1.3863249
0.153204,1.3863249
0.153206,1.3863249
0.153208,1.3863249
0.15321,1.3863249
0.153212,1.3863249
0.153214,1.3863249
0.153216,1.3863249
0.153218,1.3863249
0.15322,1.3863249
0.153222,1.3863249
0.153224,1.3863249
0.153226,1.3863249
0.153228,1.3863249
0.15323,1.3863249
0.153232,1.3863249
0.153234,1.3863249
0.153236,1.3863249
0.153238,1.3863249
0.15324,1.3863249
0.153242,1.3863249
0.153244,1.3863249
0.153246,1.3863249
0.153248,1.3863249
0.15325,1.3863249
0.153252,1.3863249
0.153254,1.3863249
0.153256,1.3863249
0.153258,1.3863249
0.15326,1.3863249
0.153262,1.3863249
0.153264,1.3863249
0.153266,1.3863249
0.153268,1.3863249
0.15327,1.3863249
0.153272,1.3863249
0.153274,1.3863249
0.153276,1.3863249
0.153278,1.3863249
0.15328,1.3863249
0.153282,1.3863249
0.153284,1.3863249
0.153286,1.3863249
0.153288,1.3863249
0.15329,1.3863249
0.153292,1.3863249
0.153294,1.3863249
0.153296,1.3863249
0.153298,1.3863249
0.1533,1.3863249
0.153302,1.3863249
0.153304,1.3863249
0.15330599,1.3863249
0.153308,1.3863249
0.15331,1.3863249
0.153312,1.3863249
0.153314,1.3863249
0.153316,1.3863249
0.153318,1.3863249
0.15332,1.3863249
0.153322,1.3863249
0.153324,1.3863249
0.153326,1.3863249
0.153328,1.3863249
0.15333,1.3863249
0.153332,1.3863249
0.153334,1.3863249
0.153336,1.3863249
0.153338,2.4034152
0.15334,2.6345725
0.153342,2.6345725
0.153344,2.6345725
0.153346,2.6345725
0.153348,2.6345725
0.15335,2.6345725
0.15335199,2.6345725
0.153354,2.6345725
0.153356,2.6808028
0.153358,2.6808028
0.15336,2.6808028
0.153362,2.6808028
0.153364,2.6808028
0.153366,2.6808028
0.153368,2.6808028
0.15337,2.6808028
0.153372,2.6808028
0.153374,2.6808028
0.153376,2.6808028
0.153378,2.6808028
0.15338,2.6808028
0.153382,2.6808028
0.153384,2.6808028
0.153386,2.6808028
0.153388,2.6808028
0.15339,2.6808028
0.153392,2.6808028
0.153394,2.6808028
0.153396,2.6808028
0.15339799,2.6808028
0.1534,2.6808028
0.153402,2.6808028
0.153404,2.6808028
0.153406,2.6808028
0.153408,2.6808028
0.15341,2.6808028
0.153412,2.6808028
0.153414,2.6808028
0.153416,2.6808028
0.153418,2.6808028
0.15342,2.6808028
0.153422,2.6808028
0.153424,2.6808028
0.153426,2.6808028
0.153428,2.6808028
0.15343,2.6808028
0.153432,2.6808028
0.153434,2.6808028
0.153436,2.6808028
0.153438,2.6808028
0.15344,2.6808028
0.153442,2.6808028
0.153444,2.6808028
0.153446,2.6808028
0.153448,2.6808028
0.15345,2.6808028
0.153452,2.6808028
0.153454,2.6808028
0.153456,2.6808028
0.153458,2.6808028
0.15346,2.6808028
0.153462,2.6808028
0.153464,2.6808028
0.153466,2.6808028
0.153468,2.6808028
0.15347,2.6808028
0.153472,2.6808028
0.153474,2.6808028
0.153476,2.6808028
0.153478,2.6808028
0.15348,2.6808028
0.153482,2.6808028
0.153484,2.6808028
0.153486,2.6808028
0.153488,2.6808028
0.15349,2.6808028
0.153492,2.6808028
0.153494,2.6808028
0.153496,2.6808028
0.153498,2.6808028
0.1535,2.6808028
0.153502,2.6808028
0.153504,2.6808028
0.153506,2.6808028
0.153508,2.6808028
0.15351,2.6808028
0.153512,2.6808028
0.153514,2.6808028
0.153516,2.6808028
0.153518,2.6808028
0.15352,2.6808028
0.153522,2.6808028
0.153524,2.6808028
0.153526,2.6808028
0.153528,2.6808028
0.15353,2.6808028
0.153532,2.6808028
0.153534,2.6808028
0.153536,2.6808028
0.153538,2.6808028
0.15354,2.6808028
0.153542,2.6808028
0.153544,2.6808028
0.153546,2.6808028
0.153548,2.6808028
0.15355,2.6808028
0.153552,2.6808028
0.15355399,2.6808028
0.153556,2.6808028
0.153558,2.6808028
0.15356,2.6808028
0.153562,2.6808028
0.153564,2.6808028
0.153566,2.6808028
0.153568,2.6808028
0.15357,2.6808028
0.153572,2.6808028
0.153574,2.6808028
0.153576,2.6808028
0.153578,2.6808028
0.15358,2.6808028
0.153582,2.6808028
0.153584,2.6808028
0.153586,2.6808028
0.153588,2.6808028
0.15359,2.6808028
0.153592,2.6808028
0.153594,2.6808028
0.153596,2.6808028
0.153598,2.6808028
0.15359999,2.6808028
0.153602,2.6808028
0.153604,2.6808028
0.153606,2.6808028
0.153608,2.6808028
0.15361,2.6808028
0.153612,2.6808028
0.153614,2.6808028
0.153616,2.6808028
0.153618,2.6808028
0.15362,2.6808028
0.153622,2.6808028
0.153624,2.6808028
0.153626,2.6808028
0.153628,2.6808028
0.15363,2.6808028
0.153632,2.6808028
0.153634,2.6808028
0.153636,2.6808028
0.153638,2.6808028
0.15364,2.6808028
0.153642,2.6808028
0.153644,2.6808028
0.15364599,2.6808028
0.153648,2.6808028
0.15365,2.6808028
0.153652,2.6808028
0.153654,2.6808028
0.153656,2.6808028
0.153658,2.6808028
0.15366,2.6808028
0.153662,2.6808028
0.153664,3.23558
0.153666,3.8828197
0.153668,3.92905
0.15367,3.92905
0.153672,3.92905
0.153674,3.9752812
0.153676,3.9752812
0.153678,3.9752812
0.15368,3.9752812
0.153682,3.9752812
0.153684,3.9752812
0.153686,3.9752812
0.153688,3.9752812
0.15369,3.9752812
0.15369199,3.9752812
0.153694,3.9752812
0.153696,3.9752812
0.153698,3.9752812
0.1537,3.9752812
0.153702,3.9752812
0.153704,3.9752812
0.153706,3.9752812
0.153708,3.9752812
0.15371,3.9752812
0.153712,3.9752812
0.153714,3.9752812
0.153716,3.9752812
0.153718,3.9752812
0.15372,3.9752812
0.153722,3.9752812
0.153724,3.9752812
0.153726,3.9752812
0.153728,3.9752812
0.15373,3.9752812
0.153732,3.9752812
0.153734,3.9752812
0.153736,3.9752812
0.153738,3.9752812
0.15374,3.9752812
0.153742,3.9752812
0.153744,3.9752812
0.153746,3.9752812
0.153748,3.9752812
0.15375,3.9752812
0.153752,3.9752812
0.153754,3.9752812
0.153756,3.9752812
0.153758,3.9752812
0.15376,3.9752812
0.153762,3.9752812
0.153764,3.9752812
0.153766,3.9752812
0.153768,3.9752812
0.15377,3.9752812
0.153772,3.9752812
0.153774,3.9752812
0.153776,3.9752812
0.153778,3.9752812
0.15378,3.9752812
0.153782,3.9752812
0.153784,3.9752812
0.153786,3.9752812
0.153788,3.9752812
0.15379,3.9752812
0.153792,3.9752812
0.153794,3.9752812
0.153796,3.9752812
0.153798,3.9752812
0.1538,3.9752812
0.15380199,3.9752812
0.153804,3.9752812
0.153806,3.9752812
0.153808,3.9752812
0.15381,3.9752812
0.153812,3.9752812
0.153814,3.9752812
0.153816,3.9752812
0.153818,3.9752812
0.15382,3.9752812
0.153822,3.9752812
0.153824,3.9752812
0.153826,3.9752812
0.153828,3.9752812
0.15383,3.9752812
0.153832,3.9752812
0.153834,3.9752812
0.153836,3.9752812
0.153838,3.9752812
0.15384,3.9752812
0.153842,3.9752812
0.153844,3.9752812
0.153846,3.9752812
0.15384799,3.9752812
0.15385,3.9752812
0.153852,3.9752812
0.153854,3.9752812
0.153856,3.9752812
0.153858,3.9752812
0.15386,3.9752812
0.153862,3.9752812
0.153864,3.9752812
0.153866,3.9752812
0.153868,3.9752812
0.15387,3.9752812
0.153872,3.9752812
0.153874,3.9752812
0.153876,3.9752812
0.153878,3.9752812
0.15388,3.9752812
0.153882,3.9752812
0.153884,3.9752812
0.153886,3.9752812
0.153888,3.9752812
0.15389,3.9752812
0.153892,3.9752812
0.15389399,3.9752812
0.153896,3.9752812
0.153898,3.9752812
0.1539,3.9752812
0.153902,3.9752812
0.153904,3.9752812
0.153906,3.9752812
0.153908,3.9752812
0.15391,3.9752812
0.153912,3.9752812
0.153914,3.9752812
0.153916,3.9752812
0.153918,3.9752812
0.15392,3.9752812
0.153922,3.9752812
0.153924,3.9752812
0.153926,3.9752812
0.153928,3.9752812
0.15393,3.9752812
0.153932,3.9752812
0.153934,3.9752812
0.153936,3.9752812
0.153938,3.9752812
0.15393999,3.9752812
0.153942,3.9752812
0.153944,3.9752812
0.153946,3.9752812
0.153948,3.9752812
0.15395,3.9752812
0.153952,3.9752812
0.153954,3.9752812
0.153956,3.9752812
0.153958,3.9752812
0.15396,3.9752812
0.153962,3.9752812
0.153964,3.9752812
0.153966,3.9752812
0.153968,3.9752812
0.15397,3.9752812
0.153972,3.9752812
0.153974,3.9752812
0.153976,3.9752812
0.153978,3.9752812
0.15398,3.9752812
0.153982,3.9752812
0.153984,3.9752812
0.153986,3.9752812
0.153988,3.9752812
0.15399,3.9752812
0.153992,3.9752812
0.153994,3.9752812
0.153996,3.9752812
0.153998,3.9752812
0.154,3.9752812
0.154002,3.9752812
0.154004,3.9752812
0.154006,3.9752812
0.154008,3.9752812
0.15401,3.9752812
0.154012,3.9752812
0.154014,3.9752812
0.154016,3.9752812
0.154018,3.9752812
0.15402,3.9752812
0.154022,3.9752812
0.154024,3.9752812
0.154026,3.9752812
0.154028,3.9752812
0.15403,3.9752812
0.154032,3.9752812
0.154034,3.9752812
0.154036,3.9752812
0.154038,3.9752812
0.15404,3.9752812
0.154042,3.9752812
0.154044,3.9752812
0.154046,3.9752812
0.154048,3.9752812
0.15405,3.9752812
0.154052,3.9752812
0.154054,3.9752812
0.154056,3.9752812
0.154058,3.9752812
0.15406,3.9752812
0.154062,3.9752812
0.154064,3.9752812
0.154066,3.9752812
0.154068,3.9752812
0.15407,3.9752812
0.154072,3.9752812
0.154074,3.9752812
0.154076,3.9752812
0.154078,3.9752812
0.15408,3.9752812
0.154082,3.9752812
0.154084,3.9752812
0.154086,3.9752812
0.154088,3.9752812
0.15409,3.9752812
0.154092,3.9752812
0.154094,3.9752812
0.15409599,3.9752812
0.154098,3.9752812
0.1541,3.9752812
0.154102,3.9752812
0.154104,3.9752812
0.154106,3.9752812
0.154108,3.9752812
0.15411,3.9752812
0.154112,3.9752812
0.154114,3.9752812
0.154116,3.9752812
0.154118,3.9752812
0.15412,3.9752812
0.154122,3.9752812
0.154124,3.9752812
0.154126,3.9752812
0.154128,3.9752812
0.15413,3.9752812
0.154132,3.9752812
0.154134,3.9752812
0.154136,3.9752812
0.154138,3.9752812
0.15414,3.9752812
0.15414199,3.9752812
0.154144,3.9752812
0.154146,3.9752812
0.154148,3.9752812
0.15415,3.9752812
0.154152,3.9752812
0.154154,3.9752812
0.154156,3.9752812
0.154158,3.9752812
0.15416,3.9752812
0.154162,3.9752812
0.154164,3.9752812
0.154166,3.9752812
0.154168,3.9752812
0.15417,3.9752812
0.154172,3.9752812
0.154174,3.9752812
0.154176,3.9752812
0.154178,3.9752812
0.15418,3.9752812
0.154182,3.9752812
0.154184,3.9752812
0.154186,3.9752812
0.15418799,3.9752812
0.15419,3.9752812
0.154192,3.9752812
0.154194,3.9752812
0.154196,3.9752812
0.154198,3.9752812
0.1542,3.9752812
0.154202,3.9752812
0.154204,3.9752812
0.154206,3.9752812
0.154208,3.9752812
0.15421,3.9752812
0.154212,3.9752812
0.154214,3.9752812
0.154216,3.9752812
0.154218,3.9752812
0.15422,3.9752812
0.154222,3.9752812
0.154224,3.9752812
0.154226,3.9752812
0.154228,3.9752812
0.15423,3.9752812
0.154232,3.9752812
0.154234,3.9752812
0.154236,3.9752812
0.154238,3.9752812
0.15424,3.9752812
0.154242,3.9752812
0.154244,3.9752812
0.154246,3.9752812
0.154248,3.9752812
0.15425,3.9752812
0.154252,3.9752812
0.154254,3.9752812
0.154256,3.9752812
0.154258,3.9752812
0.15426,3.9752812
0.154262,3.9752812
0.154264,3.9752812
0.154266,3.9752812
0.154268,3.9752812
0.15427,3.9752812
0.154272,3.9752812
0.154274,3.9752812
0.154276,3.9752812
0.154278,3.9752812
0.15428,3.9752812
0.154282,3.9752812
0.154284,3.9752812
0.154286,3.9752812
0.154288,3.9752812
0.15429,3.9752812
0.154292,3.9752812
0.154294,3.9752812
0.154296,3.9752812
0.154298,3.9752812
0.1543,3.9752812
0.154302,3.9752812
0.154304,3.9752812
0.154306,3.9752812
0.154308,3.9752812
0.15431,3.9752812
0.154312,3.9752812
0.154314,3.9752812
0.154316,3.9752812
0.154318,3.9752812
0.15432,3.9752812
0.154322,3.9752812
0.154324,3.9752812
0.154326,3.9752812
0.154328,3.9752812
0.15433,3.9752812
0.154332,3.9752812
0.154334,3.9752812
0.154336,3.9752812
0.154338,3.9752812
0.15434,3.9752812
0.154342,3.9752812
0.15434399,3.9752812
0.154346,3.9752812
0.154348,3.9752812
0.15435,3.9752812
0.154352,3.9752812
0.154354,3.9752812
0.154356,3.9752812
0.154358,3.9752812
0.15436,3.9752812
0.154362,3.9752812
0.154364,3.9752812
0.154366,3.9752812
0.154368,3.9752812
0.15437,3.9752812
0.154372,3.9752812
0.154374,3.9752812
0.154376,3.9752812
0.154378,3.9752812
0.15438,3.9752812
0.154382,3.9752812
0.154384,3.9752812
0.154386,3.9752812
0.154388,3.9752812
0.15438999,3.9752812
0.154392,3.9752812
0.154394,3.9752812
0.154396,3.9752812
0.154398,3.9752812
0.1544,3.9752812
0.154402,3.9752812
0.154404,3.9752812
0.154406,3.9752812
0.154408,3.9752812
0.15441,3.9752812
0.154412,3.9752812
0.154414,3.9752812
0.154416,3.9752812
0.154418,3.9752812
0.15442,3.9752812
0.154422,3.9752812
0.154424,3.9752812
0.154426,3.9752812
0.154428,3.9752812
0.15443,3.9752812
0.154432,3.9752812
0.154434,3.9752812
0.15443599,3.9752812
0.154438,3.9752812
0.15444,3.9752812
0.154442,3.9752812
0.154444,3.9752812
0.154446,3.9752812
0.154448,3.9752812
0.15445,3.9752812
0.154452,3.9752812
0.154454,3.9752812
0.154456,3.9752812
0.154458,3.9752812
0.15446,3.9752812
0.154462,3.9752812
0.154464,3.9752812
0.154466,3.9752812
0.154468,3.9752812
0.15447,3.9752812
0.154472,3.9752812
0.154474,3.9752812
0.154476,3.9752812
0.154478,3.9752812
0.15448,3.9752812
0.154482,3.9752812
0.154484,3.9752812
0.154486,3.9752812
0.154488,3.9752812
0.15449,3.9752812
0.154492,3.9752812
0.154494,3.9752812
0.154496,3.9752812
0.154498,3.9752812
0.1545,3.9752812
0.154502,3.9752812
0.154504,3.9752812
0.154506,3.9752812
0.154508,3.9752812
0.15451,3.9752812
0.154512,3.9752812
0.154514,3.9752812
0.154516,3.9752812
0.154518,3.9752812
0.15452,3.9752812
0.154522,3.9752812
0.154524,3.9752812
0.154526,3.9752812
0.154528,3.9752812
0.15453,3.9752812
0.154532,3.9752812
0.154534,3.9752812
0.154536,3.9752812
0.154538,3.9752812
0.15454,3.9752812
0.154542,3.9752812
0.154544,3.9752812
0.154546,3.9752812
0.154548,3.9752812
0.15455,3.9752812
0.154552,3.9752812
0.154554,3.9752812
0.154556,3.9752812
0.154558,3.9752812
0.15456,3.9752812
0.154562,3.9752812
0.154564,3.9752812
0.154566,3.9752812
0.154568,3.9752812
0.15457,3.9752812
0.154572,3.9752812
0.154574,3.9752812
0.154576,3.9752812
0.154578,3.9752812
0.15458,3.9752812
0.154582,3.9752812
0.154584,3.9752812
0.154586,3.9752812
0.154588,3.9752812
0.15459,3.9752812
0.15459199,3.9752812
0.154594,3.9752812
0.154596,3.9752812
0.154598,3.9752812
0.1546,3.9752812
0.154602,3.9752812
0.154604,3.9752812
0.154606,3.9752812
0.154608,3.9752812
0.15461,3.9752812
0.154612,3.9752812
0.154614,3.9752812
0.154616,3.9752812
0.154618,3.9752812
0.15462,3.9752812
0.154622,3.9752812
0.154624,3.9752812
0.154626,3.9752812
0.154628,3.9752812
0.15463,3.9752812
0.154632,3.9752812
0.154634,3.9752812
0.154636,3.9752812
0.15463799,3.9752812
0.15464,3.9752812
0.154642,3.9752812
0.154644,3.9752812
0.154646,3.9752812
0.154648,3.9752812
0.15465,3.9752812
0.154652,3.9752812
0.154654,3.9752812
0.154656,3.9752812
0.154658,3.9752812
0.15466,3.9752812
0.154662,3.9752812
0.154664,3.9752812
0.154666,3.9752812
0.154668,3.9752812
0.15467,3.9752812
0.154672,3.9752812
0.154674,3.9752812
0.154676,3.9752812
0.154678,3.9752812
0.15468,3.9752812
0.154682,3.9752812
0.15468399,3.9752812
0.154686,3.9752812
0.154688,3.9752812
0.15469,3.9752812
0.154692,3.9752812
0.154694,3.9752812
0.154696,3.9752812
0.154698,3.9752812
0.1547,3.9752812
0.154702,3.9752812
0.154704,3.9752812
0.154706,3.9752812
0.154708,3.9752812
0.15471,3.9752812
0.154712,3.9752812
0.154714,3.9752812
0.154716,3.9752812
0.154718,3.9752812
0.15472,3.9752812
0.154722,3.9752812
0.154724,3.9752812
0.154726,3.9752812
0.154728,3.9752812
0.15473,3.9752812
0.154732,3.9752812
0.154734,3.9752812
0.154736,3.9752812
0.154738,3.9752812
0.15474,3.9752812
0.154742,3.9752812
0.154744,3.9752812
0.154746,3.9752812
0.154748,3.9752812
0.15475,3.9752812
0.154752,3.9752812
0.154754,3.9752812
0.154756,3.9752812
0.154758,3.9752812
0.15476,3.9752812
0.154762,3.9752812
0.154764,3.9752812
0.154766,3.9752812
0.154768,3.9752812
0.15477,3.9752812
0.154772,3.9752812
0.154774,3.9752812
0.154776,3.9752812
0.154778,3.9752812
0.15478,3.420505
0.154782,2.727035
0.154784,2.727035
0.154786,2.727035
0.154788,2.727035
0.15479,2.727035
0.154792,2.727035
0.154794,2.727035
0.154796,2.727035
0.154798,2.6808028
0.1548,2.6808028
0.154802,2.6808028
0.154804,2.6808028
0.154806,2.6808028
0.154808,2.6808028
0.15481,2.6808028
0.154812,2.6808028
0.154814,2.6808028
0.154816,2.6808028
0.154818,2.6808028
0.15482,2.6808028
0.154822,2.6808028
0.154824,2.6808028
0.154826,2.6808028
0.154828,2.6808028
0.15483,2.6808028
0.154832,2.6808028
0.154834,2.6808028
0.154836,2.6808028
0.154838,2.6808028
0.15483999,2.6808028
0.154842,2.6808028
0.154844,2.6808028
0.154846,2.6808028
0.154848,2.6808028
0.15485,2.6808028
0.154852,2.6808028
0.154854,2.6808028
0.154856,2.6808028
0.154858,2.6808028
0.15486,2.6808028
0.154862,2.6808028
0.154864,2.6808028
0.154866,2.6808028
0.154868,2.6808028
0.15487,2.6808028
0.154872,2.6808028
0.154874,2.6808028
0.154876,2.6808028
0.154878,2.6808028
0.15488,2.6808028
0.154882,2.6808028
0.154884,2.6808028
0.15488599,2.6808028
0.154888,2.6808028
0.15489,2.6808028
0.154892,2.6808028
0.154894,2.6808028
0.154896,2.6808028
0.154898,2.6808028
0.1549,2.6808028
0.154902,2.6808028
0.154904,2.6808028
0.154906,2.6808028
0.154908,2.6808028
0.15491,2.6808028
0.154912,2.6808028
0.154914,2.6808028
0.154916,2.6808028
0.154918,2.6808028
0.15492,2.6808028
0.154922,2.6808028
0.154924,2.6808028
0.154926,2.6808028
0.154928,2.6808028
0.15493,2.6808028
0.15493199,2.6808028
0.154934,2.6808028
0.154936,2.6808028
0.154938,2.6808028
0.15494,2.6808028
0.154942,2.6808028
0.154944,2.6808028
0.154946,2.6808028
0.154948,2.6808028
0.15495,2.6808028
0.154952,2.6808028
0.154954,2.6808028
0.154956,2.6808028
0.154958,2.6808028
0.15496,2.6808028
0.154962,2.6808028
0.154964,2.6808028
0.154966,2.6808028
0.154968,2.6808028
0.15497,2.6808028
0.154972,2.6808028
0.154974,2.6808028
0.154976,2.6808028
0.15497799,2.6808028
0.15498,2.6808028
0.154982,2.6808028
0.154984,2.6808028
0.154986,2.6808028
0.154988,2.6808028
0.15499,2.6808028
0.154992,2.6808028
0.154994,2.6808028
0.154996,2.6808028
0.154998,2.6808028
0.155,2.6808028
0.155002,2.6808028
0.155004,2.6808028
0.155006,2.6808028
0.155008,2.6808028
0.15501,2.6808028
0.155012,2.6808028
0.155014,2.6808028
0.155016,2.6808028
0.155018,2.6808028
0.15502,2.6808028
0.155022,2.6808028
0.155024,2.6808028
0.155026,2.6808028
0.155028,2.6808028
0.15503,2.6808028
0.155032,2.6808028
0.155034,2.6808028
0.155036,2.6808028
0.155038,2.6808028
0.15504,2.6808028
0.155042,2.6808028
0.155044,2.6808028
0.155046,2.6808028
0.155048,2.6808028
0.15505,2.6808028
0.155052,2.6808028
0.155054,2.6808028
0.155056,2.6808028
0.155058,2.6808028
0.15506,2.6808028
0.155062,2.6808028
0.155064,2.6808028
0.155066,2.6808028
0.155068,2.6808028
0.15507,2.6808028
0.155072,2.6808028
0.155074,2.6808028
0.155076,2.6808028
0.155078,2.6808028
0.15508,2.6808028
0.155082,2.6808028
0.155084,2.6808028
0.155086,2.6808028
0.15508799,2.6808028
0.15509,2.6808028
0.155092,2.6808028
0.155094,2.6808028
0.155096,2.6808028
0.155098,2.6808028
0.1551,2.6808028
0.155102,2.6808028
0.155104,2.6808028
0.155106,2.727035
0.155108,1.4325566
0.15511,1.4325566
0.155112,1.4325566
0.155114,1.4325566
0.155116,1.4325566
0.155118,1.4325566
0.15512,1.4325566
0.155122,1.4325566
0.155124,1.4325566
0.155126,1.4325566
0.155128,1.4325566
0.15513,1.4325566
0.155132,1.4325566
0.15513399,1.4325566
0.155136,1.4325566
0.155138,1.4325566
0.15514,1.4325566
0.155142,1.4325566
0.155144,1.4325566
0.155146,1.3863249
0.155148,1.4325566
0.15515,1.3863249
0.155152,1.3863249
0.155154,1.3863249
0.155156,1.3863249
0.155158,1.3863249
0.15516,1.3863249
0.155162,1.3863249
0.155164,1.3863249
0.155166,1.3863249
0.155168,1.3863249
0.15517,1.3863249
0.155172,1.3863249
0.155174,1.3863249
0.155176,1.3863249
0.155178,1.3863249
0.15517999,1.3863249
0.155182,1.3863249
0.155184,1.3863249
0.155186,1.3863249
0.155188,1.3863249
0.15519,1.3863249
0.155192,1.3863249
0.155194,1.3863249
0.155196,1.3863249
0.155198,1.3863249
0.1552,1.3863249
0.155202,1.3863249
0.155204,1.3863249
0.155206,1.3863249
0.155208,1.3863249
0.15521,1.3863249
0.155212,1.3863249
0.155214,1.3863249
0.155216,1.3863249
0.155218,1.3863249
0.15522,1.3863249
0.155222,1.3863249
0.155224,1.3863249
0.15522599,1.3863249
0.155228,1.3863249
0.15523,1.3863249
0.155232,1.3863249
0.155234,1.3863249
0.155236,1.3863249
0.155238,1.3863249
0.15524,1.3863249
0.155242,1.3863249
0.155244,1.3863249
0.155246,1.3863249
0.155248,1.3863249
0.15525,1.3863249
0.155252,1.3863249
0.155254,1.3863249
0.155256,1.3863249
0.155258,1.3863249
0.15526,1.3863249
0.155262,1.3863249
0.155264,1.3863249
0.155266,1.3863249
0.155268,1.3863249
0.15527,1.3863249
0.155272,1.3863249
0.155274,1.3863249
0.155276,1.3863249
0.155278,1.3863249
0.15528,1.3863249
0.155282,1.3863249
0.155284,1.3863249
0.155286,1.3863249
0.155288,1.3863249
0.15529,1.3863249
0.155292,1.3863249
0.155294,1.3863249
0.155296,1.3863249
0.155298,1.3863249
0.1553,1.3863249
0.155302,1.3863249
0.155304,1.3863249
0.155306,1.3863249
0.155308,1.3863249
0.15531,1.3863249
0.155312,1.3863249
0.155314,1.3863249
0.155316,1.3863249
0.155318,1.3863249
0.15532,1.3863249
0.155322,1.3863249
0.155324,1.3863249
0.155326,1.3863249
0.155328,1.3863249
0.15533,1.3863249
0.155332,1.3863249
0.155334,1.3863249
0.155336,1.3863249
0.155338,1.3863249
0.15534,1.3863249
0.155342,1.3863249
0.155344,1.3863249
0.155346,1.3863249
0.155348,1.3863249
0.15535,1.3863249
0.155352,1.3863249
0.155354,1.3863249
0.155356,1.3863249
0.155358,1.3863249
0.15536,1.3863249
0.155362,1.3863249
0.155364,1.3863249
0.155366,1.3863249
0.155368,1.3863249
0.15537,1.3863249
0.155372,1.3863249
0.155374,1.3863249
0.155376,1.3863249
0.155378,1.3863249
0.15538,1.3863249
0.15538199,1.3863249
0.155384,1.3863249
0.155386,1.3863249
0.155388,1.3863249
0.15539,1.3863249
0.155392,1.3863249
0.155394,1.3863249
0.155396,1.3863249
0.155398,1.3863249
0.1554,1.3863249
0.155402,1.3863249
0.155404,1.3863249
0.155406,1.3863249
0.155408,1.3863249
0.15541,1.3863249
0.155412,1.3863249
0.155414,1.3863249
0.155416,1.3863249
0.155418,1.3863249
0.15542,1.3863249
0.155422,1.3863249
0.155424,1.3863249
0.155426,1.3863249
0.15542799,1.3863249
0.15543,1.3863249
0.155432,1.3863249
0.155434,1.3863249
0.155436,1.3863249
0.155438,1.3863249
0.15544,1.3863249
0.155442,1.3863249
0.155444,1.3863249
0.155446,1.3863249
0.155448,1.3863249
0.15545,1.3863249
0.155452,1.3863249
0.155454,1.3863249
0.155456,1.3863249
0.155458,1.3863249
0.15546,1.3863249
0.155462,1.3863249
0.155464,1.3863249
0.155466,1.3863249
0.155468,1.3863249
0.15547,1.3863249
0.155472,1.3863249
0.15547399,1.3863249
0.155476,1.3863249
0.155478,1.3863249
0.15548,1.3863249
0.155482,1.3863249
0.155484,1.3863249
0.155486,1.3863249
0.155488,0.36923456
0.15549,0.13807821
0.155492,0.13807821
0.155494,0.13807821
0.155496,0.13807821
0.155498,0.13807821
0.1555,0.13807821
0.155502,0.13807821
0.155504,0.13807821
0.155506,0.13807821
0.155508,0.13807821
0.15551,0.13807821
0.155512,0.091846466
0.155514,0.091846466
0.155516,0.091846466
0.155518,0.091846466
0.15552,0.091846466
0.155522,0.091846466
0.155524,0.091846466
0.155526,0.091846466
0.155528,0.091846466
0.15553,0.091846466
0.155532,0.091846466
0.155534,0.091846466
0.155536,0.091846466
0.155538,0.091846466
0.15554,0.091846466
0.155542,0.091846466
0.155544,0.091846466
0.155546,0.091846466
0.155548,0.091846466
0.15555,0.091846466
0.155552,0.091846466
0.155554,0.091846466
0.155556,0.091846466
0.155558,0.091846466
0.15556,0.091846466
0.155562,0.091846466
0.155564,0.091846466
0.155566,0.091846466
0.155568,0.091846466
0.15557,0.091846466
0.155572,0.091846466
0.155574,0.091846466
0.155576,0.091846466
0.155578,0.091846466
0.15558,0.091846466
0.155582,0.091846466
0.155584,0.091846466
0.155586,0.091846466
0.155588,0.091846466
0.15559,0.091846466
0.155592,0.091846466
0.155594,0.091846466
0.155596,0.091846466
0.155598,0.091846466
0.1556,0.091846466
0.155602,0.091846466
0.155604,0.091846466
0.155606,0.091846466
0.155608,0.091846466
0.15561,0.091846466
0.155612,0.091846466
0.155614,0.091846466
0.155616,0.091846466
0.155618,0.091846466
0.15562,0.091846466
0.155622,0.091846466
0.155624,0.091846466
0.155626,0.091846466
0.155628,0.091846466
0.15562999,0.091846466
0.155632,0.091846466
0.155634,0.091846466
0.155636,0.091846466
0.155638,0.091846466
0.15564,0.091846466
0.155642,0.091846466
0.155644,0.091846466
0.155646,0.091846466
0.155648,0.091846466
0.15565,0.091846466
0.155652,0.091846466
0.155654,0.091846466
0.155656,0.091846466
0.155658,0.091846466
0.15566,0.091846466
0.155662,0.091846466
0.155664,0.091846466
0.155666,0.091846466
0.155668,0.091846466
0.15567,0.091846466
0.155672,0.091846466
0.155674,0.091846466
0.15567599,0.091846466
0.155678,0.091846466
0.15568,0.091846466
0.155682,0.091846466
0.155684,0.091846466
0.155686,0.091846466
0.155688,0.091846466
0.15569,0.091846466
0.155692,0.091846466
0.155694,0.091846466
0.155696,0.091846466
0.155698,0.091846466
0.1557,0.091846466
0.155702,0.091846466
0.155704,0.091846466
0.155706,0.091846466
0.155708,0.091846466
0.15571,0.091846466
0.155712,0.091846466
0.155714,0.091846466
0.155716,0.091846466
0.155718,0.091846466
0.15572,0.091846466
0.15572199,0.091846466
0.155724,0.091846466
0.155726,0.091846466
0.155728,0.091846466
0.15573,0.091846466
0.155732,0.091846466
0.155734,0.091846466
0.155736,0.091846466
0.155738,0.091846466
0.15574,0.091846466
0.155742,0.091846466
0.155744,0.091846466
0.155746,0.091846466
0.155748,0.091846466
0.15575,0.091846466
0.155752,0.091846466
0.155754,0.091846466
0.155756,0.091846466
0.155758,0.091846466
0.15576,0.091846466
0.155762,0.091846466
0.155764,0.091846466
0.155766,0.091846466
0.155768,0.091846466
0.15577,0.091846466
0.155772,0.091846466
0.155774,0.091846466
0.155776,0.091846466
0.155778,0.091846466
0.15578,0.091846466
0.155782,0.091846466
0.155784,0.091846466
0.155786,0.091846466
0.155788,0.091846466
0.15579,0.091846466
0.155792,0.091846466
0.155794,0.091846466
0.155796,0.091846466
0.155798,0.091846466
0.1558,0.091846466
0.155802,0.091846466
0.155804,0.091846466
0.155806,0.091846466
0.155808,0.091846466
0.15581,0.091846466
0.155812,0.091846466
0.155814,0.091846466
0.155816,0.091846466
0.155818,0.091846466
0.15582,0.091846466
0.155822,0.091846466
0.155824,0.091846466
0.155826,0.091846466
0.155828,0.091846466
0.15583,0.091846466
0.155832,0.091846466
0.155834,0.091846466
0.155836,0.091846466
0.155838,0.091846466
0.15584,0.091846466
0.155842,0.091846466
0.155844,0.091846466
0.155846,0.091846466
0.155848,0.091846466
0.15585,0.091846466
0.155852,0.091846466
0.155854,0.091846466
0.155856,0.091846466
0.155858,0.091846466
0.15586,0.091846466
0.155862,0.091846466
0.155864,0.091846466
0.155866,0.091846466
0.155868,0.091846466
0.15587,0.091846466
0.155872,0.091846466
0.155874,0.091846466
0.155876,0.091846466
0.15587799,0.091846466
0.15588,0.091846466
0.155882,0.091846466
0.155884,0.091846466
0.155886,0.091846466
0.155888,0.091846466
0.15589,0.091846466
0.155892,0.091846466
0.155894,0.091846466
0.155896,0.091846466
0.155898,0.091846466
0.1559,0.091846466
0.155902,0.091846466
0.155904,0.091846466
0.155906,0.091846466
0.155908,0.091846466
0.15591,0.091846466
0.155912,0.091846466
0.155914,0.091846466
0.155916,0.091846466
0.155918,0.091846466
0.15592,0.091846466
0.155922,0.091846466
0.15592399,0.091846466
0.155926,0.091846466
0.155928,0.091846466
0.15593,0.091846466
0.155932,0.091846466
0.155934,0.091846466
0.155936,0.091846466
0.155938,0.091846466
0.15594,0.091846466
0.155942,0.091846466
0.155944,0.091846466
0.155946,0.091846466
0.155948,0.091846466
0.15595,0.091846466
0.155952,0.091846466
0.155954,0.091846466
0.155956,0.091846466
0.155958,0.091846466
0.15596,0.091846466
0.155962,0.091846466
0.155964,0.091846466
0.155966,0.091846466
0.155968,0.091846466
0.15596999,0.091846466
0.155972,0.091846466
0.155974,0.091846466
0.155976,0.091846466
0.155978,0.091846466
0.15598,0.091846466
0.155982,0.091846466
0.155984,0.091846466
0.155986,0.091846466
0.155988,0.091846466
0.15599,0.091846466
0.155992,0.091846466
0.155994,0.091846466
0.155996,0.091846466
0.155998,0.091846466
0.156,0.091846466
0.156002,0.091846466
0.156004,0.091846466
0.156006,0.091846466
0.156008,0.091846466
0.15601,0.091846466
0.156012,0.091846466
0.156014,0.091846466
0.15601599,0.091846466
0.156018,0.091846466
0.15602,0.091846466
0.156022,0.091846466
0.156024,0.091846466
0.156026,0.091846466
0.156028,0.091846466
0.15603,0.091846466
0.156032,0.091846466
0.156034,0.091846466
0.156036,0.091846466
0.156038,0.091846466
0.15604,0.091846466
0.156042,0.091846466
0.156044,0.091846466
0.156046,0.091846466
0.156048,0.091846466
0.15605,0.091846466
0.156052,0.091846466
0.156054,0.091846466
0.156056,0.091846466
0.156058,0.091846466
0.15606,0.091846466
0.156062,0.091846466
0.156064,0.091846466
0.156066,0.091846466
0.156068,0.091846466
0.15607,0.091846466
0.156072,0.091846466
0.156074,0.091846466
0.156076,0.091846466
0.156078,0.091846466
0.15608,0.091846466
0.156082,0.091846466
0.156084,0.091846466
0.156086,0.091846466
0.156088,0.091846466
0.15609,0.091846466
0.156092,0.091846466
0.156094,0.091846466
0.156096,0.091846466
0.156098,0.091846466
0.1561,0.091846466
0.156102,0.091846466
0.156104,0.091846466
0.156106,0.091846466
0.156108,0.091846466
0.15611,0.091846466
0.156112,0.091846466
0.156114,0.091846466
0.156116,0.091846466
0.156118,0.091846466
0.15612,0.091846466
0.156122,0.091846466
0.156124,0.091846466
0.15612599,0.091846466
0.156128,0.091846466
0.15613,0.091846466
0.156132,0.091846466
0.156134,0.091846466
0.156136,0.091846466
0.156138,0.091846466
0.15614,0.091846466
0.156142,0.091846466
0.156144,0.091846466
0.156146,0.091846466
0.156148,0.091846466
0.15615,0.091846466
0.156152,0.091846466
0.156154,0.091846466
0.156156,0.091846466
0.156158,0.091846466
0.15616,0.091846466
0.156162,0.091846466
0.156164,0.091846466
0.156166,0.091846466
0.156168,0.091846466
0.15617,0.091846466
0.15617199,0.091846466
0.156174,0.091846466
0.156176,0.091846466
0.156178,0.091846466
0.15618,0.091846466
0.156182,0.091846466
0.156184,0.091846466
0.156186,0.091846466
0.156188,0.091846466
0.15619,0.091846466
0.156192,0.091846466
0.156194,0.091846466
0.156196,0.091846466
0.156198,0.091846466
0.1562,0.091846466
0.156202,0.091846466
0.156204,0.091846466
0.156206,0.091846466
0.156208,0.091846466
0.15621,0.091846466
0.156212,0.091846466
0.156214,0.091846466
0.156216,0.091846466
0.15621799,0.091846466
0.15622,0.091846466
0.156222,0.091846466
0.156224,0.091846466
0.156226,0.091846466
0.156228,0.091846466
0.15623,0.091846466
0.156232,0.091846466
0.156234,0.091846466
0.156236,0.091846466
0.156238,0.091846466
0.15624,0.091846466
0.156242,0.091846466
0.156244,0.091846466
0.156246,0.091846466
0.156248,0.091846466
0.15625,0.091846466
0.156252,0.091846466
0.156254,0.091846466
0.156256,0.091846466
0.156258,0.091846466
0.15626,0.091846466
0.156262,0.091846466
0.15626399,0.091846466
0.156266,0.091846466
0.156268,0.091846466
0.15627,0.091846466
0.156272,0.091846466
0.156274,0.091846466
0.156276,0.091846466
0.156278,0.091846466
0.15628,0.091846466
0.156282,0.091846466
0.156284,0.091846466
0.156286,0.091846466
0.156288,0.091846466
0.15629,0.091846466
0.156292,0.091846466
0.156294,0.091846466
0.156296,0.091846466
0.156298,0.091846466
0.1563,0.091846466
0.156302,0.091846466
0.156304,0.60039186
0.156306,1.3863249
0.156308,1.3400936
0.15631,1.3863249
0.156312,1.3863249
0.156314,1.3863249
0.156316,1.3863249
0.156318,1.3863249
0.15632,1.3863249
0.156322,1.3863249
0.156324,1.3863249
0.156326,1.3863249
0.156328,1.3863249
0.15633,1.3863249
0.156332,1.3863249
0.156334,1.3863249
0.156336,1.3863249
0.156338,1.3863249
0.15634,1.3863249
0.156342,1.3863249
0.156344,1.3863249
0.156346,1.3863249
0.156348,1.3863249
0.15635,1.3863249
0.156352,1.3863249
0.156354,1.3863249
0.156356,1.3863249
0.156358,1.3863249
0.15636,1.3863249
0.156362,1.3863249
0.156364,1.3863249
0.156366,1.3863249
0.156368,1.3863249
0.15637,1.3863249
0.156372,1.3863249
0.156374,1.3863249
0.156376,1.3863249
0.156378,1.3863249
0.15638,1.3863249
0.156382,1.3863249
0.156384,1.3863249
0.156386,1.3863249
0.156388,1.3863249
0.15639,1.3863249
0.156392,1.3863249
0.156394,1.3863249
0.156396,1.3863249
0.156398,1.3863249
0.1564,1.3863249
0.156402,1.3863249
0.156404,1.3863249
0.156406,1.3863249
0.156408,1.3863249
0.15641,1.3863249
0.156412,1.3863249
0.156414,1.3863249
0.156416,1.3863249
0.156418,1.3863249
0.15641999,1.3863249
0.156422,1.3863249
0.156424,1.3863249
0.156426,1.3863249
0.156428,1.3863249
0.15643,1.3863249
0.156432,1.3863249
0.156434,1.3863249
0.156436,1.3863249
0.156438,1.3863249
0.15644,1.3863249
0.156442,1.3863249
0.156444,1.3863249
0.156446,1.3863249
0.156448,1.3863249
0.15645,1.3863249
0.156452,1.3863249
0.156454,1.3863249
0.156456,1.3863249
0.156458,1.3863249
0.15646,1.3863249
0.156462,1.3863249
0.156464,1.3863249
0.15646599,1.3863249
0.156468,1.3863249
0.15647,1.3863249
0.156472,1.3863249
0.156474,1.3863249
0.156476,1.3863249
0.156478,1.3863249
0.15648,1.3863249
0.156482,1.3863249
0.156484,1.3863249
0.156486,1.3863249
0.156488,1.3863249
0.15649,1.3863249
0.156492,1.3863249
0.156494,1.3863249
0.156496,1.3863249
0.156498,1.3863249
0.1565,1.3863249
0.156502,1.3863249
0.156504,1.3863249
0.156506,1.3863249
0.156508,1.3863249
0.15651,1.3863249
0.15651199,1.3863249
0.156514,1.3863249
0.156516,1.3863249
0.156518,1.3863249
0.15652,1.3863249
0.156522,1.3863249
0.156524,1.3863249
0.156526,1.3863249
0.156528,1.3863249
0.15653,1.3863249
0.156532,1.3863249
0.156534,1.3863249
0.156536,1.3863249
0.156538,1.3863249
0.15654,1.3863249
0.156542,1.3863249
0.156544,1.3863249
0.156546,1.3863249
0.156548,1.3863249
0.15655,1.3863249
0.156552,1.3863249
0.156554,1.3863249
0.156556,1.3863249
0.156558,1.3863249
0.15656,1.3863249
0.156562,1.3863249
0.156564,1.3863249
0.156566,1.3863249
0.156568,1.3863249
0.15657,1.3863249
0.156572,1.3863249
0.156574,1.3863249
0.156576,1.3863249
0.156578,1.3863249
0.15658,1.3863249
0.156582,1.3863249
0.156584,1.3863249
0.156586,1.3863249
0.156588,1.3863249
0.15659,1.3863249
0.156592,1.3863249
0.156594,1.3863249
0.156596,1.3863249
0.156598,1.3863249
0.1566,1.3863249
0.156602,1.3863249
0.156604,1.3863249
0.156606,1.3863249
0.156608,1.3863249
0.15661,1.3863249
0.156612,1.3863249
0.156614,1.3863249
0.156616,1.3863249
0.156618,1.3863249
0.15662,1.3863249
0.156622,1.3863249
0.156624,1.3863249
0.156626,1.3863249
0.156628,1.3863249
0.15663,1.3863249
0.156632,1.3863249
0.156634,1.3863249
0.156636,1.3863249
0.156638,1.3863249
0.15664,1.3863249
0.156642,1.3863249
0.156644,1.3863249
0.156646,1.3863249
0.156648,1.3863249
0.15665,1.3863249
0.156652,1.3863249
0.156654,1.3863249
0.156656,1.3863249
0.156658,2.3109517
0.15666,2.6345725
0.156662,2.6345725
0.156664,2.6345725
0.156666,2.6345725
0.15666799,2.6345725
0.15667,2.6345725
0.156672,2.6345725
0.156674,2.6345725
0.156676,2.6808028
0.156678,2.6808028
0.15668,2.6808028
0.156682,2.6808028
0.156684,2.6808028
0.156686,2.6808028
0.156688,2.6808028
0.15669,2.6808028
0.156692,2.6808028
0.156694,2.6808028
0.156696,2.6808028
0.156698,2.6808028
0.1567,2.6808028
0.156702,2.6808028
0.156704,2.6808028
0.156706,2.6808028
0.156708,2.6808028
0.15671,2.6808028
0.156712,2.6808028
0.15671399,2.6808028
0.156716,2.6808028
0.156718,2.6808028
0.15672,2.6808028
0.156722,2.6808028
0.156724,2.6808028
0.156726,2.6808028
0.156728,2.6808028
0.15673,2.6808028
0.156732,2.6808028
0.156734,2.6808028
0.156736,2.6808028
0.156738,2.6808028
0.15674,2.6808028
0.156742,2.6808028
0.156744,2.6808028
0.156746,2.6808028
0.156748,2.6808028
0.15675,2.6808028
0.156752,2.6808028
0.156754,2.6808028
0.156756,2.6808028
0.156758,2.6808028
0.15675999,2.6808028
0.156762,2.6808028
0.156764,2.6808028
0.156766,2.6808028
0.156768,2.6808028
0.15677,2.6808028
0.156772,2.6808028
0.156774,2.6808028
0.156776,2.6808028
0.156778,2.6808028
0.15678,2.6808028
0.156782,2.6808028
0.156784,2.6808028
0.156786,2.6808028
0.156788,2.6808028
0.15679,2.6808028
0.156792,2.6808028
0.156794,2.6808028
0.156796,2.6808028
0.156798,2.6808028
0.1568,2.6808028
0.156802,2.6808028
0.156804,2.6808028
0.156806,2.6808028
0.156808,2.6808028
0.15681,2.6808028
0.156812,2.6808028
0.156814,2.6808028
0.156816,2.6808028
0.156818,2.6808028
0.15682,2.6808028
0.156822,2.6808028
0.156824,2.6808028
0.156826,2.6808028
0.156828,2.6808028
0.15683,2.6808028
0.156832,2.6808028
0.156834,2.6808028
0.156836,2.6808028
0.156838,2.6808028
0.15684,2.6808028
0.156842,2.6808028
0.156844,2.6808028
0.156846,2.6808028
0.156848,2.6808028
0.15685,2.6808028
0.156852,2.6808028
0.156854,2.6808028
0.156856,2.6808028
0.156858,2.6808028
0.15686,2.6808028
0.156862,2.6808028
0.156864,2.6808028
0.156866,2.6808028
0.156868,2.6808028
0.15687,2.6808028
0.156872,2.6808028
0.156874,2.6808028
0.156876,2.6808028
0.156878,2.6808028
0.15688,2.6808028
0.156882,2.6808028
0.156884,2.6808028
0.156886,2.6808028
0.156888,2.6808028
0.15689,2.6808028
0.156892,2.6808028
0.156894,2.6808028
0.156896,2.6808028
0.156898,2.6808028
0.1569,2.6808028
0.156902,2.6808028
0.156904,2.6808028
0.156906,2.6808028
0.156908,2.6808028
0.15691,2.6808028
0.156912,2.6808028
0.156914,2.6808028
0.15691599,2.6808028
0.156918,2.6808028
0.15692,2.6808028
0.156922,2.6808028
0.156924,2.6808028
0.156926,2.6808028
0.156928,2.6808028
0.15693,2.6808028
0.156932,2.6808028
0.156934,2.6808028
0.156936,2.6808028
0.156938,2.6808028
0.15694,2.6808028
0.156942,2.6808028
0.156944,2.6808028
0.156946,2.6808028
0.156948,2.6808028
0.15695,2.6808028
0.156952,2.6808028
0.156954,2.6808028
0.156956,2.6808028
0.156958,2.6808028
0.15696,2.6808028
0.15696199,2.6808028
0.156964,2.6808028
0.156966,2.6808028
0.156968,2.6808028
0.15697,2.6808028
0.156972,2.6808028
0.156974,2.6808028
0.156976,2.6808028
0.156978,2.6808028
0.15698,2.6808028
0.156982,2.6808028
0.156984,3.1431174
0.156986,3.8828197
0.156988,3.92905
0.15699,3.92905
0.156992,3.9752812
0.156994,3.9752812
0.156996,3.9752812
0.156998,3.9752812
0.157,3.9752812
0.157002,3.9752812
0.157004,3.9752812
0.157006,3.9752812
0.15700799,3.9752812
0.15701,3.9752812
0.157012,3.9752812
0.157014,3.9752812
0.157016,3.9752812
0.157018,3.9752812
0.15702,3.9752812
0.157022,3.9752812
0.157024,3.9752812
0.157026,3.9752812
0.157028,3.9752812
0.15703,3.9752812
0.157032,3.9752812
0.157034,3.9752812
0.157036,3.9752812
0.157038,3.9752812
0.15704,3.9752812
0.157042,3.9752812
0.157044,3.9752812
0.157046,3.9752812
0.157048,3.9752812
0.15705,3.9752812
0.157052,3.9752812
0.157054,3.9752812
0.157056,3.9752812
0.157058,3.9752812
0.15706,3.9752812
0.157062,3.9752812
0.157064,3.9752812
0.157066,3.9752812
0.157068,3.9752812
0.15707,3.9752812
0.157072,3.9752812
0.157074,3.9752812
0.157076,3.9752812
0.157078,3.9752812
0.15708,3.9752812
0.157082,3.9752812
0.157084,3.9752812
0.157086,3.9752812
0.157088,3.9752812
0.15709,3.9752812
0.157092,3.9752812
0.157094,3.9752812
0.157096,3.9752812
0.157098,3.9752812
0.1571,3.9752812
0.157102,3.9752812
0.157104,3.9752812
0.157106,3.9752812
0.157108,3.9752812
0.15711,3.9752812
0.157112,3.9752812
0.157114,3.9752812
0.157116,3.9752812
0.157118,3.9752812
0.15712,3.9752812
0.157122,3.9752812
0.157124,3.9752812
0.157126,3.9752812
0.157128,3.9752812
0.15713,3.9752812
0.157132,3.9752812
0.157134,3.9752812
0.157136,3.9752812
0.157138,3.9752812
0.15714,3.9752812
0.157142,3.9752812
0.157144,3.9752812
0.157146,3.9752812
0.157148,3.9752812
0.15715,3.9752812
0.157152,3.9752812
0.157154,3.9752812
0.157156,3.9752812
0.157158,3.9752812
0.15716,3.9752812
0.157162,3.9752812
0.15716399,3.9752812
0.157166,3.9752812
0.157168,3.9752812
0.15717,3.9752812
0.157172,3.9752812
0.157174,3.9752812
0.157176,3.9752812
0.157178,3.9752812
0.15718,3.9752812
0.157182,3.9752812
0.157184,3.9752812
0.157186,3.9752812
0.157188,3.9752812
0.15719,3.9752812
0.157192,3.9752812
0.157194,3.9752812
0.157196,3.9752812
0.157198,3.9752812
0.1572,3.9752812
0.157202,3.9752812
0.157204,3.9752812
0.157206,3.9752812
0.157208,3.9752812
0.15720999,3.9752812
0.157212,3.9752812
0.157214,3.9752812
0.157216,3.9752812
0.157218,3.9752812
0.15722,3.9752812
0.157222,3.9752812
0.157224,3.9752812
0.157226,3.9752812
0.157228,3.9752812
0.15723,3.9752812
0.157232,3.9752812
0.157234,3.9752812
0.157236,3.9752812
0.157238,3.9752812
0.15724,3.9752812
0.157242,3.9752812
0.157244,3.9752812
0.157246,3.9752812
0.157248,3.9752812
0.15725,3.9752812
0.157252,3.9752812
0.157254,3.9752812
0.15725599,3.9752812
0.157258,3.9752812
0.15726,3.9752812
0.157262,3.9752812
0.157264,3.9752812
0.157266,3.9752812
0.157268,3.9752812
0.15727,3.9752812
0.157272,3.9752812
0.157274,3.9752812
0.157276,3.9752812
0.157278,3.9752812
0.15728,3.9752812
0.157282,3.9752812
0.157284,3.9752812
0.157286,3.9752812
0.157288,3.9752812
0.15729,3.9752812
0.157292,3.9752812
0.157294,3.9752812
0.157296,3.9752812
0.157298,3.9752812
0.1573,3.9752812
0.15730199,3.9752812
0.157304,3.9752812
0.157306,3.9752812
0.157308,3.9752812
0.15731,3.9752812
0.157312,3.9752812
0.157314,3.9752812
0.157316,3.9752812
0.157318,3.9752812
0.15732,3.9752812
0.157322,3.9752812
0.157324,3.9752812
0.157326,3.9752812
0.157328,3.9752812
0.15733,3.9752812
0.157332,3.9752812
0.157334,3.9752812
0.157336,3.9752812
0.157338,3.9752812
0.15734,3.9752812
0.157342,3.9752812
0.157344,3.9752812
0.157346,3.9752812
0.157348,3.9752812
0.15735,3.9752812
0.157352,3.9752812
0.157354,3.9752812
0.157356,3.9752812
0.157358,3.9752812
0.15736,3.9752812
0.157362,3.9752812
0.157364,3.9752812
0.157366,3.9752812
0.157368,3.9752812
0.15737,3.9752812
0.157372,3.9752812
0.157374,3.9752812
0.157376,3.9752812
0.157378,3.9752812
0.15738,3.9752812
0.157382,3.9752812
0.157384,3.9752812
0.157386,3.9752812
0.157388,3.9752812
0.15739,3.9752812
0.157392,3.9752812
0.157394,3.9752812
0.157396,3.9752812
0.157398,3.9752812
0.1574,3.9752812
0.157402,3.9752812
0.157404,3.9752812
0.157406,3.9752812
0.157408,3.9752812
0.15741,3.9752812
0.157412,3.9752812
0.157414,3.9752812
0.157416,3.9752812
0.157418,3.9752812
0.15742,3.9752812
0.157422,3.9752812
0.157424,3.9752812
0.157426,3.9752812
0.157428,3.9752812
0.15743,3.9752812
0.157432,3.9752812
0.157434,3.9752812
0.157436,3.9752812
0.157438,3.9752812
0.15744,3.9752812
0.157442,3.9752812
0.157444,3.9752812
0.157446,3.9752812
0.157448,3.9752812
0.15745,3.9752812
0.157452,3.9752812
0.157454,3.9752812
0.157456,3.9752812
0.15745799,3.9752812
0.15746,3.9752812
0.157462,3.9752812
0.157464,3.9752812
0.157466,3.9752812
0.157468,3.9752812
0.15747,3.9752812
0.157472,3.9752812
0.157474,3.9752812
0.157476,3.9752812
0.157478,3.9752812
0.15748,3.9752812
0.157482,3.9752812
0.157484,3.9752812
0.157486,3.9752812
0.157488,3.9752812
0.15749,3.9752812
0.157492,3.9752812
0.157494,3.9752812
0.157496,3.9752812
0.157498,3.9752812
0.1575,3.9752812
0.157502,3.9752812
0.15750399,3.9752812
0.157506,3.9752812
0.157508,3.9752812
0.15751,3.9752812
0.157512,3.9752812
0.157514,3.9752812
0.157516,3.9752812
0.157518,3.9752812
0.15752,3.9752812
0.157522,3.9752812
0.157524,3.9752812
0.157526,3.9752812
0.157528,3.9752812
0.15753,3.9752812
0.157532,3.9752812
0.157534,3.9752812
0.157536,3.9752812
0.157538,3.9752812
0.15754,3.9752812
0.157542,3.9752812
0.157544,3.9752812
0.157546,3.9752812
0.157548,3.9752812
0.15754999,3.9752812
0.157552,3.9752812
0.157554,3.9752812
0.157556,3.9752812
0.157558,3.9752812
0.15756,3.9752812
0.157562,3.9752812
0.157564,3.9752812
0.157566,3.9752812
0.157568,3.9752812
0.15757,3.9752812
0.157572,3.9752812
0.157574,3.9752812
0.157576,3.9752812
0.157578,3.9752812
0.15758,3.9752812
0.157582,3.9752812
0.157584,3.9752812
0.157586,3.9752812
0.157588,3.9752812
0.15759,3.9752812
0.157592,3.9752812
0.157594,3.9752812
0.157596,3.9752812
0.157598,3.9752812
0.1576,3.9752812
0.157602,3.9752812
0.157604,3.9752812
0.157606,3.9752812
0.157608,3.9752812
0.15761,3.9752812
0.157612,3.9752812
0.157614,3.9752812
0.157616,3.9752812
0.157618,3.9752812
0.15762,3.9752812
0.157622,3.9752812
0.157624,3.9752812
0.157626,3.9752812
0.157628,3.9752812
0.15763,3.9752812
0.157632,3.9752812
0.157634,3.9752812
0.157636,3.9752812
0.157638,3.9752812
0.15764,3.9752812
0.157642,3.9752812
0.157644,3.9752812
0.157646,3.9752812
0.157648,3.9752812
0.15765,3.9752812
0.157652,3.9752812
0.157654,3.9752812
0.157656,3.9752812
0.157658,3.9752812
0.15766,3.9752812
0.157662,3.9752812
0.157664,3.9752812
0.157666,3.9752812
0.157668,3.9752812
0.15767,3.9752812
0.157672,3.9752812
0.157674,3.9752812
0.157676,3.9752812
0.157678,3.9752812
0.15768,3.9752812
0.157682,3.9752812
0.157684,3.9752812
0.157686,3.9752812
0.157688,3.9752812
0.15769,3.9752812
0.157692,3.9752812
0.157694,3.9752812
0.157696,3.9752812
0.157698,3.9752812
0.1577,3.9752812
0.157702,3.9752812
0.157704,3.9752812
0.15770599,3.9752812
0.157708,3.9752812
0.15771,3.9752812
0.157712,3.9752812
0.157714,3.9752812
0.157716,3.9752812
0.157718,3.9752812
0.15772,3.9752812
0.157722,3.9752812
0.157724,3.9752812
0.157726,3.9752812
0.157728,3.9752812
0.15773,3.9752812
0.157732,3.9752812
0.157734,3.9752812
0.157736,3.9752812
0.157738,3.9752812
0.15774,3.9752812
0.157742,3.9752812
0.157744,3.9752812
0.157746,3.9752812
0.157748,3.9752812
0.15775,3.9752812
0.15775199,3.9752812
0.157754,3.9752812
0.157756,3.9752812
0.157758,3.9752812
0.15776,3.9752812
0.157762,3.9752812
0.157764,3.9752812
0.157766,3.9752812
0.157768,3.9752812
0.15777,3.9752812
0.157772,3.9752812
0.157774,3.9752812
0.157776,3.9752812
0.157778,3.9752812
0.15778,3.9752812
0.157782,3.9752812
0.157784,3.9752812
0.157786,3.9752812
0.157788,3.9752812
0.15779,3.9752812
0.157792,3.9752812
0.157794,3.9752812
0.157796,3.9752812
0.15779799,3.9752812
0.1578,3.9752812
0.157802,3.9752812
0.157804,3.9752812
0.157806,3.9752812
0.157808,3.9752812
0.15781,3.9752812
0.157812,3.9752812
0.157814,3.9752812
0.157816,3.9752812
0.157818,3.9752812
0.15782,3.9752812
0.157822,3.9752812
0.157824,3.9752812
0.157826,3.9752812
0.157828,3.9752812
0.15783,3.9752812
0.157832,3.9752812
0.157834,3.9752812
0.157836,3.9752812
0.157838,3.9752812
0.15784,3.9752812
0.157842,3.9752812
0.157844,3.9752812
0.157846,3.9752812
0.157848,3.9752812
0.15785,3.9752812
0.157852,3.9752812
0.157854,3.9752812
0.157856,3.9752812
0.157858,3.9752812
0.15786,3.9752812
0.157862,3.9752812
0.157864,3.9752812
0.157866,3.9752812
0.157868,3.9752812
0.15787,3.9752812
0.157872,3.9752812
0.157874,3.9752812
0.157876,3.9752812
0.157878,3.9752812
0.15788,3.9752812
0.157882,3.9752812
0.157884,3.9752812
0.157886,3.9752812
0.157888,3.9752812
0.15789,3.9752812
0.157892,3.9752812
0.157894,3.9752812
0.157896,3.9752812
0.157898,3.9752812
0.1579,3.9752812
0.157902,3.9752812
0.157904,3.9752812
0.157906,3.9752812
0.157908,3.9752812
0.15791,3.9752812
0.157912,3.9752812
0.157914,3.9752812
0.157916,3.9752812
0.157918,3.9752812
0.15792,3.9752812
0.157922,3.9752812
0.157924,3.9752812
0.157926,3.9752812
0.157928,3.9752812
0.15793,3.9752812
0.157932,3.9752812
0.157934,3.9752812
0.157936,3.9752812
0.157938,3.9752812
0.15794,3.9752812
0.157942,3.9752812
0.157944,3.9752812
0.157946,3.9752812
0.157948,3.9752812
0.15795,3.9752812
0.157952,3.9752812
0.15795399,3.9752812
0.157956,3.9752812
0.157958,3.9752812
0.15796,3.9752812
0.157962,3.9752812
0.157964,3.9752812
0.157966,3.9752812
0.157968,3.9752812
0.15797,3.9752812
0.157972,3.9752812
0.157974,3.9752812
0.157976,3.9752812
0.157978,3.9752812
0.15798,3.9752812
0.157982,3.9752812
0.157984,3.9752812
0.157986,3.9752812
0.157988,3.9752812
0.15799,3.9752812
0.157992,3.9752812
0.157994,3.9752812
0.157996,3.9752812
0.157998,3.9752812
0.15799999,3.9752812
0.158002,3.9752812
0.158004,3.9752812
0.158006,3.9752812
0.158008,3.9752812
0.15801,3.9752812
0.158012,3.9752812
0.158014,3.9752812
0.158016,3.9752812
0.158018,3.9752812
0.15802,3.9752812
0.158022,3.9752812
0.158024,3.9752812
0.158026,3.9752812
0.158028,3.9752812
0.15803,3.9752812
0.158032,3.9752812
0.158034,3.9752812
0.158036,3.9752812
0.158038,3.9752812
0.15804,3.9752812
0.158042,3.9752812
0.158044,3.9752812
0.15804599,3.9752812
0.158048,3.9752812
0.15805,3.9752812
0.158052,3.9752812
0.158054,3.9752812
0.158056,3.9752812
0.158058,3.9752812
0.15806,3.9752812
0.158062,3.9752812
0.158064,3.9752812
0.158066,3.9752812
0.158068,3.9752812
0.15807,3.9752812
0.158072,3.9752812
0.158074,3.9752812
0.158076,3.9752812
0.158078,3.9752812
0.15808,3.9752812
0.158082,3.9752812
0.158084,3.9752812
0.158086,3.9752812
0.158088,3.9752812
0.15809,3.9752812
0.158092,3.9752812
0.158094,3.9752812
0.158096,3.9752812
0.158098,3.9752812
0.1581,3.9752812
0.158102,3.9752812
0.158104,3.9752812
0.158106,3.9752812
0.158108,3.9752812
0.15811,3.9752812
0.158112,3.9752812
0.158114,3.9752812
0.158116,3.9752812
0.158118,3.9752812
0.15812,3.9752812
0.158122,3.9752812
0.158124,3.9752812
0.158126,3.9752812
0.158128,2.8657289
0.15813,2.727035
0.158132,2.727035
0.158134,2.727035
0.158136,2.727035
0.158138,2.727035
0.15814,2.727035
0.158142,2.727035
0.158144,2.727035
0.158146,2.6808028
0.158148,2.6808028
0.15815,2.6808028
0.158152,2.6808028
0.158154,2.6808028
0.158156,2.6808028
0.158158,2.6808028
0.15816,2.6808028
0.158162,2.6808028
0.158164,2.6808028
0.158166,2.6808028
0.158168,2.6808028
0.15817,2.6808028
0.158172,2.6808028
0.158174,2.6808028
0.158176,2.6808028
0.158178,2.6808028
0.15818,2.6808028
0.158182,2.6808028
0.158184,2.6808028
0.158186,2.6808028
0.158188,2.6808028
0.15819,2.6808028
0.158192,2.6808028
0.158194,2.6808028
0.158196,2.6808028
0.158198,2.6808028
0.1582,2.6808028
0.15820199,2.6808028
0.158204,2.6808028
0.158206,2.6808028
0.158208,2.6808028
0.15821,2.6808028
0.158212,2.6808028
0.158214,2.6808028
0.158216,2.6808028
0.158218,2.6808028
0.15822,2.6808028
0.158222,2.6808028
0.158224,2.6808028
0.158226,2.6808028
0.158228,2.6808028
0.15823,2.6808028
0.158232,2.6808028
0.158234,2.6808028
0.158236,2.6808028
0.158238,2.6808028
0.15824,2.6808028
0.158242,2.6808028
0.158244,2.6808028
0.158246,2.6808028
0.15824799,2.6808028
0.15825,2.6808028
0.158252,2.6808028
0.158254,2.6808028
0.158256,2.6808028
0.158258,2.6808028
0.15826,2.6808028
0.158262,2.6808028
0.158264,2.6808028
0.158266,2.6808028
0.158268,2.6808028
0.15827,2.6808028
0.158272,2.6808028
0.158274,2.6808028
0.158276,2.6808028
0.158278,2.6808028
0.15828,2.6808028
0.158282,2.6808028
0.158284,2.6808028
0.158286,2.6808028
0.158288,2.6808028
0.15829,2.6808028
0.158292,2.6808028
0.15829399,2.6808028
0.158296,2.6808028
0.158298,2.6808028
0.1583,2.6808028
0.158302,2.6808028
0.158304,2.6808028
0.158306,2.6808028
0.158308,2.6808028
0.15831,2.6808028
0.158312,2.6808028
0.158314,2.6808028
0.158316,2.6808028
0.158318,2.6808028
0.15832,2.6808028
0.158322,2.6808028
0.158324,2.6808028
0.158326,2.6808028
0.158328,2.6808028
0.15833,2.6808028
0.158332,2.6808028
0.158334,2.6808028
0.158336,2.6808028
0.158338,2.6808028
0.15833999,2.6808028
0.158342,2.6808028
0.158344,2.6808028
0.158346,2.6808028
0.158348,2.6808028
0.15835,2.6808028
0.158352,2.6808028
0.158354,2.6808028
0.158356,2.6808028
0.158358,2.6808028
0.15836,2.6808028
0.158362,2.6808028
0.158364,2.6808028
0.158366,2.6808028
0.158368,2.6808028
0.15837,2.6808028
0.158372,2.6808028
0.158374,2.6808028
0.158376,2.6808028
0.158378,2.6808028
0.15838,2.6808028
0.158382,2.6808028
0.158384,2.6808028
0.158386,2.6808028
0.158388,2.6808028
0.15839,2.6808028
0.158392,2.6808028
0.158394,2.6808028
0.158396,2.6808028
0.158398,2.6808028
0.1584,2.6808028
0.158402,2.6808028
0.158404,2.6808028
0.158406,2.6808028
0.158408,2.6808028
0.15841,2.6808028
0.158412,2.6808028
0.158414,2.6808028
0.158416,2.6808028
0.158418,2.6808028
0.15842,2.6808028
0.158422,2.6808028
0.158424,2.6808028
0.158426,2.6808028
0.158428,2.6808028
0.15843,2.6808028
0.158432,2.6808028
0.158434,2.6808028
0.158436,2.6808028
0.158438,2.6808028
0.15844,2.6808028
0.158442,2.6808028
0.158444,2.6808028
0.158446,2.6808028
0.158448,2.6808028
0.15844999,2.6808028
0.158452,2.6808028
0.158454,1.8948698
0.158456,1.4325566
0.158458,1.4325566
0.15846,1.4325566
0.158462,1.4325566
0.158464,1.4325566
0.158466,1.4325566
0.158468,1.4325566
0.15847,1.4325566
0.158472,1.4325566
0.158474,1.4325566
0.158476,1.4325566
0.158478,1.4325566
0.15848,1.4325566
0.158482,1.4325566
0.158484,1.4325566
0.158486,1.4325566
0.158488,1.4325566
0.15849,1.4325566
0.158492,1.4325566
0.158494,1.3863249
0.15849599,1.3863249
0.158498,1.3863249
0.1585,1.3863249
0.158502,1.3863249
0.158504,1.3863249
0.158506,1.3863249
0.158508,1.3863249
0.15851,1.3863249
0.158512,1.3863249
0.158514,1.3863249
0.158516,1.3863249
0.158518,1.3863249
0.15852,1.3863249
0.158522,1.3863249
0.158524,1.3863249
0.158526,1.3863249
0.158528,1.3863249
0.15853,1.3863249
0.158532,1.3863249
0.158534,1.3863249
0.158536,1.3863249
0.158538,1.3863249
0.15854,1.3863249
0.15854199,1.3863249
0.158544,1.3863249
0.158546,1.3863249
0.158548,1.3863249
0.15855,1.3863249
0.158552,1.3863249
0.158554,1.3863249
0.158556,1.3863249
0.158558,1.3863249
0.15856,1.3863249
0.158562,1.3863249
0.158564,1.3863249
0.158566,1.3863249
0.158568,1.3863249
0.15857,1.3863249
0.158572,1.3863249
0.158574,1.3863249
0.158576,1.3863249
0.158578,1.3863249
0.15858,1.3863249
0.158582,1.3863249
0.158584,1.3863249
0.158586,1.3863249
0.15858799,1.3863249
0.15859,1.3863249
0.158592,1.3863249
0.158594,1.3863249
0.158596,1.3863249
0.158598,1.3863249
0.1586,1.3863249
0.158602,1.3863249
0.158604,1.3863249
0.158606,1.3863249
0.158608,1.3863249
0.15861,1.3863249
0.158612,1.3863249
0.158614,1.3863249
0.158616,1.3863249
0.158618,1.3863249
0.15862,1.3863249
0.158622,1.3863249
0.158624,1.3863249
0.158626,1.3863249
0.158628,1.3863249
0.15863,1.3863249
0.158632,1.3863249
0.158634,1.3863249
0.158636,1.3863249
0.158638,1.3863249
0.15864,1.3863249
0.158642,1.3863249
0.158644,1.3863249
0.158646,1.3863249
0.158648,1.3863249
0.15865,1.3863249
0.158652,1.3863249
0.158654,1.3863249
0.158656,1.3863249
0.158658,1.3863249
0.15866,1.3863249
0.158662,1.3863249
0.158664,1.3863249
0.158666,1.3863249
0.158668,1.3863249
0.15867,1.3863249
0.158672,1.3863249
0.158674,1.3863249
0.158676,1.3863249
0.158678,1.3863249
0.15868,1.3863249
0.158682,1.3863249
0.158684,1.3863249
0.158686,1.3863249
0.158688,1.3863249
0.15869,1.3863249
0.158692,1.3863249
0.158694,1.3863249
0.158696,1.3863249
0.158698,1.3863249
0.1587,1.3863249
0.158702,1.3863249
0.158704,1.3863249
0.158706,1.3863249
0.158708,1.3863249
0.15871,1.3863249
0.158712,1.3863249
0.158714,1.3863249
0.158716,1.3863249
0.158718,1.3863249
0.15872,1.3863249
0.158722,1.3863249
0.158724,1.3863249
0.158726,1.3863249
0.158728,1.3863249
0.15873,1.3863249
0.158732,1.3863249
0.158734,1.3863249
0.158736,1.3863249
0.158738,1.3863249
0.15874,1.3863249
0.158742,1.3863249
0.15874399,1.3863249
0.158746,1.3863249
0.158748,1.3863249
0.15875,1.3863249
0.158752,1.3863249
0.158754,1.3863249
0.158756,1.3863249
0.158758,1.3863249
0.15876,1.3863249
0.158762,1.3863249
0.158764,1.3863249
0.158766,1.3863249
0.158768,1.3863249
0.15877,1.3863249
0.158772,1.3863249
0.158774,1.3863249
0.158776,1.3863249
0.158778,1.3863249
0.15878,1.3863249
0.158782,1.3863249
0.158784,1.3863249
0.158786,1.3863249
0.158788,1.3863249
0.15878999,1.3863249
0.158792,1.3863249
0.158794,1.3863249
0.158796,1.3863249
0.158798,1.3863249
0.1588,1.3863249
0.158802,1.3863249
0.158804,1.3863249
0.158806,1.3863249
0.158808,0.3230033
0.15881,0.13807821
0.158812,0.13807821
0.158814,0.13807821
0.158816,0.13807821
0.158818,0.13807821
0.15882,0.13807821
0.158822,0.13807821
0.158824,0.13807821
0.158826,0.13807821
0.158828,0.13807821
0.15883,0.13807821
0.158832,0.091846466
0.158834,0.091846466
0.15883599,0.091846466
0.158838,0.091846466
0.15884,0.091846466
0.158842,0.091846466
0.158844,0.091846466
0.158846,0.091846466
0.158848,0.091846466
0.15885,0.091846466
0.158852,0.091846466
0.158854,0.091846466
0.158856,0.091846466
0.158858,0.091846466
0.15886,0.091846466
0.158862,0.091846466
0.158864,0.091846466
0.158866,0.091846466
0.158868,0.091846466
0.15887,0.091846466
0.158872,0.091846466
0.158874,0.091846466
0.158876,0.091846466
0.158878,0.091846466
0.15888,0.091846466
0.158882,0.091846466
0.158884,0.091846466
0.158886,0.091846466
0.158888,0.091846466
0.15889,0.091846466
0.158892,0.091846466
0.158894,0.091846466
0.158896,0.091846466
0.158898,0.091846466
0.1589,0.091846466
0.158902,0.091846466
0.158904,0.091846466
0.158906,0.091846466
0.158908,0.091846466
0.15891,0.091846466
0.158912,0.091846466
0.158914,0.091846466
0.158916,0.091846466
0.158918,0.091846466
0.15892,0.091846466
0.158922,0.091846466
0.158924,0.091846466
0.158926,0.091846466
0.158928,0.091846466
0.15893,0.091846466
0.158932,0.091846466
0.158934,0.091846466
0.158936,0.091846466
0.158938,0.091846466
0.15894,0.091846466
0.158942,0.091846466
0.158944,0.091846466
0.158946,0.091846466
0.158948,0.091846466
0.15895,0.091846466
0.158952,0.091846466
0.158954,0.091846466
0.158956,0.091846466
0.158958,0.091846466
0.15896,0.091846466
0.158962,0.091846466
0.158964,0.091846466
0.158966,0.091846466
0.158968,0.091846466
0.15897,0.091846466
0.158972,0.091846466
0.158974,0.091846466
0.158976,0.091846466
0.158978,0.091846466
0.15898,0.091846466
0.158982,0.091846466
0.158984,0.091846466
0.158986,0.091846466
0.158988,0.091846466
0.15899,0.091846466
0.15899199,0.091846466
0.158994,0.091846466
0.158996,0.091846466
0.158998,0.091846466
0.159,0.091846466
0.159002,0.091846466
0.159004,0.091846466
0.159006,0.091846466
0.159008,0.091846466
0.15901,0.091846466
0.159012,0.091846466
0.159014,0.091846466
0.159016,0.091846466
0.159018,0.091846466
0.15902,0.091846466
0.159022,0.091846466
0.159024,0.091846466
0.159026,0.091846466
0.159028,0.091846466
0.15903,0.091846466
0.159032,0.091846466
0.159034,0.091846466
0.159036,0.091846466
0.15903799,0.091846466
0.15904,0.091846466
0.159042,0.091846466
0.159044,0.091846466
0.159046,0.091846466
0.159048,0.091846466
0.15905,0.091846466
0.159052,0.091846466
0.159054,0.091846466
0.159056,0.091846466
0.159058,0.091846466
0.15906,0.091846466
0.159062,0.091846466
0.159064,0.091846466
0.159066,0.091846466
0.159068,0.091846466
0.15907,0.091846466
0.159072,0.091846466
0.159074,0.091846466
0.159076,0.091846466
0.159078,0.091846466
0.15908,0.091846466
0.159082,0.091846466
0.15908399,0.091846466
0.159086,0.091846466
0.159088,0.091846466
0.15909,0.091846466
0.159092,0.091846466
0.159094,0.091846466
0.159096,0.091846466
0.159098,0.091846466
0.1591,0.091846466
0.159102,0.091846466
0.159104,0.091846466
0.159106,0.091846466
0.159108,0.091846466
0.15911,0.091846466
0.159112,0.091846466
0.159114,0.091846466
0.159116,0.091846466
0.159118,0.091846466
0.15912,0.091846466
0.159122,0.091846466
0.159124,0.091846466
0.159126,0.091846466
0.159128,0.091846466
0.15913,0.091846466
0.159132,0.091846466
0.159134,0.091846466
0.159136,0.091846466
0.159138,0.091846466
0.15914,0.091846466
0.159142,0.091846466
0.159144,0.091846466
0.159146,0.091846466
0.159148,0.091846466
0.15915,0.091846466
0.159152,0.091846466
0.159154,0.091846466
0.159156,0.091846466
0.159158,0.091846466
0.15916,0.091846466
0.159162,0.091846466
0.159164,0.091846466
0.159166,0.091846466
0.159168,0.091846466
0.15917,0.091846466
0.159172,0.091846466
0.159174,0.091846466
0.159176,0.091846466
0.159178,0.091846466
0.15918,0.091846466
0.159182,0.091846466
0.159184,0.091846466
0.159186,0.091846466
0.159188,0.091846466
0.15919,0.091846466
0.159192,0.091846466
0.159194,0.091846466
0.159196,0.091846466
0.159198,0.091846466
0.1592,0.091846466
0.159202,0.091846466
0.159204,0.091846466
0.159206,0.091846466
0.159208,0.091846466
0.15921,0.091846466
0.159212,0.091846466
0.159214,0.091846466
0.159216,0.091846466
0.159218,0.091846466
0.15922,0.091846466
0.159222,0.091846466
0.159224,0.091846466
0.159226,0.091846466
0.159228,0.091846466
0.15923,0.091846466
0.159232,0.091846466
0.159234,0.091846466
0.159236,0.091846466
0.159238,0.091846466
0.15923999,0.091846466
0.159242,0.091846466
0.159244,0.091846466
0.159246,0.091846466
0.159248,0.091846466
0.15925,0.091846466
0.159252,0.091846466
0.159254,0.091846466
0.159256,0.091846466
0.159258,0.091846466
0.15926,0.091846466
0.159262,0.091846466
0.159264,0.091846466
0.159266,0.091846466
0.159268,0.091846466
0.15927,0.091846466
0.159272,0.091846466
0.159274,0.091846466
0.159276,0.091846466
0.159278,0.091846466
0.15928,0.091846466
0.159282,0.091846466
0.159284,0.091846466
0.15928599,0.091846466
0.159288,0.091846466
0.15929,0.091846466
0.159292,0.091846466
0.159294,0.091846466
0.159296,0.091846466
0.159298,0.091846466
0.1593,0.091846466
0.159302,0.091846466
0.159304,0.091846466
0.159306,0.091846466
0.159308,0.091846466
0.15931,0.091846466
0.159312,0.091846466
0.159314,0.091846466
0.159316,0.091846466
0.159318,0.091846466
0.15932,0.091846466
0.159322,0.091846466
0.159324,0.091846466
0.159326,0.091846466
0.159328,0.091846466
0.15933,0.091846466
0.15933199,0.091846466
0.159334,0.091846466
0.159336,0.091846466
0.159338,0.091846466
0.15934,0.091846466
0.159342,0.091846466
0.159344,0.091846466
0.159346,0.091846466
0.159348,0.091846466
0.15935,0.091846466
0.159352,0.091846466
0.159354,0.091846466
0.159356,0.091846466
0.159358,0.091846466
0.15936,0.091846466
0.159362,0.091846466
0.159364,0.091846466
0.159366,0.091846466
0.159368,0.091846466
0.15937,0.091846466
0.159372,0.091846466
0.159374,0.091846466
0.159376,0.091846466
0.15937799,0.091846466
0.15938,0.091846466
0.159382,0.091846466
0.159384,0.091846466
0.159386,0.091846466
0.159388,0.091846466
0.15939,0.091846466
0.159392,0.091846466
0.159394,0.091846466
0.159396,0.091846466
0.159398,0.091846466
0.1594,0.091846466
0.159402,0.091846466
0.159404,0.091846466
0.159406,0.091846466
0.159408,0.091846466
0.15941,0.091846466
0.159412,0.091846466
0.159414,0.091846466
0.159416,0.091846466
0.159418,0.091846466
0.15942,0.091846466
0.159422,0.091846466
0.159424,0.091846466
0.159426,0.091846466
0.159428,0.091846466
0.15943,0.091846466
0.159432,0.091846466
0.159434,0.091846466
0.159436,0.091846466
0.159438,0.091846466
0.15944,0.091846466
0.159442,0.091846466
0.159444,0.091846466
0.159446,0.091846466
0.159448,0.091846466
0.15945,0.091846466
0.159452,0.091846466
0.159454,0.091846466
0.159456,0.091846466
0.159458,0.091846466
0.15946,0.091846466
0.159462,0.091846466
0.159464,0.091846466
0.159466,0.091846466
0.159468,0.091846466
0.15947,0.091846466
0.159472,0.091846466
0.159474,0.091846466
0.159476,0.091846466
0.159478,0.091846466
0.15948,0.091846466
0.159482,0.091846466
0.159484,0.091846466
0.159486,0.091846466
0.15948799,0.091846466
0.15949,0.091846466
0.159492,0.091846466
0.159494,0.091846466
0.159496,0.091846466
0.159498,0.091846466
0.1595,0.091846466
0.159502,0.091846466
0.159504,0.091846466
0.159506,0.091846466
0.159508,0.091846466
0.15951,0.091846466
0.159512,0.091846466
0.159514,0.091846466
0.159516,0.091846466
0.159518,0.091846466
0.15952,0.091846466
0.159522,0.091846466
0.159524,0.091846466
0.159526,0.091846466
0.159528,0.091846466
0.15953,0.091846466
0.159532,0.091846466
0.15953399,0.091846466
0.159536,0.091846466
0.159538,0.091846466
0.15954,0.091846466
0.159542,0.091846466
0.159544,0.091846466
0.159546,0.091846466
0.159548,0.091846466
0.15955,0.091846466
0.159552,0.091846466
0.159554,0.091846466
0.159556,0.091846466
0.159558,0.091846466
0.15956,0.091846466
0.159562,0.091846466
0.159564,0.091846466
0.159566,0.091846466
0.159568,0.091846466
0.15957,0.091846466
0.159572,0.091846466
0.159574,0.091846466
0.159576,0.091846466
0.159578,0.091846466
0.15957999,0.091846466
0.159582,0.091846466
0.159584,0.091846466
0.159586,0.091846466
0.159588,0.091846466
0.15959,0.091846466
0.159592,0.091846466
0.159594,0.091846466
0.159596,0.091846466
0.159598,0.091846466
0.1596,0.091846466
0.159602,0.091846466
0.159604,0.091846466
0.159606,0.091846466
0.159608,0.091846466
0.15961,0.091846466
0.159612,0.091846466
0.159614,0.091846466
0.159616,0.091846466
0.159618,0.091846466
0.15962,0.091846466
0.159622,0.091846466
0.159624,0.60039186
0.15962599,1.3863249
0.159628,1.3400936
0.15963,1.3400936
0.159632,1.3863249
0.159634,1.3863249
0.159636,1.3863249
0.159638,1.3863249
0.15964,1.3863249
0.159642,1.3863249
0.159644,1.3863249
0.159646,1.3863249
0.159648,1.3863249
0.15965,1.3863249
0.159652,1.3863249
0.159654,1.3863249
0.159656,1.3863249
0.159658,1.3863249
0.15966,1.3863249
0.159662,1.3863249
0.159664,1.3863249
0.159666,1.3863249
0.159668,1.3863249
0.15967,1.3863249
0.159672,1.3863249
0.159674,1.3863249
0.159676,1.3863249
0.159678,1.3863249
0.15968,1.3863249
0.159682,1.3863249
0.159684,1.3863249
0.159686,1.3863249
0.159688,1.3863249
0.15969,1.3863249
0.159692,1.3863249
0.159694,1.3863249
0.159696,1.3863249
0.159698,1.3863249
0.1597,1.3863249
0.159702,1.3863249
0.159704,1.3863249
0.159706,1.3863249
0.159708,1.3863249
0.15971,1.3863249
0.159712,1.3863249
0.159714,1.3863249
0.159716,1.3863249
0.159718,1.3863249
0.15972,1.3863249
0.159722,1.3863249
0.159724,1.3863249
0.159726,1.3863249
0.159728,1.3863249
0.15973,1.3863249
0.159732,1.3863249
0.159734,1.3863249
0.159736,1.3863249
0.159738,1.3863249
0.15974,1.3863249
0.159742,1.3863249
0.159744,1.3863249
0.159746,1.3863249
0.159748,1.3863249
0.15975,1.3863249
0.159752,1.3863249
0.159754,1.3863249
0.159756,1.3863249
0.159758,1.3863249
0.15976,1.3863249
0.159762,1.3863249
0.159764,1.3863249
0.159766,1.3863249
0.159768,1.3863249
0.15977,1.3863249
0.159772,1.3863249
0.159774,1.3863249
0.159776,1.3863249
0.159778,1.3863249
0.15978,1.3863249
0.15978199,1.3863249
0.159784,1.3863249
0.159786,1.3863249
0.159788,1.3863249
0.15979,1.3863249
0.159792,1.3863249
0.159794,1.3863249
0.159796,1.3863249
0.159798,1.3863249
0.1598,1.3863249
0.159802,1.3863249
0.159804,1.3863249
0.159806,1.3863249
0.159808,1.3863249
0.15981,1.3863249
0.159812,1.3863249
0.159814,1.3863249
0.159816,1.3863249
0.159818,1.3863249
0.15982,1.3863249
0.159822,1.3863249
0.159824,1.3863249
0.159826,1.3863249
0.15982799,1.3863249
0.15983,1.3863249
0.159832,1.3863249
0.159834,1.3863249
0.159836,1.3863249
0.159838,1.3863249
0.15984,1.3863249
0.159842,1.3863249
0.159844,1.3863249
0.159846,1.3863249
0.159848,1.3863249
0.15985,1.3863249
0.159852,1.3863249
0.159854,1.3863249
0.159856,1.3863249
0.159858,1.3863249
0.15986,1.3863249
0.159862,1.3863249
0.159864,1.3863249
0.159866,1.3863249
0.159868,1.3863249
0.15987,1.3863249
0.159872,1.3863249
0.15987399,1.3863249
0.159876,1.3863249
0.159878,1.3863249
0.15988,1.3863249
0.159882,1.3863249
0.159884,1.3863249
0.159886,1.3863249
0.159888,1.3863249
0.15989,1.3863249
0.159892,1.3863249
0.159894,1.3863249
0.159896,1.3863249
0.159898,1.3863249
0.1599,1.3863249
0.159902,1.3863249
0.159904,1.3863249
0.159906,1.3863249
0.159908,1.3863249
0.15991,1.3863249
0.159912,1.3863249
0.159914,1.3863249
0.159916,1.3863249
0.159918,1.3863249
0.15992,1.3863249
0.159922,1.3863249
0.159924,1.3863249
0.159926,1.3863249
0.159928,1.3863249
0.15993,1.3863249
0.159932,1.3863249
0.159934,1.3863249
0.159936,1.3863249
0.159938,1.3863249
0.15994,1.3863249
0.159942,1.3863249
0.159944,1.3863249
0.159946,1.3863249
0.159948,1.3863249
0.15995,1.3863249
0.159952,1.3863249
0.159954,1.3863249
0.159956,1.3863249
0.159958,1.3863249
0.15996,1.3863249
0.159962,1.3863249
0.159964,1.3863249
0.159966,1.3863249
0.159968,1.3863249
0.15997,1.3863249
0.159972,1.3863249
0.159974,1.3863249
0.159976,1.3863249
0.159978,1.3863249
0.15998,1.3863249
0.159982,1.3863249
0.159984,1.3863249
0.159986,1.3863249
0.159988,1.3863249
0.15999,1.3863249
0.159992,1.3863249
0.159994,1.3863249
0.159996,1.3863249
0.159998,1.3863249
0.16,1.3863249
0.160002,1.3863249
0.160004,1.3863249
0.160006,2.5883412
0.160008,2.6345725
0.16001,2.6345725
0.160012,2.6345725
0.160014,2.6345725
0.160016,2.6345725
0.160018,2.6345725
0.16002,2.6345725
0.160022,2.6345725
0.160024,2.6808028
0.160026,2.6808028
0.160028,2.6808028
0.16002999,2.6808028
0.160032,2.6808028
0.160034,2.6808028
0.160036,2.6808028
0.160038,2.6808028
0.16004,2.6808028
0.160042,2.6808028
0.160044,2.6808028
0.160046,2.6808028
0.160048,2.6808028
0.16005,2.6808028
0.160052,2.6808028
0.160054,2.6808028
0.160056,2.6808028
0.160058,2.6808028
0.16006,2.6808028
0.160062,2.6808028
0.160064,2.6808028
0.160066,2.6808028
0.160068,2.6808028
0.16007,2.6808028
0.160072,2.6808028
0.160074,2.6808028
0.16007599,2.6808028
0.160078,2.6808028
0.16008,2.6808028
0.160082,2.6808028
0.160084,2.6808028
0.160086,2.6808028
0.160088,2.6808028
0.16009,2.6808028
0.160092,2.6808028
0.160094,2.6808028
0.160096,2.6808028
0.160098,2.6808028
0.1601,2.6808028
0.160102,2.6808028
0.160104,2.6808028
0.160106,2.6808028
0.160108,2.6808028
0.16011,2.6808028
0.160112,2.6808028
0.160114,2.6808028
0.160116,2.6808028
0.160118,2.6808028
0.16012,2.6808028
0.16012199,2.6808028
0.160124,2.6808028
0.160126,2.6808028
0.160128,2.6808028
0.16013,2.6808028
0.160132,2.6808028
0.160134,2.6808028
0.160136,2.6808028
0.160138,2.6808028
0.16014,2.6808028
0.160142,2.6808028
0.160144,2.6808028
0.160146,2.6808028
0.160148,2.6808028
0.16015,2.6808028
0.160152,2.6808028
0.160154,2.6808028
0.160156,2.6808028
0.160158,2.6808028
0.16016,2.6808028
0.160162,2.6808028
0.160164,2.6808028
0.160166,2.6808028
0.160168,2.6808028
0.16017,2.6808028
0.160172,2.6808028
0.160174,2.6808028
0.160176,2.6808028
0.160178,2.6808028
0.16018,2.6808028
0.160182,2.6808028
0.160184,2.6808028
0.160186,2.6808028
0.160188,2.6808028
0.16019,2.6808028
0.160192,2.6808028
0.160194,2.6808028
0.160196,2.6808028
0.160198,2.6808028
0.1602,2.6808028
0.160202,2.6808028
0.160204,2.6808028
0.160206,2.6808028
0.160208,2.6808028
0.16021,2.6808028
0.160212,2.6808028
0.160214,2.6808028
0.160216,2.6808028
0.160218,2.6808028
0.16022,2.6808028
0.160222,2.6808028
0.160224,2.6808028
0.160226,2.6808028
0.160228,2.6808028
0.16023,2.6808028
0.160232,2.6808028
0.160234,2.6808028
0.160236,2.6808028
0.160238,2.6808028
0.16024,2.6808028
0.160242,2.6808028
0.160244,2.6808028
0.160246,2.6808028
0.160248,2.6808028
0.16025,2.6808028
0.160252,2.6808028
0.160254,2.6808028
0.160256,2.6808028
0.160258,2.6808028
0.16026,2.6808028
0.160262,2.6808028
0.160264,2.6808028
0.160266,2.6808028
0.160268,2.6808028
0.16027,2.6808028
0.160272,2.6808028
0.160274,2.6808028
0.160276,2.6808028
0.16027799,2.6808028
0.16028,2.6808028
0.160282,2.6808028
0.160284,2.6808028
0.160286,2.6808028
0.160288,2.6808028
0.16029,2.6808028
0.160292,2.6808028
0.160294,2.6808028
0.160296,2.6808028
0.160298,2.6808028
0.1603,2.6808028
0.160302,2.6808028
0.160304,2.6808028
0.160306,2.6808028
0.160308,2.6808028
0.16031,2.6808028
0.160312,2.6808028
0.160314,2.6808028
0.160316,2.6808028
0.160318,2.6808028
0.16032,2.6808028
0.160322,2.6808028
0.16032399,2.6808028
0.160326,2.6808028
0.160328,2.6808028
0.16033,2.6808028
0.160332,3.6978936
0.160334,3.92905
0.160336,3.92905
0.160338,3.92905
0.16034,3.9752812
0.160342,3.9752812
0.160344,3.9752812
0.160346,3.9752812
0.160348,3.9752812
0.16035,3.9752812
0.160352,3.9752812
0.160354,3.9752812
0.160356,3.9752812
0.160358,3.9752812
0.16036,3.9752812
0.160362,3.9752812
0.160364,3.9752812
0.160366,3.9752812
0.160368,3.9752812
0.16036999,3.9752812
0.160372,3.9752812
0.160374,3.9752812
0.160376,3.9752812
0.160378,3.9752812
0.16038,3.9752812
0.160382,3.9752812
0.160384,3.9752812
0.160386,3.9752812
0.160388,3.9752812
0.16039,3.9752812
0.160392,3.9752812
0.160394,3.9752812
0.160396,3.9752812
0.160398,3.9752812
0.1604,3.9752812
0.160402,3.9752812
0.160404,3.9752812
0.160406,3.9752812
0.160408,3.9752812
0.16041,3.9752812
0.160412,3.9752812
0.160414,3.9752812
0.160416,3.9752812
0.160418,3.9752812
0.16042,3.9752812
0.160422,3.9752812
0.160424,3.9752812
0.160426,3.9752812
0.160428,3.9752812
0.16043,3.9752812
0.160432,3.9752812
0.160434,3.9752812
0.160436,3.9752812
0.160438,3.9752812
0.16044,3.9752812
0.160442,3.9752812
0.160444,3.9752812
0.160446,3.9752812
0.160448,3.9752812
0.16045,3.9752812
0.160452,3.9752812
0.160454,3.9752812
0.160456,3.9752812
0.160458,3.9752812
0.16046,3.9752812
0.160462,3.9752812
0.160464,3.9752812
0.160466,3.9752812
0.160468,3.9752812
0.16047,3.9752812
0.160472,3.9752812
0.160474,3.9752812
0.160476,3.9752812
0.160478,3.9752812
0.16048,3.9752812
0.160482,3.9752812
0.160484,3.9752812
0.160486,3.9752812
0.160488,3.9752812
0.16049,3.9752812
0.160492,3.9752812
0.160494,3.9752812
0.160496,3.9752812
0.160498,3.9752812
0.1605,3.9752812
0.160502,3.9752812
0.160504,3.9752812
0.160506,3.9752812
0.160508,3.9752812
0.16051,3.9752812
0.160512,3.9752812
0.160514,3.9752812
0.160516,3.9752812
0.160518,3.9752812
0.16052,3.9752812
0.160522,3.9752812
0.160524,3.9752812
0.16052599,3.9752812
0.160528,3.9752812
0.16053,3.9752812
0.160532,3.9752812
0.160534,3.9752812
0.160536,3.9752812
0.160538,3.9752812
0.16054,3.9752812
0.160542,3.9752812
0.160544,3.9752812
0.160546,3.9752812
0.160548,3.9752812
0.16055,3.9752812
0.160552,3.9752812
0.160554,3.9752812
0.160556,3.9752812
0.160558,3.9752812
0.16056,3.9752812
0.160562,3.9752812
0.160564,3.9752812
0.160566,3.9752812
0.160568,3.9752812
0.16057,3.9752812
0.16057199,3.9752812
0.160574,3.9752812
0.160576,3.9752812
0.160578,3.9752812
0.16058,3.9752812
0.160582,3.9752812
0.160584,3.9752812
0.160586,3.9752812
0.160588,3.9752812
0.16059,3.9752812
0.160592,3.9752812
0.160594,3.9752812
0.160596,3.9752812
0.160598,3.9752812
0.1606,3.9752812
0.160602,3.9752812
0.160604,3.9752812
0.160606,3.9752812
0.160608,3.9752812
0.16061,3.9752812
0.160612,3.9752812
0.160614,3.9752812
0.160616,3.9752812
0.16061799,3.9752812
0.16062,3.9752812
0.160622,3.9752812
0.160624,3.9752812
0.160626,3.9752812
0.160628,3.9752812
0.16063,3.9752812
0.160632,3.9752812
0.160634,3.9752812
0.160636,3.9752812
0.160638,3.9752812
0.16064,3.9752812
0.160642,3.9752812
0.160644,3.9752812
0.160646,3.9752812
0.160648,3.9752812
0.16065,3.9752812
0.160652,3.9752812
0.160654,3.9752812
0.160656,3.9752812
0.160658,3.9752812
0.16066,3.9752812
0.160662,3.9752812
0.16066399,3.9752812
0.160666,3.9752812
0.160668,3.9752812
0.16067,3.9752812
0.160672,3.9752812
0.160674,3.9752812
0.160676,3.9752812
0.160678,3.9752812
0.16068,3.9752812
0.160682,3.9752812
0.160684,3.9752812
0.160686,3.9752812
0.160688,3.9752812
0.16069,3.9752812
0.160692,3.9752812
0.160694,3.9752812
0.160696,3.9752812
0.160698,3.9752812
0.1607,3.9752812
0.160702,3.9752812
0.160704,3.9752812
0.160706,3.9752812
0.160708,3.9752812
0.16071,3.9752812
0.160712,3.9752812
0.160714,3.9752812
0.160716,3.9752812
0.160718,3.9752812
0.16072,3.9752812
0.160722,3.9752812
0.160724,3.9752812
0.160726,3.9752812
0.160728,3.9752812
0.16073,3.9752812
0.160732,3.9752812
0.160734,3.9752812
0.160736,3.9752812
0.160738,3.9752812
0.16074,3.9752812
0.160742,3.9752812
0.160744,3.9752812
0.160746,3.9752812
0.160748,3.9752812
0.16075,3.9752812
0.160752,3.9752812
0.160754,3.9752812
0.160756,3.9752812
0.160758,3.9752812
0.16076,3.9752812
0.160762,3.9752812
0.160764,3.9752812
0.160766,3.9752812
0.160768,3.9752812
0.16077,3.9752812
0.160772,3.9752812
0.16077399,3.9752812
0.160776,3.9752812
0.160778,3.9752812
0.16078,3.9752812
0.160782,3.9752812
0.160784,3.9752812
0.160786,3.9752812
0.160788,3.9752812
0.16079,3.9752812
0.160792,3.9752812
0.160794,3.9752812
0.160796,3.9752812
0.160798,3.9752812
0.1608,3.9752812
0.160802,3.9752812
0.160804,3.9752812
0.160806,3.9752812
0.160808,3.9752812
0.16081,3.9752812
0.160812,3.9752812
0.160814,3.9752812
0.160816,3.9752812
0.160818,3.9752812
0.16081999,3.9752812
0.160822,3.9752812
0.160824,3.9752812
0.160826,3.9752812
0.160828,3.9752812
0.16083,3.9752812
0.160832,3.9752812
0.160834,3.9752812
0.160836,3.9752812
0.160838,3.9752812
0.16084,3.9752812
0.160842,3.9752812
0.160844,3.9752812
0.160846,3.9752812
0.160848,3.9752812
0.16085,3.9752812
0.160852,3.9752812
0.160854,3.9752812
0.160856,3.9752812
0.160858,3.9752812
0.16086,3.9752812
0.160862,3.9752812
0.160864,3.9752812
0.16086599,3.9752812
0.160868,3.9752812
0.16087,3.9752812
0.160872,3.9752812
0.160874,3.9752812
0.160876,3.9752812
0.160878,3.9752812
0.16088,3.9752812
0.160882,3.9752812
0.160884,3.9752812
0.160886,3.9752812
0.160888,3.9752812
0.16089,3.9752812
0.160892,3.9752812
0.160894,3.9752812
0.160896,3.9752812
0.160898,3.9752812
0.1609,3.9752812
0.160902,3.9752812
0.160904,3.9752812
0.160906,3.9752812
0.160908,3.9752812
0.16091,3.9752812
0.16091199,3.9752812
0.160914,3.9752812
0.160916,3.9752812
0.160918,3.9752812
0.16092,3.9752812
0.160922,3.9752812
0.160924,3.9752812
0.160926,3.9752812
0.160928,3.9752812
0.16093,3.9752812
0.160932,3.9752812
0.160934,3.9752812
0.160936,3.9752812
0.160938,3.9752812
0.16094,3.9752812
0.160942,3.9752812
0.160944,3.9752812
0.160946,3.9752812
0.160948,3.9752812
0.16095,3.9752812
0.160952,3.9752812
0.160954,3.9752812
0.160956,3.9752812
0.160958,3.9752812
0.16096,3.9752812
0.160962,3.9752812
0.160964,3.9752812
0.160966,3.9752812
0.160968,3.9752812
0.16097,3.9752812
0.160972,3.9752812
0.160974,3.9752812
0.160976,3.9752812
0.160978,3.9752812
0.16098,3.9752812
0.160982,3.9752812
0.160984,3.9752812
0.160986,3.9752812
0.160988,3.9752812
0.16099,3.9752812
0.160992,3.9752812
0.160994,3.9752812
0.160996,3.9752812
0.160998,3.9752812
0.161,3.9752812
0.161002,3.9752812
0.161004,3.9752812
0.161006,3.9752812
0.161008,3.9752812
0.16101,3.9752812
0.161012,3.9752812
0.161014,3.9752812
0.161016,3.9752812
0.161018,3.9752812
0.16102,3.9752812
0.161022,3.9752812
0.161024,3.9752812
0.161026,3.9752812
0.161028,3.9752812
0.16103,3.9752812
0.161032,3.9752812
0.161034,3.9752812
0.161036,3.9752812
0.161038,3.9752812
0.16104,3.9752812
0.161042,3.9752812
0.161044,3.9752812
0.161046,3.9752812
0.161048,3.9752812
0.16105,3.9752812
0.161052,3.9752812
0.161054,3.9752812
0.161056,3.9752812
0.161058,3.9752812
0.16106,3.9752812
0.161062,3.9752812
0.161064,3.9752812
0.161066,3.9752812
0.16106799,3.9752812
0.16107,3.9752812
0.161072,3.9752812
0.161074,3.9752812
0.161076,3.9752812
0.161078,3.9752812
0.16108,3.9752812
0.161082,3.9752812
0.161084,3.9752812
0.161086,3.9752812
0.161088,3.9752812
0.16109,3.9752812
0.161092,3.9752812
0.161094,3.9752812
0.161096,3.9752812
0.161098,3.9752812
0.1611,3.9752812
0.161102,3.9752812
0.161104,3.9752812
0.161106,3.9752812
0.161108,3.9752812
0.16111,3.9752812
0.161112,3.9752812
0.16111399,3.9752812
0.161116,3.9752812
0.161118,3.9752812
0.16112,3.9752812
0.161122,3.9752812
0.161124,3.9752812
0.161126,3.9752812
0.161128,3.9752812
0.16113,3.9752812
0.161132,3.9752812
0.161134,3.9752812
0.161136,3.9752812
0.161138,3.9752812
0.16114,3.9752812
0.161142,3.9752812
0.161144,3.9752812
0.161146,3.9752812
0.161148,3.9752812
0.16115,3.9752812
0.161152,3.9752812
0.161154,3.9752812
0.161156,3.9752812
0.161158,3.9752812
0.16115999,3.9752812
0.161162,3.9752812
0.161164,3.9752812
0.161166,3.9752812
0.161168,3.9752812
0.16117,3.9752812
0.161172,3.9752812
0.161174,3.9752812
0.161176,3.9752812
0.161178,3.9752812
0.16118,3.9752812
0.161182,3.9752812
0.161184,3.9752812
0.161186,3.9752812
0.161188,3.9752812
0.16119,3.9752812
0.161192,3.9752812
0.161194,3.9752812
0.161196,3.9752812
0.161198,3.9752812
0.1612,3.9752812
0.161202,3.9752812
0.161204,3.9752812
0.161206,3.9752812
0.161208,3.9752812
0.16121,3.9752812
0.161212,3.9752812
0.161214,3.9752812
0.161216,3.9752812
0.161218,3.9752812
0.16122,3.9752812
0.161222,3.9752812
0.161224,3.9752812
0.161226,3.9752812
0.161228,3.9752812
0.16123,3.9752812
0.161232,3.9752812
0.161234,3.9752812
0.161236,3.9752812
0.161238,3.9752812
0.16124,3.9752812
0.161242,3.9752812
0.161244,3.9752812
0.161246,3.9752812
0.161248,3.9752812
0.16125,3.9752812
0.161252,3.9752812
0.161254,3.9752812
0.161256,3.9752812
0.161258,3.9752812
0.16126,3.9752812
0.161262,3.9752812
0.161264,3.9752812
0.161266,3.9752812
0.161268,3.9752812
0.16127,3.9752812
0.161272,3.9752812
0.161274,3.9752812
0.161276,3.9752812
0.161278,3.9752812
0.16128,3.9752812
0.161282,3.9752812
0.161284,3.9752812
0.161286,3.9752812
0.161288,3.9752812
0.16129,3.9752812
0.161292,3.9752812
0.161294,3.9752812
0.161296,3.9752812
0.161298,3.9752812
0.1613,3.9752812
0.161302,3.9752812
0.161304,3.9752812
0.161306,3.9752812
0.161308,3.9752812
0.16131,3.9752812
0.161312,3.9752812
0.161314,3.9752812
0.16131599,3.9752812
0.161318,3.9752812
0.16132,3.9752812
0.161322,3.9752812
0.161324,3.9752812
0.161326,3.9752812
0.161328,3.9752812
0.16133,3.9752812
0.161332,3.9752812
0.161334,3.9752812
0.161336,3.9752812
0.161338,3.9752812
0.16134,3.9752812
0.161342,3.9752812
0.161344,3.9752812
0.161346,3.9752812
0.161348,3.9752812
0.16135,3.9752812
0.161352,3.9752812
0.161354,3.9752812
0.161356,3.9752812
0.161358,3.9752812
0.16136,3.9752812
0.16136199,3.9752812
0.161364,3.9752812
0.161366,3.9752812
0.161368,3.9752812
0.16137,3.9752812
0.161372,3.9752812
0.161374,3.9752812
0.161376,3.9752812
0.161378,3.9752812
0.16138,3.9752812
0.161382,3.9752812
0.161384,3.9752812
0.161386,3.9752812
0.161388,3.9752812
0.16139,3.9752812
0.161392,3.9752812
0.161394,3.9752812
0.161396,3.9752812
0.161398,3.9752812
0.1614,3.9752812
0.161402,3.9752812
0.161404,3.9752812
0.161406,3.9752812
0.16140799,3.9752812
0.16141,3.9752812
0.161412,3.9752812
0.161414,3.9752812
0.161416,3.9752812
0.161418,3.9752812
0.16142,3.9752812
0.161422,3.9752812
0.161424,3.9752812
0.161426,3.9752812
0.161428,3.9752812
0.16143,3.9752812
0.161432,3.9752812
0.161434,3.9752812
0.161436,3.9752812
0.161438,3.9752812
0.16144,3.9752812
0.161442,3.9752812
0.161444,3.9752812
0.161446,3.9752812
0.161448,2.9119601
0.16145,2.727035
0.161452,2.727035
0.161454,2.727035
0.161456,2.727035
0.161458,2.727035
0.16146,2.727035
0.161462,2.727035
0.161464,2.727035
0.161466,2.6808028
0.161468,2.6808028
0.16147,2.6808028
0.161472,2.6808028
0.161474,2.6808028
0.161476,2.6808028
0.161478,2.6808028
0.16148,2.6808028
0.161482,2.6808028
0.161484,2.6808028
0.161486,2.6808028
0.161488,2.6808028
0.16149,2.6808028
0.161492,2.6808028
0.161494,2.6808028
0.161496,2.6808028
0.161498,2.6808028
0.1615,2.6808028
0.161502,2.6808028
0.161504,2.6808028
0.161506,2.6808028
0.161508,2.6808028
0.16151,2.6808028
0.161512,2.6808028
0.161514,2.6808028
0.161516,2.6808028
0.161518,2.6808028
0.16152,2.6808028
0.161522,2.6808028
0.161524,2.6808028
0.161526,2.6808028
0.161528,2.6808028
0.16153,2.6808028
0.161532,2.6808028
0.161534,2.6808028
0.161536,2.6808028
0.161538,2.6808028
0.16154,2.6808028
0.161542,2.6808028
0.161544,2.6808028
0.161546,2.6808028
0.161548,2.6808028
0.16155,2.6808028
0.161552,2.6808028
0.161554,2.6808028
0.161556,2.6808028
0.161558,2.6808028
0.16156,2.6808028
0.161562,2.6808028
0.16156399,2.6808028
0.161566,2.6808028
0.161568,2.6808028
0.16157,2.6808028
0.161572,2.6808028
0.161574,2.6808028
0.161576,2.6808028
0.161578,2.6808028
0.16158,2.6808028
0.161582,2.6808028
0.161584,2.6808028
0.161586,2.6808028
0.161588,2.6808028
0.16159,2.6808028
0.161592,2.6808028
0.161594,2.6808028
0.161596,2.6808028
0.161598,2.6808028
0.1616,2.6808028
0.161602,2.6808028
0.161604,2.6808028
0.161606,2.6808028
0.161608,2.6808028
0.16160999,2.6808028
0.161612,2.6808028
0.161614,2.6808028
0.161616,2.6808028
0.161618,2.6808028
0.16162,2.6808028
0.161622,2.6808028
0.161624,2.6808028
0.161626,2.6808028
0.161628,2.6808028
0.16163,2.6808028
0.161632,2.6808028
0.161634,2.6808028
0.161636,2.6808028
0.161638,2.6808028
0.16164,2.6808028
0.161642,2.6808028
0.161644,2.6808028
0.161646,2.6808028
0.161648,2.6808028
0.16165,2.6808028
0.161652,2.6808028
0.161654,2.6808028
0.16165599,2.6808028
0.161658,2.6808028
0.16166,2.6808028
0.161662,2.6808028
0.161664,2.6808028
0.161666,2.6808028
0.161668,2.6808028
0.16167,2.6808028
0.161672,2.6808028
0.161674,2.6808028
0.161676,2.6808028
0.161678,2.6808028
0.16168,2.6808028
0.161682,2.6808028
0.161684,2.6808028
0.161686,2.6808028
0.161688,2.6808028
0.16169,2.6808028
0.161692,2.6808028
0.161694,2.6808028
0.161696,2.6808028
0.161698,2.6808028
0.1617,2.6808028
0.16170199,2.6808028
0.161704,2.6808028
0.161706,2.6808028
0.161708,2.6808028
0.16171,2.6808028
0.161712,2.6808028
0.161714,2.6808028
0.161716,2.6808028
0.161718,2.6808028
0.16172,2.6808028
0.161722,2.6808028
0.161724,2.6808028
0.161726,2.6808028
0.161728,2.6808028
0.16173,2.6808028
0.161732,2.6808028
0.161734,2.6808028
0.161736,2.6808028
0.161738,2.6808028
0.16174,2.6808028
0.161742,2.6808028
0.161744,2.6808028
0.161746,2.6808028
0.161748,2.6808028
0.16175,2.6808028
0.161752,2.6808028
0.161754,2.6808028
0.161756,2.6808028
0.161758,2.6808028
0.16176,2.6808028
0.161762,2.6808028
0.161764,2.6808028
0.161766,2.6808028
0.161768,2.6808028
0.16177,2.6808028
0.161772,2.6808028
0.161774,1.9873328
0.161776,1.4325566
0.161778,1.4325566
0.16178,1.4325566
0.161782,1.4325566
0.161784,1.4325566
0.161786,1.4325566
0.161788,1.4325566
0.16179,1.4325566
0.161792,1.4325566
0.161794,1.4325566
0.161796,1.4325566
0.161798,1.4325566
0.1618,1.4325566
0.161802,1.4325566
0.161804,1.4325566
0.161806,1.4325566
0.161808,1.4325566
0.16181,1.4325566
0.16181199,1.3863249
0.161814,1.3863249
0.161816,1.3863249
0.161818,1.3863249
0.16182,1.3863249
0.161822,1.3863249
0.161824,1.3863249
0.161826,1.3863249
0.161828,1.3863249
0.16183,1.3863249
0.161832,1.3863249
0.161834,1.3863249
0.161836,1.3863249
0.161838,1.3863249
0.16184,1.3863249
0.161842,1.3863249
0.161844,1.3863249
0.161846,1.3863249
0.161848,1.3863249
0.16185,1.3863249
0.161852,1.3863249
0.161854,1.3863249
0.161856,1.3863249
0.16185799,1.3863249
0.16186,1.3863249
0.161862,1.3863249
0.161864,1.3863249
0.161866,1.3863249
0.161868,1.3863249
0.16187,1.3863249
0.161872,1.3863249
0.161874,1.3863249
0.161876,1.3863249
0.161878,1.3863249
0.16188,1.3863249
0.161882,1.3863249
0.161884,1.3863249
0.161886,1.3863249
0.161888,1.3863249
0.16189,1.3863249
0.161892,1.3863249
0.161894,1.3863249
0.161896,1.3863249
0.161898,1.3863249
0.1619,1.3863249
0.161902,1.3863249
0.16190399,1.3863249
0.161906,1.3863249
0.161908,1.3863249
0.16191,1.3863249
0.161912,1.3863249
0.161914,1.3863249
0.161916,1.3863249
0.161918,1.3863249
0.16192,1.3863249
0.161922,1.3863249
0.161924,1.3863249
0.161926,1.3863249
0.161928,1.3863249
0.16193,1.3863249
0.161932,1.3863249
0.161934,1.3863249
0.161936,1.3863249
0.161938,1.3863249
0.16194,1.3863249
0.161942,1.3863249
0.161944,1.3863249
0.161946,1.3863249
0.161948,1.3863249
0.16194999,1.3863249
0.161952,1.3863249
0.161954,1.3863249
0.161956,1.3863249
0.161958,1.3863249
0.16196,1.3863249
0.161962,1.3863249
0.161964,1.3863249
0.161966,1.3863249
0.161968,1.3863249
0.16197,1.3863249
0.161972,1.3863249
0.161974,1.3863249
0.161976,1.3863249
0.161978,1.3863249
0.16198,1.3863249
0.161982,1.3863249
0.161984,1.3863249
0.161986,1.3863249
0.161988,1.3863249
0.16199,1.3863249
0.161992,1.3863249
0.161994,1.3863249
0.161996,1.3863249
0.161998,1.3863249
0.162,1.3863249
0.162002,1.3863249
0.162004,1.3863249
0.162006,1.3863249
0.162008,1.3863249
0.16201,1.3863249
0.162012,1.3863249
0.162014,1.3863249
0.162016,1.3863249
0.162018,1.3863249
0.16202,1.3863249
0.162022,1.3863249
0.162024,1.3863249
0.162026,1.3863249
0.162028,1.3863249
0.16203,1.3863249
0.162032,1.3863249
0.162034,1.3863249
0.162036,1.3863249
0.162038,1.3863249
0.16204,1.3863249
0.162042,1.3863249
0.162044,1.3863249
0.162046,1.3863249
0.162048,1.3863249
0.16205,1.3863249
0.162052,1.3863249
0.162054,1.3863249
0.162056,1.3863249
0.162058,1.3863249
0.16206,1.3863249
0.162062,1.3863249
0.162064,1.3863249
0.162066,1.3863249
0.162068,1.3863249
0.16207,1.3863249
0.162072,1.3863249
0.162074,1.3863249
0.162076,1.3863249
0.162078,1.3863249
0.16208,1.3863249
0.162082,1.3863249
0.162084,1.3863249
0.162086,1.3863249
0.162088,1.3863249
0.16209,1.3863249
0.162092,1.3863249
0.162094,1.3863249
0.162096,1.3863249
0.162098,1.3863249
0.1621,1.3863249
0.162102,1.3863249
0.162104,1.3863249
0.16210599,1.3863249
0.162108,1.3863249
0.16211,1.3863249
0.162112,1.3863249
0.162114,1.3863249
0.162116,1.3863249
0.162118,1.3863249
0.16212,1.3863249
0.162122,1.3863249
0.162124,1.3863249
0.162126,1.3863249
0.162128,1.3863249
0.16213,1.3863249
0.162132,1.3863249
0.162134,1.3863249
0.162136,1.3863249
0.162138,1.3863249
0.16214,1.3863249
0.162142,1.3863249
0.162144,1.3863249
0.162146,1.3863249
0.162148,1.3863249
0.16215,1.3863249
0.16215199,1.3863249
0.162154,1.3863249
0.162156,0.27677202
0.162158,0.13807821
0.16216,0.13807821
0.162162,0.13807821
0.162164,0.13807821
0.162166,0.13807821
0.162168,0.13807821
0.16217,0.13807821
0.162172,0.13807821
0.162174,0.13807821
0.162176,0.13807821
0.162178,0.13807821
0.16218,0.13807821
0.162182,0.091846466
0.162184,0.091846466
0.162186,0.091846466
0.162188,0.091846466
0.16219,0.091846466
0.162192,0.091846466
0.162194,0.091846466
0.162196,0.091846466
0.16219799,0.091846466
0.1622,0.091846466
0.162202,0.091846466
0.162204,0.091846466
0.162206,0.091846466
0.162208,0.091846466
0.16221,0.091846466
0.162212,0.091846466
0.162214,0.091846466
0.162216,0.091846466
0.162218,0.091846466
0.16222,0.091846466
0.162222,0.091846466
0.162224,0.091846466
0.162226,0.091846466
0.162228,0.091846466
0.16223,0.091846466
0.162232,0.091846466
0.162234,0.091846466
0.162236,0.091846466
0.162238,0.091846466
0.16224,0.091846466
0.162242,0.091846466
0.162244,0.091846466
0.162246,0.091846466
0.162248,0.091846466
0.16225,0.091846466
0.162252,0.091846466
0.162254,0.091846466
0.162256,0.091846466
0.162258,0.091846466
0.16226,0.091846466
0.162262,0.091846466
0.162264,0.091846466
0.162266,0.091846466
0.162268,0.091846466
0.16227,0.091846466
0.162272,0.091846466
0.162274,0.091846466
0.162276,0.091846466
0.162278,0.091846466
0.16228,0.091846466
0.162282,0.091846466
0.162284,0.091846466
0.162286,0.091846466
0.162288,0.091846466
0.16229,0.091846466
0.162292,0.091846466
0.162294,0.091846466
0.162296,0.091846466
0.162298,0.091846466
0.1623,0.091846466
0.162302,0.091846466
0.162304,0.091846466
0.162306,0.091846466
0.162308,0.091846466
0.16231,0.091846466
0.162312,0.091846466
0.162314,0.091846466
0.162316,0.091846466
0.162318,0.091846466
0.16232,0.091846466
0.162322,0.091846466
0.162324,0.091846466
0.162326,0.091846466
0.162328,0.091846466
0.16233,0.091846466
0.162332,0.091846466
0.162334,0.091846466
0.162336,0.091846466
0.162338,0.091846466
0.16234,0.091846466
0.162342,0.091846466
0.162344,0.091846466
0.162346,0.091846466
0.162348,0.091846466
0.16235,0.091846466
0.162352,0.091846466
0.16235399,0.091846466
0.162356,0.091846466
0.162358,0.091846466
0.16236,0.091846466
0.162362,0.091846466
0.162364,0.091846466
0.162366,0.091846466
0.162368,0.091846466
0.16237,0.091846466
0.162372,0.091846466
0.162374,0.091846466
0.162376,0.091846466
0.162378,0.091846466
0.16238,0.091846466
0.162382,0.091846466
0.162384,0.091846466
0.162386,0.091846466
0.162388,0.091846466
0.16239,0.091846466
0.162392,0.091846466
0.162394,0.091846466
0.162396,0.091846466
0.162398,0.091846466
0.16239999,0.091846466
0.162402,0.091846466
0.162404,0.091846466
0.162406,0.091846466
0.162408,0.091846466
0.16241,0.091846466
0.162412,0.091846466
0.162414,0.091846466
0.162416,0.091846466
0.162418,0.091846466
0.16242,0.091846466
0.162422,0.091846466
0.162424,0.091846466
0.162426,0.091846466
0.162428,0.091846466
0.16243,0.091846466
0.162432,0.091846466
0.162434,0.091846466
0.162436,0.091846466
0.162438,0.091846466
0.16244,0.091846466
0.162442,0.091846466
0.162444,0.091846466
0.16244599,0.091846466
0.162448,0.091846466
0.16245,0.091846466
0.162452,0.091846466
0.162454,0.091846466
0.162456,0.091846466
0.162458,0.091846466
0.16246,0.091846466
0.162462,0.091846466
0.162464,0.091846466
0.162466,0.091846466
0.162468,0.091846466
0.16247,0.091846466
0.162472,0.091846466
0.162474,0.091846466
0.162476,0.091846466
0.162478,0.091846466
0.16248,0.091846466
0.162482,0.091846466
0.162484,0.091846466
0.162486,0.091846466
0.162488,0.091846466
0.16249,0.091846466
0.162492,0.091846466
0.162494,0.091846466
0.162496,0.091846466
0.162498,0.091846466
0.1625,0.091846466
0.162502,0.091846466
0.162504,0.091846466
0.162506,0.091846466
0.162508,0.091846466
0.16251,0.091846466
0.162512,0.091846466
0.162514,0.091846466
0.162516,0.091846466
0.162518,0.091846466
0.16252,0.091846466
0.162522,0.091846466
0.162524,0.091846466
0.162526,0.091846466
0.162528,0.091846466
0.16253,0.091846466
0.162532,0.091846466
0.162534,0.091846466
0.162536,0.091846466
0.162538,0.091846466
0.16254,0.091846466
0.162542,0.091846466
0.162544,0.091846466
0.162546,0.091846466
0.162548,0.091846466
0.16255,0.091846466
0.162552,0.091846466
0.162554,0.091846466
0.162556,0.091846466
0.162558,0.091846466
0.16256,0.091846466
0.162562,0.091846466
0.162564,0.091846466
0.162566,0.091846466
0.162568,0.091846466
0.16257,0.091846466
0.162572,0.091846466
0.162574,0.091846466
0.162576,0.091846466
0.162578,0.091846466
0.16258,0.091846466
0.162582,0.091846466
0.162584,0.091846466
0.162586,0.091846466
0.162588,0.091846466
0.16259,0.091846466
0.162592,0.091846466
0.162594,0.091846466
0.162596,0.091846466
0.162598,0.091846466
0.1626,0.091846466
0.16260199,0.091846466
0.162604,0.091846466
0.162606,0.091846466
0.162608,0.091846466
0.16261,0.091846466
0.162612,0.091846466
0.162614,0.091846466
0.162616,0.091846466
0.162618,0.091846466
0.16262,0.091846466
0.162622,0.091846466
0.162624,0.091846466
0.162626,0.091846466
0.162628,0.091846466
0.16263,0.091846466
0.162632,0.091846466
0.162634,0.091846466
0.162636,0.091846466
0.162638,0.091846466
0.16264,0.091846466
0.162642,0.091846466
0.162644,0.091846466
0.162646,0.091846466
0.16264799,0.091846466
0.16265,0.091846466
0.162652,0.091846466
0.162654,0.091846466
0.162656,0.091846466
0.162658,0.091846466
0.16266,0.091846466
0.162662,0.091846466
0.162664,0.091846466
0.162666,0.091846466
0.162668,0.091846466
0.16267,0.091846466
0.162672,0.091846466
0.162674,0.091846466
0.162676,0.091846466
0.162678,0.091846466
0.16268,0.091846466
0.162682,0.091846466
0.162684,0.091846466
0.162686,0.091846466
0.162688,0.091846466
0.16269,0.091846466
0.162692,0.091846466
0.16269399,0.091846466
0.162696,0.091846466
0.162698,0.091846466
0.1627,0.091846466
0.162702,0.091846466
0.162704,0.091846466
0.162706,0.091846466
0.162708,0.091846466
0.16271,0.091846466
0.162712,0.091846466
0.162714,0.091846466
0.162716,0.091846466
0.162718,0.091846466
0.16272,0.091846466
0.162722,0.091846466
0.162724,0.091846466
0.162726,0.091846466
0.162728,0.091846466
0.16273,0.091846466
0.162732,0.091846466
0.162734,0.091846466
0.162736,0.091846466
0.162738,0.091846466
0.16273999,0.091846466
0.162742,0.091846466
0.162744,0.091846466
0.162746,0.091846466
0.162748,0.091846466
0.16275,0.091846466
0.162752,0.091846466
0.162754,0.091846466
0.162756,0.091846466
0.162758,0.091846466
0.16276,0.091846466
0.162762,0.091846466
0.162764,0.091846466
0.162766,0.091846466
0.162768,0.091846466
0.16277,0.091846466
0.162772,0.091846466
0.162774,0.091846466
0.162776,0.091846466
0.162778,0.091846466
0.16278,0.091846466
0.162782,0.091846466
0.162784,0.091846466
0.162786,0.091846466
0.162788,0.091846466
0.16279,0.091846466
0.162792,0.091846466
0.162794,0.091846466
0.162796,0.091846466
0.162798,0.091846466
0.1628,0.091846466
0.162802,0.091846466
0.162804,0.091846466
0.162806,0.091846466
0.162808,0.091846466
0.16281,0.091846466
0.162812,0.091846466
0.162814,0.091846466
0.162816,0.091846466
0.162818,0.091846466
0.16282,0.091846466
0.162822,0.091846466
0.162824,0.091846466
0.162826,0.091846466
0.162828,0.091846466
0.16283,0.091846466
0.162832,0.091846466
0.162834,0.091846466
0.162836,0.091846466
0.162838,0.091846466
0.16284,0.091846466
0.162842,0.091846466
0.162844,0.091846466
0.162846,0.091846466
0.162848,0.091846466
0.16284999,0.091846466
0.162852,0.091846466
0.162854,0.091846466
0.162856,0.091846466
0.162858,0.091846466
0.16286,0.091846466
0.162862,0.091846466
0.162864,0.091846466
0.162866,0.091846466
0.162868,0.091846466
0.16287,0.091846466
0.162872,0.091846466
0.162874,0.091846466
0.162876,0.091846466
0.162878,0.091846466
0.16288,0.091846466
0.162882,0.091846466
0.162884,0.091846466
0.162886,0.091846466
0.162888,0.091846466
0.16289,0.091846466
0.162892,0.091846466
0.162894,0.091846466
0.16289599,0.091846466
0.162898,0.091846466
0.1629,0.091846466
0.162902,0.091846466
0.162904,0.091846466
0.162906,0.091846466
0.162908,0.091846466
0.16291,0.091846466
0.162912,0.091846466
0.162914,0.091846466
0.162916,0.091846466
0.162918,0.091846466
0.16292,0.091846466
0.162922,0.091846466
0.162924,0.091846466
0.162926,0.091846466
0.162928,0.091846466
0.16293,0.091846466
0.162932,0.091846466
0.162934,0.091846466
0.162936,0.091846466
0.162938,0.091846466
0.16294,0.091846466
0.16294199,0.091846466
0.162944,0.091846466
0.162946,0.091846466
0.162948,0.091846466
0.16295,0.091846466
0.162952,0.091846466
0.162954,0.091846466
0.162956,0.091846466
0.162958,0.091846466
0.16296,0.091846466
0.162962,0.091846466
0.162964,0.091846466
0.162966,0.091846466
0.162968,0.091846466
0.16297,0.091846466
0.162972,1.1551685
0.162974,1.3400936
0.162976,1.3400936
0.162978,1.3400936
0.16298,1.3863249
0.162982,1.3863249
0.162984,1.3863249
0.162986,1.3863249
0.16298799,1.3863249
0.16299,1.3863249
0.162992,1.3863249
0.162994,1.3863249
0.162996,1.3863249
0.162998,1.3863249
0.163,1.3863249
0.163002,1.3863249
0.163004,1.3863249
0.163006,1.3863249
0.163008,1.3863249
0.16301,1.3863249
0.163012,1.3863249
0.163014,1.3863249
0.163016,1.3863249
0.163018,1.3863249
0.16302,1.3863249
0.163022,1.3863249
0.163024,1.3863249
0.163026,1.3863249
0.163028,1.3863249
0.16303,1.3863249
0.163032,1.3863249
0.163034,1.3863249
0.163036,1.3863249
0.163038,1.3863249
0.16304,1.3863249
0.163042,1.3863249
0.163044,1.3863249
0.163046,1.3863249
0.163048,1.3863249
0.16305,1.3863249
0.163052,1.3863249
0.163054,1.3863249
0.163056,1.3863249
0.163058,1.3863249
0.16306,1.3863249
0.163062,1.3863249
0.163064,1.3863249
0.163066,1.3863249
0.163068,1.3863249
0.16307,1.3863249
0.163072,1.3863249
0.163074,1.3863249
0.163076,1.3863249
0.163078,1.3863249
0.16308,1.3863249
0.163082,1.3863249
0.163084,1.3863249
0.163086,1.3863249
0.163088,1.3863249
0.16309,1.3863249
0.163092,1.3863249
0.163094,1.3863249
0.163096,1.3863249
0.16309799,1.3863249
0.1631,1.3863249
0.163102,1.3863249
0.163104,1.3863249
0.163106,1.3863249
0.163108,1.3863249
0.16311,1.3863249
0.163112,1.3863249
0.163114,1.3863249
0.163116,1.3863249
0.163118,1.3863249
0.16312,1.3863249
0.163122,1.3863249
0.163124,1.3863249
0.163126,1.3863249
0.163128,1.3863249
0.16313,1.3863249
0.163132,1.3863249
0.163134,1.3863249
0.163136,1.3863249
0.163138,1.3863249
0.16314,1.3863249
0.163142,1.3863249
0.16314399,1.3863249
0.163146,1.3863249
0.163148,1.3863249
0.16315,1.3863249
0.163152,1.3863249
0.163154,1.3863249
0.163156,1.3863249
0.163158,1.3863249
0.16316,1.3863249
0.163162,1.3863249
0.163164,1.3863249
0.163166,1.3863249
0.163168,1.3863249
0.16317,1.3863249
0.163172,1.3863249
0.163174,1.3863249
0.163176,1.3863249
0.163178,1.3863249
0.16318,1.3863249
0.163182,1.3863249
0.163184,1.3863249
0.163186,1.3863249
0.163188,1.3863249
0.16318999,1.3863249
0.163192,1.3863249
0.163194,1.3863249
0.163196,1.3863249
0.163198,1.3863249
0.1632,1.3863249
0.163202,1.3863249
0.163204,1.3863249
0.163206,1.3863249
0.163208,1.3863249
0.16321,1.3863249
0.163212,1.3863249
0.163214,1.3863249
0.163216,1.3863249
0.163218,1.3863249
0.16322,1.3863249
0.163222,1.3863249
0.163224,1.3863249
0.163226,1.3863249
0.163228,1.3863249
0.16323,1.3863249
0.163232,1.3863249
0.163234,1.3863249
0.16323599,1.3863249
0.163238,1.3863249
0.16324,1.3863249
0.163242,1.3863249
0.163244,1.3863249
0.163246,1.3863249
0.163248,1.3863249
0.16325,1.3863249
0.163252,1.3863249
0.163254,1.3863249
0.163256,1.3863249
0.163258,1.3863249
0.16326,1.3863249
0.163262,1.3863249
0.163264,1.3863249
0.163266,1.3863249
0.163268,1.3863249
0.16327,1.3863249
0.163272,1.3863249
0.163274,1.3863249
0.163276,1.3863249
0.163278,1.3863249
0.16328,1.3863249
0.163282,1.3863249
0.163284,1.3863249
0.163286,1.3863249
0.163288,1.3863249
0.16329,1.3863249
0.163292,1.3863249
0.163294,1.3863249
0.163296,1.3863249
0.163298,1.3863249
0.1633,1.3863249
0.163302,1.3863249
0.163304,1.3863249
0.163306,1.3863249
0.163308,1.3863249
0.16331,1.3863249
0.163312,1.3863249
0.163314,1.3863249
0.163316,1.3863249
0.163318,1.3863249
0.16332,1.3863249
0.163322,1.3863249
0.163324,1.3863249
0.163326,2.5883412
0.163328,2.6345725
0.16333,2.6345725
0.163332,2.6345725
0.163334,2.6345725
0.163336,2.6345725
0.163338,2.6345725
0.16334,2.6345725
0.163342,2.6808028
0.163344,2.6808028
0.163346,2.6808028
0.163348,2.6808028
0.16335,2.6808028
0.163352,2.6808028
0.163354,2.6808028
0.163356,2.6808028
0.163358,2.6808028
0.16336,2.6808028
0.163362,2.6808028
0.163364,2.6808028
0.163366,2.6808028
0.163368,2.6808028
0.16337,2.6808028
0.163372,2.6808028
0.163374,2.6808028
0.163376,2.6808028
0.163378,2.6808028
0.16338,2.6808028
0.163382,2.6808028
0.163384,2.6808028
0.163386,2.6808028
0.163388,2.6808028
0.16339,2.6808028
0.16339199,2.6808028
0.163394,2.6808028
0.163396,2.6808028
0.163398,2.6808028
0.1634,2.6808028
0.163402,2.6808028
0.163404,2.6808028
0.163406,2.6808028
0.163408,2.6808028
0.16341,2.6808028
0.163412,2.6808028
0.163414,2.6808028
0.163416,2.6808028
0.163418,2.6808028
0.16342,2.6808028
0.163422,2.6808028
0.163424,2.6808028
0.163426,2.6808028
0.163428,2.6808028
0.16343,2.6808028
0.163432,2.6808028
0.163434,2.6808028
0.163436,2.6808028
0.16343799,2.6808028
0.16344,2.6808028
0.163442,2.6808028
0.163444,2.6808028
0.163446,2.6808028
0.163448,2.6808028
0.16345,2.6808028
0.163452,2.6808028
0.163454,2.6808028
0.163456,2.6808028
0.163458,2.6808028
0.16346,2.6808028
0.163462,2.6808028
0.163464,2.6808028
0.163466,2.6808028
0.163468,2.6808028
0.16347,2.6808028
0.163472,2.6808028
0.163474,2.6808028
0.163476,2.6808028
0.163478,2.6808028
0.16348,2.6808028
0.163482,2.6808028
0.16348399,2.6808028
0.163486,2.6808028
0.163488,2.6808028
0.16349,2.6808028
0.163492,2.6808028
0.163494,2.6808028
0.163496,2.6808028
0.163498,2.6808028
0.1635,2.6808028
0.163502,2.6808028
0.163504,2.6808028
0.163506,2.6808028
0.163508,2.6808028
0.16351,2.6808028
0.163512,2.6808028
0.163514,2.6808028
0.163516,2.6808028
0.163518,2.6808028
0.16352,2.6808028
0.163522,2.6808028
0.163524,2.6808028
0.163526,2.6808028
0.163528,2.6808028
0.16353,2.6808028
0.163532,2.6808028
0.163534,2.6808028
0.163536,2.6808028
0.163538,2.6808028
0.16354,2.6808028
0.163542,2.6808028
0.163544,2.6808028
0.163546,2.6808028
0.163548,2.6808028
0.16355,2.6808028
0.163552,2.6808028
0.163554,2.6808028
0.163556,2.6808028
0.163558,2.6808028
0.16356,2.6808028
0.163562,2.6808028
0.163564,2.6808028
0.163566,2.6808028
0.163568,2.6808028
0.16357,2.6808028
0.163572,2.6808028
0.163574,2.6808028
0.163576,2.6808028
0.163578,2.6808028
0.16358,2.6808028
0.163582,2.6808028
0.163584,2.6808028
0.163586,2.6808028
0.163588,2.6808028
0.16359,2.6808028
0.163592,2.6808028
0.163594,2.6808028
0.163596,2.6808028
0.163598,2.6808028
0.1636,2.6808028
0.163602,2.6808028
0.163604,2.6808028
0.163606,2.6808028
0.163608,2.6808028
0.16361,2.6808028
0.163612,2.6808028
0.163614,2.6808028
0.163616,2.6808028
0.163618,2.6808028
0.16362,2.6808028
0.163622,2.6808028
0.163624,2.6808028
0.163626,2.6808028
0.163628,2.6808028
0.16363,2.6808028
0.163632,2.6808028
0.163634,2.6808028
0.163636,2.6808028
0.163638,2.6808028
0.16363999,2.6808028
0.163642,2.6808028
0.163644,2.6808028
0.163646,2.6808028
0.163648,2.6808028
0.16365,2.6808028
0.163652,3.6978936
0.163654,3.92905
0.163656,3.92905
0.163658,3.92905
0.16366,3.9752812
0.163662,3.9752812
0.163664,3.9752812
0.163666,3.9752812
0.163668,3.9752812
0.16367,3.9752812
0.163672,3.9752812
0.163674,3.9752812
0.163676,3.9752812
0.163678,3.9752812
0.16368,3.9752812
0.163682,3.9752812
0.163684,3.9752812
0.16368599,3.9752812
0.163688,3.9752812
0.16369,3.9752812
0.163692,3.9752812
0.163694,3.9752812
0.163696,3.9752812
0.163698,3.9752812
0.1637,3.9752812
0.163702,3.9752812
0.163704,3.9752812
0.163706,3.9752812
0.163708,3.9752812
0.16371,3.9752812
0.163712,3.9752812
0.163714,3.9752812
0.163716,3.9752812
0.163718,3.9752812
0.16372,3.9752812
0.163722,3.9752812
0.163724,3.9752812
0.163726,3.9752812
0.163728,3.9752812
0.16373,3.9752812
0.16373199,3.9752812
0.163734,3.9752812
0.163736,3.9752812
0.163738,3.9752812
0.16374,3.9752812
0.163742,3.9752812
0.163744,3.9752812
0.163746,3.9752812
0.163748,3.9752812
0.16375,3.9752812
0.163752,3.9752812
0.163754,3.9752812
0.163756,3.9752812
0.163758,3.9752812
0.16376,3.9752812
0.163762,3.9752812
0.163764,3.9752812
0.163766,3.9752812
0.163768,3.9752812
0.16377,3.9752812
0.163772,3.9752812
0.163774,3.9752812
0.163776,3.9752812
0.163778,3.9752812
0.16378,3.9752812
0.163782,3.9752812
0.163784,3.9752812
0.163786,3.9752812
0.163788,3.9752812
0.16379,3.9752812
0.163792,3.9752812
0.163794,3.9752812
0.163796,3.9752812
0.163798,3.9752812
0.1638,3.9752812
0.163802,3.9752812
0.163804,3.9752812
0.163806,3.9752812
0.163808,3.9752812
0.16381,3.9752812
0.163812,3.9752812
0.163814,3.9752812
0.163816,3.9752812
0.163818,3.9752812
0.16382,3.9752812
0.163822,3.9752812
0.163824,3.9752812
0.163826,3.9752812
0.163828,3.9752812
0.16383,3.9752812
0.163832,3.9752812
0.163834,3.9752812
0.163836,3.9752812
0.163838,3.9752812
0.16384,3.9752812
0.163842,3.9752812
0.163844,3.9752812
0.163846,3.9752812
0.163848,3.9752812
0.16385,3.9752812
0.163852,3.9752812
0.163854,3.9752812
0.163856,3.9752812
0.163858,3.9752812
0.16386,3.9752812
0.163862,3.9752812
0.163864,3.9752812
0.163866,3.9752812
0.163868,3.9752812
0.16387,3.9752812
0.163872,3.9752812
0.163874,3.9752812
0.163876,3.9752812
0.163878,3.9752812
0.16388,3.9752812
0.163882,3.9752812
0.163884,3.9752812
0.163886,3.9752812
0.16388799,3.9752812
0.16389,3.9752812
0.163892,3.9752812
0.163894,3.9752812
0.163896,3.9752812
0.163898,3.9752812
0.1639,3.9752812
0.163902,3.9752812
0.163904,3.9752812
0.163906,3.9752812
0.163908,3.9752812
0.16391,3.9752812
0.163912,3.9752812
0.163914,3.9752812
0.163916,3.9752812
0.163918,3.9752812
0.16392,3.9752812
0.163922,3.9752812
0.163924,3.9752812
0.163926,3.9752812
0.163928,3.9752812
0.16393,3.9752812
0.163932,3.9752812
0.16393399,3.9752812
0.163936,3.9752812
0.163938,3.9752812
0.16394,3.9752812
0.163942,3.9752812
0.163944,3.9752812
0.163946,3.9752812
0.163948,3.9752812
0.16395,3.9752812
0.163952,3.9752812
0.163954,3.9752812
0.163956,3.9752812
0.163958,3.9752812
0.16396,3.9752812
0.163962,3.9752812
0.163964,3.9752812
0.163966,3.9752812
0.163968,3.9752812
0.16397,3.9752812
0.163972,3.9752812
0.163974,3.9752812
0.163976,3.9752812
0.163978,3.9752812
0.16397999,3.9752812
0.163982,3.9752812
0.163984,3.9752812
0.163986,3.9752812
0.163988,3.9752812
0.16399,3.9752812
0.163992,3.9752812
0.163994,3.9752812
0.163996,3.9752812
0.163998,3.9752812
0.164,3.9752812
0.164002,3.9752812
0.164004,3.9752812
0.164006,3.9752812
0.164008,3.9752812
0.16401,3.9752812
0.164012,3.9752812
0.164014,3.9752812
0.164016,3.9752812
0.164018,3.9752812
0.16402,3.9752812
0.164022,3.9752812
0.164024,3.9752812
0.16402599,3.9752812
0.164028,3.9752812
0.16403,3.9752812
0.164032,3.9752812
0.164034,3.9752812
0.164036,3.9752812
0.164038,3.9752812
0.16404,3.9752812
0.164042,3.9752812
0.164044,3.9752812
0.164046,3.9752812
0.164048,3.9752812
0.16405,3.9752812
0.164052,3.9752812
0.164054,3.9752812
0.164056,3.9752812
0.164058,3.9752812
0.16406,3.9752812
0.164062,3.9752812
0.164064,3.9752812
0.164066,3.9752812
0.164068,3.9752812
0.16407,3.9752812
0.164072,3.9752812
0.164074,3.9752812
0.164076,3.9752812
0.164078,3.9752812
0.16408,3.9752812
0.164082,3.9752812
0.164084,3.9752812
0.164086,3.9752812
0.164088,3.9752812
0.16409,3.9752812
0.164092,3.9752812
0.164094,3.9752812
0.164096,3.9752812
0.164098,3.9752812
0.1641,3.9752812
0.164102,3.9752812
0.164104,3.9752812
0.164106,3.9752812
0.164108,3.9752812
0.16411,3.9752812
0.164112,3.9752812
0.164114,3.9752812
0.164116,3.9752812
0.164118,3.9752812
0.16412,3.9752812
0.164122,3.9752812
0.164124,3.9752812
0.164126,3.9752812
0.164128,3.9752812
0.16413,3.9752812
0.164132,3.9752812
0.164134,3.9752812
0.16413599,3.9752812
0.164138,3.9752812
0.16414,3.9752812
0.164142,3.9752812
0.164144,3.9752812
0.164146,3.9752812
0.164148,3.9752812
0.16415,3.9752812
0.164152,3.9752812
0.164154,3.9752812
0.164156,3.9752812
0.164158,3.9752812
0.16416,3.9752812
0.164162,3.9752812
0.164164,3.9752812
0.164166,3.9752812
0.164168,3.9752812
0.16417,3.9752812
0.164172,3.9752812
0.164174,3.9752812
0.164176,3.9752812
0.164178,3.9752812
0.16418,3.9752812
0.16418199,3.9752812
0.164184,3.9752812
0.164186,3.9752812
0.164188,3.9752812
0.16419,3.9752812
0.164192,3.9752812
0.164194,3.9752812
0.164196,3.9752812
0.164198,3.9752812
0.1642,3.9752812
0.164202,3.9752812
0.164204,3.9752812
0.164206,3.9752812
0.164208,3.9752812
0.16421,3.9752812
0.164212,3.9752812
0.164214,3.9752812
0.164216,3.9752812
0.164218,3.9752812
0.16422,3.9752812
0.164222,3.9752812
0.164224,3.9752812
0.164226,3.9752812
0.16422799,3.9752812
0.16423,3.9752812
0.164232,3.9752812
0.164234,3.9752812
0.164236,3.9752812
0.164238,3.9752812
0.16424,3.9752812
0.164242,3.9752812
0.164244,3.9752812
0.164246,3.9752812
0.164248,3.9752812
0.16425,3.9752812
0.164252,3.9752812
0.164254,3.9752812
0.164256,3.9752812
0.164258,3.9752812
0.16426,3.9752812
0.164262,3.9752812
0.164264,3.9752812
0.164266,3.9752812
0.164268,3.9752812
0.16427,3.9752812
0.164272,3.9752812
0.16427399,3.9752812
0.164276,3.9752812
0.164278,3.9752812
0.16428,3.9752812
0.164282,3.9752812
0.164284,3.9752812
0.164286,3.9752812
0.164288,3.9752812
0.16429,3.9752812
0.164292,3.9752812
0.164294,3.9752812
0.164296,3.9752812
0.164298,3.9752812
0.1643,3.9752812
0.164302,3.9752812
0.164304,3.9752812
0.164306,3.9752812
0.164308,3.9752812
0.16431,3.9752812
0.164312,3.9752812
0.164314,3.9752812
0.164316,3.9752812
0.164318,3.9752812
0.16432,3.9752812
0.164322,3.9752812
0.164324,3.9752812
0.164326,3.9752812
0.164328,3.9752812
0.16433,3.9752812
0.164332,3.9752812
0.164334,3.9752812
0.164336,3.9752812
0.164338,3.9752812
0.16434,3.9752812
0.164342,3.9752812
0.164344,3.9752812
0.164346,3.9752812
0.164348,3.9752812
0.16435,3.9752812
0.164352,3.9752812
0.164354,3.9752812
0.164356,3.9752812
0.164358,3.9752812
0.16436,3.9752812
0.164362,3.9752812
0.164364,3.9752812
0.164366,3.9752812
0.164368,3.9752812
0.16437,3.9752812
0.164372,3.9752812
0.164374,3.9752812
0.164376,3.9752812
0.164378,3.9752812
0.16438,3.9752812
0.164382,3.9752812
0.164384,3.9752812
0.164386,3.9752812
0.164388,3.9752812
0.16439,3.9752812
0.164392,3.9752812
0.164394,3.9752812
0.164396,3.9752812
0.164398,3.9752812
0.1644,3.9752812
0.164402,3.9752812
0.164404,3.9752812
0.164406,3.9752812
0.164408,3.9752812
0.16441,3.9752812
0.164412,3.9752812
0.164414,3.9752812
0.164416,3.9752812
0.164418,3.9752812
0.16442,3.9752812
0.164422,3.9752812
0.164424,3.9752812
0.164426,3.9752812
0.164428,3.9752812
0.16442999,3.9752812
0.164432,3.9752812
0.164434,3.9752812
0.164436,3.9752812
0.164438,3.9752812
0.16444,3.9752812
0.164442,3.9752812
0.164444,3.9752812
0.164446,3.9752812
0.164448,3.9752812
0.16445,3.9752812
0.164452,3.9752812
0.164454,3.9752812
0.164456,3.9752812
0.164458,3.9752812
0.16446,3.9752812
0.164462,3.9752812
0.164464,3.9752812
0.164466,3.9752812
0.164468,3.9752812
0.16447,3.9752812
0.164472,3.9752812
0.164474,3.9752812
0.16447599,3.9752812
0.164478,3.9752812
0.16448,3.9752812
0.164482,3.9752812
0.164484,3.9752812
0.164486,3.9752812
0.164488,3.9752812
0.16449,3.9752812
0.164492,3.9752812
0.164494,3.9752812
0.164496,3.9752812
0.164498,3.9752812
0.1645,3.9752812
0.164502,3.9752812
0.164504,3.9752812
0.164506,3.9752812
0.164508,3.9752812
0.16451,3.9752812
0.164512,3.9752812
0.164514,3.9752812
0.164516,3.9752812
0.164518,3.9752812
0.16452,3.9752812
0.16452199,3.9752812
0.164524,3.9752812
0.164526,3.9752812
0.164528,3.9752812
0.16453,3.9752812
0.164532,3.9752812
0.164534,3.9752812
0.164536,3.9752812
0.164538,3.9752812
0.16454,3.9752812
0.164542,3.9752812
0.164544,3.9752812
0.164546,3.9752812
0.164548,3.9752812
0.16455,3.9752812
0.164552,3.9752812
0.164554,3.9752812
0.164556,3.9752812
0.164558,3.9752812
0.16456,3.9752812
0.164562,3.9752812
0.164564,3.9752812
0.164566,3.9752812
0.164568,3.9752812
0.16457,3.9752812
0.164572,3.9752812
0.164574,3.9752812
0.164576,3.9752812
0.164578,3.9752812
0.16458,3.9752812
0.164582,3.9752812
0.164584,3.9752812
0.164586,3.9752812
0.164588,3.9752812
0.16459,3.9752812
0.164592,3.9752812
0.164594,3.9752812
0.164596,3.9752812
0.164598,3.9752812
0.1646,3.9752812
0.164602,3.9752812
0.164604,3.9752812
0.164606,3.9752812
0.164608,3.9752812
0.16461,3.9752812
0.164612,3.9752812
0.164614,3.9752812
0.164616,3.9752812
0.164618,3.9752812
0.16462,3.9752812
0.164622,3.9752812
0.164624,3.9752812
0.164626,3.9752812
0.164628,3.9752812
0.16463,3.9752812
0.164632,3.9752812
0.164634,3.9752812
0.164636,3.9752812
0.164638,3.9752812
0.16464,3.9752812
0.164642,3.9752812
0.164644,3.9752812
0.164646,3.9752812
0.164648,3.9752812
0.16465,3.9752812
0.164652,3.9752812
0.164654,3.9752812
0.164656,3.9752812
0.164658,3.9752812
0.16466,3.9752812
0.164662,3.9752812
0.164664,3.9752812
0.164666,3.9752812
0.164668,3.9752812
0.16467,3.9752812
0.164672,3.9752812
0.164674,3.9752812
0.164676,3.9752812
0.16467799,3.9752812
0.16468,3.9752812
0.164682,3.9752812
0.164684,3.9752812
0.164686,3.9752812
0.164688,3.9752812
0.16469,3.9752812
0.164692,3.9752812
0.164694,3.9752812
0.164696,3.9752812
0.164698,3.9752812
0.1647,3.9752812
0.164702,3.9752812
0.164704,3.9752812
0.164706,3.9752812
0.164708,3.9752812
0.16471,3.9752812
0.164712,3.9752812
0.164714,3.9752812
0.164716,3.9752812
0.164718,3.9752812
0.16472,3.9752812
0.164722,3.9752812
0.16472399,3.9752812
0.164726,3.9752812
0.164728,3.9752812
0.16473,3.9752812
0.164732,3.9752812
0.164734,3.9752812
0.164736,3.9752812
0.164738,3.9752812
0.16474,3.9752812
0.164742,3.9752812
0.164744,3.9752812
0.164746,3.9752812
0.164748,3.9752812
0.16475,3.9752812
0.164752,3.9752812
0.164754,3.9752812
0.164756,3.9752812
0.164758,3.9752812
0.16476,3.9752812
0.164762,3.9752812
0.164764,3.9752812
0.164766,3.9752812
0.164768,3.9752812
0.16476999,3.9752812
0.164772,3.9752812
0.164774,3.9752812
0.164776,3.9752812
0.164778,3.9752812
0.16478,3.9752812
0.164782,3.9752812
0.164784,3.9752812
0.164786,3.9752812
0.164788,3.9752812
0.16479,3.9752812
0.164792,3.9752812
0.164794,3.9752812
0.164796,2.727035
0.164798,2.727035
0.1648,2.727035
0.164802,2.727035
0.164804,2.727035
0.164806,2.727035
0.164808,2.727035
0.16481,2.727035
0.164812,2.727035
0.164814,2.727035
0.164816,2.6808028
0.164818,2.6808028
0.16482,2.6808028
0.164822,2.6808028
0.164824,2.6808028
0.164826,2.6808028
0.164828,2.6808028
0.16483,2.6808028
0.164832,2.6808028
0.164834,2.6808028
0.164836,2.6808028
0.164838,2.6808028
0.16484,2.6808028
0.164842,2.6808028
0.164844,2.6808028
0.164846,2.6808028
0.164848,2.6808028
0.16485,2.6808028
0.164852,2.6808028
0.164854,2.6808028
0.164856,2.6808028
0.164858,2.6808028
0.16486,2.6808028
0.164862,2.6808028
0.164864,2.6808028
0.164866,2.6808028
0.164868,2.6808028
0.16487,2.6808028
0.164872,2.6808028
0.164874,2.6808028
0.164876,2.6808028
0.164878,2.6808028
0.16488,2.6808028
0.164882,2.6808028
0.164884,2.6808028
0.164886,2.6808028
0.164888,2.6808028
0.16489,2.6808028
0.164892,2.6808028
0.164894,2.6808028
0.164896,2.6808028
0.164898,2.6808028
0.1649,2.6808028
0.164902,2.6808028
0.164904,2.6808028
0.164906,2.6808028
0.164908,2.6808028
0.16491,2.6808028
0.164912,2.6808028
0.164914,2.6808028
0.164916,2.6808028
0.164918,2.6808028
0.16492,2.6808028
0.164922,2.6808028
0.164924,2.6808028
0.16492599,2.6808028
0.164928,2.6808028
0.16493,2.6808028
0.164932,2.6808028
0.164934,2.6808028
0.164936,2.6808028
0.164938,2.6808028
0.16494,2.6808028
0.164942,2.6808028
0.164944,2.6808028
0.164946,2.6808028
0.164948,2.6808028
0.16495,2.6808028
0.164952,2.6808028
0.164954,2.6808028
0.164956,2.6808028
0.164958,2.6808028
0.16496,2.6808028
0.164962,2.6808028
0.164964,2.6808028
0.164966,2.6808028
0.164968,2.6808028
0.16497,2.6808028
0.16497199,2.6808028
0.164974,2.6808028
0.164976,2.6808028
0.164978,2.6808028
0.16498,2.6808028
0.164982,2.6808028
0.164984,2.6808028
0.164986,2.6808028
0.164988,2.6808028
0.16499,2.6808028
0.164992,2.6808028
0.164994,2.6808028
0.164996,2.6808028
0.164998,2.6808028
0.165,2.6808028
0.165002,2.6808028
0.165004,2.6808028
0.165006,2.6808028
0.165008,2.6808028
0.16501,2.6808028
0.165012,2.6808028
0.165014,2.6808028
0.165016,2.6808028
0.16501799,2.6808028
0.16502,2.6808028
0.165022,2.6808028
0.165024,2.6808028
0.165026,2.6808028
0.165028,2.6808028
0.16503,2.6808028
0.165032,2.6808028
0.165034,2.6808028
0.165036,2.6808028
0.165038,2.6808028
0.16504,2.6808028
0.165042,2.6808028
0.165044,2.6808028
0.165046,2.6808028
0.165048,2.6808028
0.16505,2.6808028
0.165052,2.6808028
0.165054,2.6808028
0.165056,2.6808028
0.165058,2.6808028
0.16506,2.6808028
0.165062,2.6808028
0.16506399,2.6808028
0.165066,2.6808028
0.165068,2.6808028
0.16507,2.6808028
0.165072,2.6808028
0.165074,2.6808028
0.165076,2.6808028
0.165078,2.6808028
0.16508,2.6808028
0.165082,2.6808028
0.165084,2.6808028
0.165086,2.6808028
0.165088,2.6808028
0.16509,2.6808028
0.165092,2.6808028
0.165094,2.6808028
0.165096,2.6808028
0.165098,2.6808028
0.1651,2.6808028
0.165102,2.6808028
0.165104,2.6808028
0.165106,2.6808028
0.165108,2.6808028
0.16511,2.6808028
0.165112,2.6808028
0.165114,2.6808028
0.165116,2.6808028
0.165118,2.6808028
0.16512,2.6808028
0.165122,1.4787879
0.165124,1.4787879
0.165126,1.4325566
0.165128,1.4325566
0.16513,1.4325566
0.165132,1.4325566
0.165134,1.4325566
0.165136,1.4325566
0.165138,1.4325566
0.16514,1.4325566
0.165142,1.4325566
0.165144,1.4325566
0.165146,1.4325566
0.165148,1.4325566
0.16515,1.4325566
0.165152,1.4325566
0.165154,1.4325566
0.165156,1.4325566
0.165158,1.4325566
0.16516,1.4325566
0.165162,1.3863249
0.165164,1.3863249
0.165166,1.3863249
0.165168,1.3863249
0.16517,1.3863249
0.165172,1.3863249
0.16517399,1.3863249
0.165176,1.3863249
0.165178,1.3863249
0.16518,1.3863249
0.165182,1.3863249
0.165184,1.3863249
0.165186,1.3863249
0.165188,1.3863249
0.16519,1.3863249
0.165192,1.3863249
0.165194,1.3863249
0.165196,1.3863249
0.165198,1.3863249
0.1652,1.3863249
0.165202,1.3863249
0.165204,1.3863249
0.165206,1.3863249
0.165208,1.3863249
0.16521,1.3863249
0.165212,1.3863249
0.165214,1.3863249
0.165216,1.3863249
0.165218,1.3863249
0.16521999,1.3863249
0.165222,1.3863249
0.165224,1.3863249
0.165226,1.3863249
0.165228,1.3863249
0.16523,1.3863249
0.165232,1.3863249
0.165234,1.3863249
0.165236,1.3863249
0.165238,1.3863249
0.16524,1.3863249
0.165242,1.3863249
0.165244,1.3863249
0.165246,1.3863249
0.165248,1.3863249
0.16525,1.3863249
0.165252,1.3863249
0.165254,1.3863249
0.165256,1.3863249
0.165258,1.3863249
0.16526,1.3863249
0.165262,1.3863249
0.165264,1.3863249
0.16526599,1.3863249
0.165268,1.3863249
0.16527,1.3863249
0.165272,1.3863249
0.165274,1.3863249
0.165276,1.3863249
0.165278,1.3863249
0.16528,1.3863249
0.165282,1.3863249
0.165284,1.3863249
0.165286,1.3863249
0.165288,1.3863249
0.16529,1.3863249
0.165292,1.3863249
0.165294,1.3863249
0.165296,1.3863249
0.165298,1.3863249
0.1653,1.3863249
0.165302,1.3863249
0.165304,1.3863249
0.165306,1.3863249
0.165308,1.3863249
0.16531,1.3863249
0.16531199,1.3863249
0.165314,1.3863249
0.165316,1.3863249
0.165318,1.3863249
0.16532,1.3863249
0.165322,1.3863249
0.165324,1.3863249
0.165326,1.3863249
0.165328,1.3863249
0.16533,1.3863249
0.165332,1.3863249
0.165334,1.3863249
0.165336,1.3863249
0.165338,1.3863249
0.16534,1.3863249
0.165342,1.3863249
0.165344,1.3863249
0.165346,1.3863249
0.165348,1.3863249
0.16535,1.3863249
0.165352,1.3863249
0.165354,1.3863249
0.165356,1.3863249
0.165358,1.3863249
0.16536,1.3863249
0.165362,1.3863249
0.165364,1.3863249
0.165366,1.3863249
0.165368,1.3863249
0.16537,1.3863249
0.165372,1.3863249
0.165374,1.3863249
0.165376,1.3863249
0.165378,1.3863249
0.16538,1.3863249
0.165382,1.3863249
0.165384,1.3863249
0.165386,1.3863249
0.165388,1.3863249
0.16539,1.3863249
0.165392,1.3863249
0.165394,1.3863249
0.165396,1.3863249
0.165398,1.3863249
0.1654,1.3863249
0.165402,1.3863249
0.165404,1.3863249
0.165406,1.3863249
0.165408,1.3863249
0.16541,1.3863249
0.165412,1.3863249
0.165414,1.3863249
0.165416,1.3863249
0.165418,1.3863249
0.16542,1.3863249
0.16542199,1.3863249
0.165424,1.3863249
0.165426,1.3863249
0.165428,1.3863249
0.16543,1.3863249
0.165432,1.3863249
0.165434,1.3863249
0.165436,1.3863249
0.165438,1.3863249
0.16544,1.3863249
0.165442,1.3863249
0.165444,1.3863249
0.165446,1.3863249
0.165448,1.3863249
0.16545,1.3863249
0.165452,1.3863249
0.165454,1.3863249
0.165456,1.3863249
0.165458,1.3863249
0.16546,1.3863249
0.165462,1.3863249
0.165464,1.3863249
0.165466,1.3863249
0.16546799,1.3863249
0.16547,1.3863249
0.165472,1.3863249
0.165474,1.3863249
0.165476,0.23054075
0.165478,0.13807821
0.16548,0.13807821
0.165482,0.13807821
0.165484,0.13807821
0.165486,0.13807821
0.165488,0.13807821
0.16549,0.13807821
0.165492,0.13807821
0.165494,0.13807821
0.165496,0.13807821
0.165498,0.13807821
0.1655,0.13807821
0.165502,0.091846466
0.165504,0.091846466
0.165506,0.091846466
0.165508,0.091846466
0.16551,0.091846466
0.165512,0.091846466
0.16551399,0.091846466
0.165516,0.091846466
0.165518,0.091846466
0.16552,0.091846466
0.165522,0.091846466
0.165524,0.091846466
0.165526,0.091846466
0.165528,0.091846466
0.16553,0.091846466
0.165532,0.091846466
0.165534,0.091846466
0.165536,0.091846466
0.165538,0.091846466
0.16554,0.091846466
0.165542,0.091846466
0.165544,0.091846466
0.165546,0.091846466
0.165548,0.091846466
0.16555,0.091846466
0.165552,0.091846466
0.165554,0.091846466
0.165556,0.091846466
0.165558,0.091846466
0.16555999,0.091846466
0.165562,0.091846466
0.165564,0.091846466
0.165566,0.091846466
0.165568,0.091846466
0.16557,0.091846466
0.165572,0.091846466
0.165574,0.091846466
0.165576,0.091846466
0.165578,0.091846466
0.16558,0.091846466
0.165582,0.091846466
0.165584,0.091846466
0.165586,0.091846466
0.165588,0.091846466
0.16559,0.091846466
0.165592,0.091846466
0.165594,0.091846466
0.165596,0.091846466
0.165598,0.091846466
0.1656,0.091846466
0.165602,0.091846466
0.165604,0.091846466
0.165606,0.091846466
0.165608,0.091846466
0.16561,0.091846466
0.165612,0.091846466
0.165614,0.091846466
0.165616,0.091846466
0.165618,0.091846466
0.16562,0.091846466
0.165622,0.091846466
0.165624,0.091846466
0.165626,0.091846466
0.165628,0.091846466
0.16563,0.091846466
0.165632,0.091846466
0.165634,0.091846466
0.165636,0.091846466
0.165638,0.091846466
0.16564,0.091846466
0.165642,0.091846466
0.165644,0.091846466
0.165646,0.091846466
0.165648,0.091846466
0.16565,0.091846466
0.165652,0.091846466
0.165654,0.091846466
0.165656,0.091846466
0.165658,0.091846466
0.16566,0.091846466
0.165662,0.091846466
0.165664,0.091846466
0.165666,0.091846466
0.165668,0.091846466
0.16567,0.091846466
0.165672,0.091846466
0.165674,0.091846466
0.165676,0.091846466
0.165678,0.091846466
0.16568,0.091846466
0.165682,0.091846466
0.165684,0.091846466
0.165686,0.091846466
0.165688,0.091846466
0.16569,0.091846466
0.165692,0.091846466
0.165694,0.091846466
0.165696,0.091846466
0.165698,0.091846466
0.1657,0.091846466
0.165702,0.091846466
0.165704,0.091846466
0.165706,0.091846466
0.165708,0.091846466
0.16571,0.091846466
0.165712,0.091846466
0.165714,0.091846466
0.16571599,0.091846466
0.165718,0.091846466
0.16572,0.091846466
0.165722,0.091846466
0.165724,0.091846466
0.165726,0.091846466
0.165728,0.091846466
0.16573,0.091846466
0.165732,0.091846466
0.165734,0.091846466
0.165736,0.091846466
0.165738,0.091846466
0.16574,0.091846466
0.165742,0.091846466
0.165744,0.091846466
0.165746,0.091846466
0.165748,0.091846466
0.16575,0.091846466
0.165752,0.091846466
0.165754,0.091846466
0.165756,0.091846466
0.165758,0.091846466
0.16576,0.091846466
0.16576199,0.091846466
0.165764,0.091846466
0.165766,0.091846466
0.165768,0.091846466
0.16577,0.091846466
0.165772,0.091846466
0.165774,0.091846466
0.165776,0.091846466
0.165778,0.091846466
0.16578,0.091846466
0.165782,0.091846466
0.165784,0.091846466
0.165786,0.091846466
0.165788,0.091846466
0.16579,0.091846466
0.165792,0.091846466
0.165794,0.091846466
0.165796,0.091846466
0.165798,0.091846466
0.1658,0.091846466
0.165802,0.091846466
0.165804,0.091846466
0.165806,0.091846466
0.16580799,0.091846466
0.16581,0.091846466
0.165812,0.091846466
0.165814,0.091846466
0.165816,0.091846466
0.165818,0.091846466
0.16582,0.091846466
0.165822,0.091846466
0.165824,0.091846466
0.165826,0.091846466
0.165828,0.091846466
0.16583,0.091846466
0.165832,0.091846466
0.165834,0.091846466
0.165836,0.091846466
0.165838,0.091846466
0.16584,0.091846466
0.165842,0.091846466
0.165844,0.091846466
0.165846,0.091846466
0.165848,0.091846466
0.16585,0.091846466
0.165852,0.091846466
0.165854,0.091846466
0.165856,0.091846466
0.165858,0.091846466
0.16586,0.091846466
0.165862,0.091846466
0.165864,0.091846466
0.165866,0.091846466
0.165868,0.091846466
0.16587,0.091846466
0.165872,0.091846466
0.165874,0.091846466
0.165876,0.091846466
0.165878,0.091846466
0.16588,0.091846466
0.165882,0.091846466
0.165884,0.091846466
0.165886,0.091846466
0.165888,0.091846466
0.16589,0.091846466
0.165892,0.091846466
0.165894,0.091846466
0.165896,0.091846466
0.165898,0.091846466
0.1659,0.091846466
0.165902,0.091846466
0.165904,0.091846466
0.165906,0.091846466
0.165908,0.091846466
0.16591,0.091846466
0.165912,0.091846466
0.165914,0.091846466
0.165916,0.091846466
0.165918,0.091846466
0.16592,0.091846466
0.165922,0.091846466
0.165924,0.091846466
0.165926,0.091846466
0.165928,0.091846466
0.16593,0.091846466
0.165932,0.091846466
0.165934,0.091846466
0.165936,0.091846466
0.165938,0.091846466
0.16594,0.091846466
0.165942,0.091846466
0.165944,0.091846466
0.165946,0.091846466
0.165948,0.091846466
0.16595,0.091846466
0.165952,0.091846466
0.165954,0.091846466
0.165956,0.091846466
0.165958,0.091846466
0.16596,0.091846466
0.165962,0.091846466
0.16596399,0.091846466
0.165966,0.091846466
0.165968,0.091846466
0.16597,0.091846466
0.165972,0.091846466
0.165974,0.091846466
0.165976,0.091846466
0.165978,0.091846466
0.16598,0.091846466
0.165982,0.091846466
0.165984,0.091846466
0.165986,0.091846466
0.165988,0.091846466
0.16599,0.091846466
0.165992,0.091846466
0.165994,0.091846466
0.165996,0.091846466
0.165998,0.091846466
0.166,0.091846466
0.166002,0.091846466
0.166004,0.091846466
0.166006,0.091846466
0.166008,0.091846466
0.16600999,0.091846466
0.166012,0.091846466
0.166014,0.091846466
0.166016,0.091846466
0.166018,0.091846466
0.16602,0.091846466
0.166022,0.091846466
0.166024,0.091846466
0.166026,0.091846466
0.166028,0.091846466
0.16603,0.091846466
0.166032,0.091846466
0.166034,0.091846466
0.166036,0.091846466
0.166038,0.091846466
0.16604,0.091846466
0.166042,0.091846466
0.166044,0.091846466
0.166046,0.091846466
0.166048,0.091846466
0.16605,0.091846466
0.166052,0.091846466
0.166054,0.091846466
0.16605599,0.091846466
0.166058,0.091846466
0.16606,0.091846466
0.166062,0.091846466
0.166064,0.091846466
0.166066,0.091846466
0.166068,0.091846466
0.16607,0.091846466
0.166072,0.091846466
0.166074,0.091846466
0.166076,0.091846466
0.166078,0.091846466
0.16608,0.091846466
0.166082,0.091846466
0.166084,0.091846466
0.166086,0.091846466
0.166088,0.091846466
0.16609,0.091846466
0.166092,0.091846466
0.166094,0.091846466
0.166096,0.091846466
0.166098,0.091846466
0.1661,0.091846466
0.16610199,0.091846466
0.166104,0.091846466
0.166106,0.091846466
0.166108,0.091846466
0.16611,0.091846466
0.166112,0.091846466
0.166114,0.091846466
0.166116,0.091846466
0.166118,0.091846466
0.16612,0.091846466
0.166122,0.091846466
0.166124,0.091846466
0.166126,0.091846466
0.166128,0.091846466
0.16613,0.091846466
0.166132,0.091846466
0.166134,0.091846466
0.166136,0.091846466
0.166138,0.091846466
0.16614,0.091846466
0.166142,0.091846466
0.166144,0.091846466
0.166146,0.091846466
0.166148,0.091846466
0.16615,0.091846466
0.166152,0.091846466
0.166154,0.091846466
0.166156,0.091846466
0.166158,0.091846466
0.16616,0.091846466
0.166162,0.091846466
0.166164,0.091846466
0.166166,0.091846466
0.166168,0.091846466
0.16617,0.091846466
0.166172,0.091846466
0.166174,0.091846466
0.166176,0.091846466
0.166178,0.091846466
0.16618,0.091846466
0.166182,0.091846466
0.166184,0.091846466
0.166186,0.091846466
0.166188,0.091846466
0.16619,0.091846466
0.166192,0.091846466
0.166194,0.091846466
0.166196,0.091846466
0.166198,0.091846466
0.1662,0.091846466
0.166202,0.091846466
0.166204,0.091846466
0.166206,0.091846466
0.166208,0.091846466
0.16621,0.091846466
0.16621199,0.091846466
0.166214,0.091846466
0.166216,0.091846466
0.166218,0.091846466
0.16622,0.091846466
0.166222,0.091846466
0.166224,0.091846466
0.166226,0.091846466
0.166228,0.091846466
0.16623,0.091846466
0.166232,0.091846466
0.166234,0.091846466
0.166236,0.091846466
0.166238,0.091846466
0.16624,0.091846466
0.166242,0.091846466
0.166244,0.091846466
0.166246,0.091846466
0.166248,0.091846466
0.16625,0.091846466
0.166252,0.091846466
0.166254,0.091846466
0.166256,0.091846466
0.16625799,0.091846466
0.16626,0.091846466
0.166262,0.091846466
0.166264,0.091846466
0.166266,0.091846466
0.166268,0.091846466
0.16627,0.091846466
0.166272,0.091846466
0.166274,0.091846466
0.166276,0.091846466
0.166278,0.091846466
0.16628,0.091846466
0.166282,0.091846466
0.166284,0.091846466
0.166286,0.091846466
0.166288,0.091846466
0.16629,0.091846466
0.166292,1.1089368
0.166294,1.3863249
0.166296,1.3400936
0.166298,1.3863249
0.1663,1.3863249
0.166302,1.3863249
0.16630399,1.3863249
0.166306,1.3863249
0.166308,1.3863249
0.16631,1.3863249
0.166312,1.3863249
0.166314,1.3863249
0.166316,1.3863249
0.166318,1.3863249
0.16632,1.3863249
0.166322,1.3863249
0.166324,1.3863249
0.166326,1.3863249
0.166328,1.3863249
0.16633,1.3863249
0.166332,1.3863249
0.166334,1.3863249
0.166336,1.3863249
0.166338,1.3863249
0.16634,1.3863249
0.166342,1.3863249
0.166344,1.3863249
0.166346,1.3863249
0.166348,1.3863249
0.16634999,1.3863249
0.166352,1.3863249
0.166354,1.3863249
0.166356,1.3863249
0.166358,1.3863249
0.16636,1.3863249
0.166362,1.3863249
0.166364,1.3863249
0.166366,1.3863249
0.166368,1.3863249
0.16637,1.3863249
0.166372,1.3863249
0.166374,1.3863249
0.166376,1.3863249
0.166378,1.3863249
0.16638,1.3863249
0.166382,1.3863249
0.166384,1.3863249
0.166386,1.3863249
0.166388,1.3863249
0.16639,1.3863249
0.166392,1.3863249
0.166394,1.3863249
0.166396,1.3863249
0.166398,1.3863249
0.1664,1.3863249
0.166402,1.3863249
0.166404,1.3863249
0.166406,1.3863249
0.166408,1.3863249
0.16641,1.3863249
0.166412,1.3863249
0.166414,1.3863249
0.166416,1.3863249
0.166418,1.3863249
0.16642,1.3863249
0.166422,1.3863249
0.166424,1.3863249
0.166426,1.3863249
0.166428,1.3863249
0.16643,1.3863249
0.166432,1.3863249
0.166434,1.3863249
0.166436,1.3863249
0.166438,1.3863249
0.16644,1.3863249
0.166442,1.3863249
0.166444,1.3863249
0.166446,1.3863249
0.166448,1.3863249
0.16645,1.3863249
0.166452,1.3863249
0.166454,1.3863249
0.166456,1.3863249
0.166458,1.3863249
0.16645999,1.3863249
0.166462,1.3863249
0.166464,1.3863249
0.166466,1.3863249
0.166468,1.3863249
0.16647,1.3863249
0.166472,1.3863249
0.166474,1.3863249
0.166476,1.3863249
0.166478,1.3863249
0.16648,1.3863249
0.166482,1.3863249
0.166484,1.3863249
0.166486,1.3863249
0.166488,1.3863249
0.16649,1.3863249
0.166492,1.3863249
0.166494,1.3863249
0.166496,1.3863249
0.166498,1.3863249
0.1665,1.3863249
0.166502,1.3863249
0.166504,1.3863249
0.16650599,1.3863249
0.166508,1.3863249
0.16651,1.3863249
0.166512,1.3863249
0.166514,1.3863249
0.166516,1.3863249
0.166518,1.3863249
0.16652,1.3863249
0.166522,1.3863249
0.166524,1.3863249
0.166526,1.3863249
0.166528,1.3863249
0.16653,1.3863249
0.166532,1.3863249
0.166534,1.3863249
0.166536,1.3863249
0.166538,1.3863249
0.16654,1.3863249
0.166542,1.3863249
0.166544,1.3863249
0.166546,1.3863249
0.166548,1.3863249
0.16655,1.3863249
0.16655199,1.3863249
0.166554,1.3863249
0.166556,1.3863249
0.166558,1.3863249
0.16656,1.3863249
0.166562,1.3863249
0.166564,1.3863249
0.166566,1.3863249
0.166568,1.3863249
0.16657,1.3863249
0.166572,1.3863249
0.166574,1.3863249
0.166576,1.3863249
0.166578,1.3863249
0.16658,1.3863249
0.166582,1.3863249
0.166584,1.3863249
0.166586,1.3863249
0.166588,1.3863249
0.16659,1.3863249
0.166592,1.3863249
0.166594,1.3863249
0.166596,1.3863249
0.16659799,1.3863249
0.1666,1.3863249
0.166602,1.3863249
0.166604,1.3863249
0.166606,1.3863249
0.166608,1.3863249
0.16661,1.3863249
0.166612,1.3863249
0.166614,1.3863249
0.166616,1.3863249
0.166618,1.3863249
0.16662,1.3863249
0.166622,1.3863249
0.166624,1.3863249
0.166626,1.3863249
0.166628,1.3863249
0.16663,1.3863249
0.166632,1.3863249
0.166634,1.3863249
0.166636,1.3863249
0.166638,1.3863249
0.16664,1.3863249
0.166642,1.3863249
0.166644,1.3863249
0.166646,1.3863249
0.166648,1.3863249
0.16665,1.3863249
0.166652,1.3863249
0.166654,1.3863249
0.166656,1.3863249
0.166658,1.3863249
0.16666,1.3863249
0.166662,1.3863249
0.166664,1.3863249
0.166666,1.3863249
0.166668,1.3863249
0.16667,1.3863249
0.166672,1.756176
0.166674,2.5883412
0.166676,2.6345725
0.166678,2.6345725
0.16668,2.6345725
0.166682,2.6345725
0.166684,2.6345725
0.166686,2.6345725
0.166688,2.6808028
0.16669,2.6808028
0.166692,2.6808028
0.166694,2.6808028
0.166696,2.6808028
0.166698,2.6808028
0.1667,2.6808028
0.166702,2.6808028
0.166704,2.6808028
0.166706,2.6808028
0.166708,2.6808028
0.16671,2.6808028
0.166712,2.6808028
0.166714,2.6808028
0.166716,2.6808028
0.166718,2.6808028
0.16672,2.6808028
0.166722,2.6808028
0.166724,2.6808028
0.166726,2.6808028
0.166728,2.6808028
0.16673,2.6808028
0.166732,2.6808028
0.166734,2.6808028
0.166736,2.6808028
0.166738,2.6808028
0.16674,2.6808028
0.166742,2.6808028
0.166744,2.6808028
0.166746,2.6808028
0.166748,2.6808028
0.16675,2.6808028
0.166752,2.6808028
0.16675399,2.6808028
0.166756,2.6808028
0.166758,2.6808028
0.16676,2.6808028
0.166762,2.6808028
0.166764,2.6808028
0.166766,2.6808028
0.166768,2.6808028
0.16677,2.6808028
0.166772,2.6808028
0.166774,2.6808028
0.166776,2.6808028
0.166778,2.6808028
0.16678,2.6808028
0.166782,2.6808028
0.166784,2.6808028
0.166786,2.6808028
0.166788,2.6808028
0.16679,2.6808028
0.166792,2.6808028
0.166794,2.6808028
0.166796,2.6808028
0.166798,2.6808028
0.16679999,2.6808028
0.166802,2.6808028
0.166804,2.6808028
0.166806,2.6808028
0.166808,2.6808028
0.16681,2.6808028
0.166812,2.6808028
0.166814,2.6808028
0.166816,2.6808028
0.166818,2.6808028
0.16682,2.6808028
0.166822,2.6808028
0.166824,2.6808028
0.166826,2.6808028
0.166828,2.6808028
0.16683,2.6808028
0.166832,2.6808028
0.166834,2.6808028
0.166836,2.6808028
0.166838,2.6808028
0.16684,2.6808028
0.166842,2.6808028
0.166844,2.6808028
0.16684599,2.6808028
0.166848,2.6808028
0.16685,2.6808028
0.166852,2.6808028
0.166854,2.6808028
0.166856,2.6808028
0.166858,2.6808028
0.16686,2.6808028
0.166862,2.6808028
0.166864,2.6808028
0.166866,2.6808028
0.166868,2.6808028
0.16687,2.6808028
0.166872,2.6808028
0.166874,2.6808028
0.166876,2.6808028
0.166878,2.6808028
0.16688,2.6808028
0.166882,2.6808028
0.166884,2.6808028
0.166886,2.6808028
0.166888,2.6808028
0.16689,2.6808028
0.166892,2.6808028
0.166894,2.6808028
0.166896,2.6808028
0.166898,2.6808028
0.1669,2.6808028
0.166902,2.6808028
0.166904,2.6808028
0.166906,2.6808028
0.166908,2.6808028
0.16691,2.6808028
0.166912,2.6808028
0.166914,2.6808028
0.166916,2.6808028
0.166918,2.6808028
0.16692,2.6808028
0.166922,2.6808028
0.166924,2.6808028
0.166926,2.6808028
0.166928,2.6808028
0.16693,2.6808028
0.166932,2.6808028
0.166934,2.6808028
0.166936,2.6808028
0.166938,2.6808028
0.16694,2.6808028
0.166942,2.6808028
0.166944,2.6808028
0.166946,2.6808028
0.166948,2.6808028
0.16695,2.6808028
0.166952,2.6808028
0.166954,2.6808028
0.166956,2.6808028
0.166958,2.6808028
0.16696,2.6808028
0.166962,2.6808028
0.166964,2.6808028
0.166966,2.6808028
0.166968,2.6808028
0.16697,2.6808028
0.166972,2.6808028
0.166974,2.6808028
0.166976,2.6808028
0.166978,2.6808028
0.16698,2.6808028
0.166982,2.6808028
0.166984,2.6808028
0.166986,2.6808028
0.166988,2.6808028
0.16699,2.6808028
0.166992,2.6808028
0.166994,2.6808028
0.166996,2.6808028
0.166998,2.6808028
0.167,3.8365874
0.16700199,3.92905
0.167004,3.92905
0.167006,3.9752812
0.167008,3.9752812
0.16701,3.9752812
0.167012,3.9752812
0.167014,3.9752812
0.167016,3.9752812
0.167018,3.9752812
0.16702,3.9752812
0.167022,3.9752812
0.167024,3.9752812
0.167026,3.9752812
0.167028,3.9752812
0.16703,3.9752812
0.167032,3.9752812
0.167034,3.9752812
0.167036,3.9752812
0.167038,3.9752812
0.16704,3.9752812
0.167042,3.9752812
0.167044,3.9752812
0.167046,3.9752812
0.16704799,3.9752812
0.16705,3.9752812
0.167052,3.9752812
0.167054,3.9752812
0.167056,3.9752812
0.167058,3.9752812
0.16706,3.9752812
0.167062,3.9752812
0.167064,3.9752812
0.167066,3.9752812
0.167068,3.9752812
0.16707,3.9752812
0.167072,3.9752812
0.167074,3.9752812
0.167076,3.9752812
0.167078,3.9752812
0.16708,3.9752812
0.167082,3.9752812
0.167084,3.9752812
0.167086,3.9752812
0.167088,3.9752812
0.16709,3.9752812
0.167092,3.9752812
0.16709399,3.9752812
0.167096,3.9752812
0.167098,3.9752812
0.1671,3.9752812
0.167102,3.9752812
0.167104,3.9752812
0.167106,3.9752812
0.167108,3.9752812
0.16711,3.9752812
0.167112,3.9752812
0.167114,3.9752812
0.167116,3.9752812
0.167118,3.9752812
0.16712,3.9752812
0.167122,3.9752812
0.167124,3.9752812
0.167126,3.9752812
0.167128,3.9752812
0.16713,3.9752812
0.167132,3.9752812
0.167134,3.9752812
0.167136,3.9752812
0.167138,3.9752812
0.16714,3.9752812
0.167142,3.9752812
0.167144,3.9752812
0.167146,3.9752812
0.167148,3.9752812
0.16715,3.9752812
0.167152,3.9752812
0.167154,3.9752812
0.167156,3.9752812
0.167158,3.9752812
0.16716,3.9752812
0.167162,3.9752812
0.167164,3.9752812
0.167166,3.9752812
0.167168,3.9752812
0.16717,3.9752812
0.167172,3.9752812
0.167174,3.9752812
0.167176,3.9752812
0.167178,3.9752812
0.16718,3.9752812
0.167182,3.9752812
0.167184,3.9752812
0.167186,3.9752812
0.167188,3.9752812
0.16719,3.9752812
0.167192,3.9752812
0.167194,3.9752812
0.167196,3.9752812
0.167198,3.9752812
0.1672,3.9752812
0.167202,3.9752812
0.167204,3.9752812
0.167206,3.9752812
0.167208,3.9752812
0.16721,3.9752812
0.167212,3.9752812
0.167214,3.9752812
0.167216,3.9752812
0.167218,3.9752812
0.16722,3.9752812
0.167222,3.9752812
0.167224,3.9752812
0.167226,3.9752812
0.167228,3.9752812
0.16723,3.9752812
0.167232,3.9752812
0.167234,3.9752812
0.167236,3.9752812
0.167238,3.9752812
0.16724,3.9752812
0.167242,3.9752812
0.167244,3.9752812
0.167246,3.9752812
0.167248,3.9752812
0.16724999,3.9752812
0.167252,3.9752812
0.167254,3.9752812
0.167256,3.9752812
0.167258,3.9752812
0.16726,3.9752812
0.167262,3.9752812
0.167264,3.9752812
0.167266,3.9752812
0.167268,3.9752812
0.16727,3.9752812
0.167272,3.9752812
0.167274,3.9752812
0.167276,3.9752812
0.167278,3.9752812
0.16728,3.9752812
0.167282,3.9752812
0.167284,3.9752812
0.167286,3.9752812
0.167288,3.9752812
0.16729,3.9752812
0.167292,3.9752812
0.167294,3.9752812
0.16729599,3.9752812
0.167298,3.9752812
0.1673,3.9752812
0.167302,3.9752812
0.167304,3.9752812
0.167306,3.9752812
0.167308,3.9752812
0.16731,3.9752812
0.167312,3.9752812
0.167314,3.9752812
0.167316,3.9752812
0.167318,3.9752812
0.16732,3.9752812
0.167322,3.9752812
0.167324,3.9752812
0.167326,3.9752812
0.167328,3.9752812
0.16733,3.9752812
0.167332,3.9752812
0.167334,3.9752812
0.167336,3.9752812
0.167338,3.9752812
0.16734,3.9752812
0.16734199,3.9752812
0.167344,3.9752812
0.167346,3.9752812
0.167348,3.9752812
0.16735,3.9752812
0.167352,3.9752812
0.167354,3.9752812
0.167356,3.9752812
0.167358,3.9752812
0.16736,3.9752812
0.167362,3.9752812
0.167364,3.9752812
0.167366,3.9752812
0.167368,3.9752812
0.16737,3.9752812
0.167372,3.9752812
0.167374,3.9752812
0.167376,3.9752812
0.167378,3.9752812
0.16738,3.9752812
0.167382,3.9752812
0.167384,3.9752812
0.167386,3.9752812
0.16738799,3.9752812
0.16739,3.9752812
0.167392,3.9752812
0.167394,3.9752812
0.167396,3.9752812
0.167398,3.9752812
0.1674,3.9752812
0.167402,3.9752812
0.167404,3.9752812
0.167406,3.9752812
0.167408,3.9752812
0.16741,3.9752812
0.167412,3.9752812
0.167414,3.9752812
0.167416,3.9752812
0.167418,3.9752812
0.16742,3.9752812
0.167422,3.9752812
0.167424,3.9752812
0.167426,3.9752812
0.167428,3.9752812
0.16743,3.9752812
0.167432,3.9752812
0.167434,3.9752812
0.167436,3.9752812
0.167438,3.9752812
0.16744,3.9752812
0.167442,3.9752812
0.167444,3.9752812
0.167446,3.9752812
0.167448,3.9752812
0.16745,3.9752812
0.167452,3.9752812
0.167454,3.9752812
0.167456,3.9752812
0.167458,3.9752812
0.16746,3.9752812
0.167462,3.9752812
0.167464,3.9752812
0.167466,3.9752812
0.167468,3.9752812
0.16747,3.9752812
0.167472,3.9752812
0.167474,3.9752812
0.167476,3.9752812
0.167478,3.9752812
0.16748,3.9752812
0.167482,3.9752812
0.167484,3.9752812
0.167486,3.9752812
0.167488,3.9752812
0.16749,3.9752812
0.167492,3.9752812
0.167494,3.9752812
0.167496,3.9752812
0.16749799,3.9752812
0.1675,3.9752812
0.167502,3.9752812
0.167504,3.9752812
0.167506,3.9752812
0.167508,3.9752812
0.16751,3.9752812
0.167512,3.9752812
0.167514,3.9752812
0.167516,3.9752812
0.167518,3.9752812
0.16752,3.9752812
0.167522,3.9752812
0.167524,3.9752812
0.167526,3.9752812
0.167528,3.9752812
0.16753,3.9752812
0.167532,3.9752812
0.167534,3.9752812
0.167536,3.9752812
0.167538,3.9752812
0.16754,3.9752812
0.167542,3.9752812
0.16754399,3.9752812
0.167546,3.9752812
0.167548,3.9752812
0.16755,3.9752812
0.167552,3.9752812
0.167554,3.9752812
0.167556,3.9752812
0.167558,3.9752812
0.16756,3.9752812
0.167562,3.9752812
0.167564,3.9752812
0.167566,3.9752812
0.167568,3.9752812
0.16757,3.9752812
0.167572,3.9752812
0.167574,3.9752812
0.167576,3.9752812
0.167578,3.9752812
0.16758,3.9752812
0.167582,3.9752812
0.167584,3.9752812
0.167586,3.9752812
0.167588,3.9752812
0.16758999,3.9752812
0.167592,3.9752812
0.167594,3.9752812
0.167596,3.9752812
0.167598,3.9752812
0.1676,3.9752812
0.167602,3.9752812
0.167604,3.9752812
0.167606,3.9752812
0.167608,3.9752812
0.16761,3.9752812
0.167612,3.9752812
0.167614,3.9752812
0.167616,3.9752812
0.167618,3.9752812
0.16762,3.9752812
0.167622,3.9752812
0.167624,3.9752812
0.167626,3.9752812
0.167628,3.9752812
0.16763,3.9752812
0.167632,3.9752812
0.167634,3.9752812
0.16763599,3.9752812
0.167638,3.9752812
0.16764,3.9752812
0.167642,3.9752812
0.167644,3.9752812
0.167646,3.9752812
0.167648,3.9752812
0.16765,3.9752812
0.167652,3.9752812
0.167654,3.9752812
0.167656,3.9752812
0.167658,3.9752812
0.16766,3.9752812
0.167662,3.9752812
0.167664,3.9752812
0.167666,3.9752812
0.167668,3.9752812
0.16767,3.9752812
0.167672,3.9752812
0.167674,3.9752812
0.167676,3.9752812
0.167678,3.9752812
0.16768,3.9752812
0.167682,3.9752812
0.167684,3.9752812
0.167686,3.9752812
0.167688,3.9752812
0.16769,3.9752812
0.167692,3.9752812
0.167694,3.9752812
0.167696,3.9752812
0.167698,3.9752812
0.1677,3.9752812
0.167702,3.9752812
0.167704,3.9752812
0.167706,3.9752812
0.167708,3.9752812
0.16771,3.9752812
0.167712,3.9752812
0.167714,3.9752812
0.167716,3.9752812
0.167718,3.9752812
0.16772,3.9752812
0.167722,3.9752812
0.167724,3.9752812
0.167726,3.9752812
0.167728,3.9752812
0.16773,3.9752812
0.167732,3.9752812
0.167734,3.9752812
0.167736,3.9752812
0.167738,3.9752812
0.16774,3.9752812
0.167742,3.9752812
0.167744,3.9752812
0.16774599,3.9752812
0.167748,3.9752812
0.16775,3.9752812
0.167752,3.9752812
0.167754,3.9752812
0.167756,3.9752812
0.167758,3.9752812
0.16776,3.9752812
0.167762,3.9752812
0.167764,3.9752812
0.167766,3.9752812
0.167768,3.9752812
0.16777,3.9752812
0.167772,3.9752812
0.167774,3.9752812
0.167776,3.9752812
0.167778,3.9752812
0.16778,3.9752812
0.167782,3.9752812
0.167784,3.9752812
0.167786,3.9752812
0.167788,3.9752812
0.16779,3.9752812
0.16779199,3.9752812
0.167794,3.9752812
0.167796,3.9752812
0.167798,3.9752812
0.1678,3.9752812
0.167802,3.9752812
0.167804,3.9752812
0.167806,3.9752812
0.167808,3.9752812
0.16781,3.9752812
0.167812,3.9752812
0.167814,3.9752812
0.167816,3.9752812
0.167818,3.9752812
0.16782,3.9752812
0.167822,3.9752812
0.167824,3.9752812
0.167826,3.9752812
0.167828,3.9752812
0.16783,3.9752812
0.167832,3.9752812
0.167834,3.9752812
0.167836,3.9752812
0.16783799,3.9752812
0.16784,3.9752812
0.167842,3.9752812
0.167844,3.9752812
0.167846,3.9752812
0.167848,3.9752812
0.16785,3.9752812
0.167852,3.9752812
0.167854,3.9752812
0.167856,3.9752812
0.167858,3.9752812
0.16786,3.9752812
0.167862,3.9752812
0.167864,3.9752812
0.167866,3.9752812
0.167868,3.9752812
0.16787,3.9752812
0.167872,3.9752812
0.167874,3.9752812
0.167876,3.9752812
0.167878,3.9752812
0.16788,3.9752812
0.167882,3.9752812
0.16788399,3.9752812
0.167886,3.9752812
0.167888,3.9752812
0.16789,3.9752812
0.167892,3.9752812
0.167894,3.9752812
0.167896,3.9752812
0.167898,3.9752812
0.1679,3.9752812
0.167902,3.9752812
0.167904,3.9752812
0.167906,3.9752812
0.167908,3.9752812
0.16791,3.9752812
0.167912,3.9752812
0.167914,3.9752812
0.167916,3.9752812
0.167918,3.9752812
0.16792,3.9752812
0.167922,3.9752812
0.167924,3.9752812
0.167926,3.9752812
0.167928,3.9752812
0.16793,3.9752812
0.167932,3.9752812
0.167934,3.9752812
0.167936,3.9752812
0.167938,3.9752812
0.16794,3.9752812
0.167942,3.9752812
0.167944,3.9752812
0.167946,3.9752812
0.167948,3.9752812
0.16795,3.9752812
0.167952,3.9752812
0.167954,3.9752812
0.167956,3.9752812
0.167958,3.9752812
0.16796,3.9752812
0.167962,3.9752812
0.167964,3.9752812
0.167966,3.9752812
0.167968,3.9752812
0.16797,3.9752812
0.167972,3.9752812
0.167974,3.9752812
0.167976,3.9752812
0.167978,3.9752812
0.16798,3.9752812
0.167982,3.9752812
0.167984,3.9752812
0.167986,3.9752812
0.167988,3.9752812
0.16799,3.9752812
0.167992,3.9752812
0.167994,3.9752812
0.167996,3.9752812
0.167998,3.9752812
0.168,3.9752812
0.168002,3.9752812
0.168004,3.9752812
0.168006,3.9752812
0.168008,3.9752812
0.16801,3.9752812
0.168012,3.9752812
0.168014,3.9752812
0.168016,3.9752812
0.168018,3.9752812
0.16802,3.9752812
0.168022,3.9752812
0.168024,3.9752812
0.168026,3.9752812
0.168028,3.9752812
0.16803,3.9752812
0.168032,3.9752812
0.168034,3.9752812
0.168036,3.9752812
0.168038,3.9752812
0.16803999,3.9752812
0.168042,3.9752812
0.168044,3.9752812
0.168046,3.9752812
0.168048,3.9752812
0.16805,3.9752812
0.168052,3.9752812
0.168054,3.9752812
0.168056,3.9752812
0.168058,3.9752812
0.16806,3.9752812
0.168062,3.9752812
0.168064,3.9752812
0.168066,3.9752812
0.168068,3.9752812
0.16807,3.9752812
0.168072,3.9752812
0.168074,3.9752812
0.168076,3.9752812
0.168078,3.9752812
0.16808,3.9752812
0.168082,3.9752812
0.168084,3.9752812
0.16808599,3.9752812
0.168088,3.9752812
0.16809,3.9752812
0.168092,3.9752812
0.168094,3.9752812
0.168096,3.9752812
0.168098,3.9752812
0.1681,3.9752812
0.168102,3.9752812
0.168104,3.9752812
0.168106,3.9752812
0.168108,3.9752812
0.16811,3.9752812
0.168112,3.9752812
0.168114,4.0215135
0.168116,2.727035
0.168118,2.727035
0.16812,2.727035
0.168122,2.727035
0.168124,2.727035
0.168126,2.727035
0.168128,2.727035
0.16813,2.727035
0.16813199,2.727035
0.168134,2.6808028
0.168136,2.6808028
0.168138,2.6808028
0.16814,2.6808028
0.168142,2.6808028
0.168144,2.6808028
0.168146,2.6808028
0.168148,2.6808028
0.16815,2.6808028
0.168152,2.6808028
0.168154,2.6808028
0.168156,2.6808028
0.168158,2.6808028
0.16816,2.6808028
0.168162,2.6808028
0.168164,2.6808028
0.168166,2.6808028
0.168168,2.6808028
0.16817,2.6808028
0.168172,2.6808028
0.168174,2.6808028
0.168176,2.6808028
0.168178,2.6808028
0.16818,2.6808028
0.168182,2.6808028
0.168184,2.6808028
0.168186,2.6808028
0.168188,2.6808028
0.16819,2.6808028
0.168192,2.6808028
0.168194,2.6808028
0.168196,2.6808028
0.168198,2.6808028
0.1682,2.6808028
0.168202,2.6808028
0.168204,2.6808028
0.168206,2.6808028
0.168208,2.6808028
0.16821,2.6808028
0.168212,2.6808028
0.168214,2.6808028
0.168216,2.6808028
0.168218,2.6808028
0.16822,2.6808028
0.168222,2.6808028
0.168224,2.6808028
0.168226,2.6808028
0.168228,2.6808028
0.16823,2.6808028
0.168232,2.6808028
0.168234,2.6808028
0.168236,2.6808028
0.168238,2.6808028
0.16824,2.6808028
0.168242,2.6808028
0.168244,2.6808028
0.168246,2.6808028
0.168248,2.6808028
0.16825,2.6808028
0.168252,2.6808028
0.168254,2.6808028
0.168256,2.6808028
0.168258,2.6808028
0.16826,2.6808028
0.168262,2.6808028
0.168264,2.6808028
0.168266,2.6808028
0.168268,2.6808028
0.16827,2.6808028
0.168272,2.6808028
0.168274,2.6808028
0.168276,2.6808028
0.168278,2.6808028
0.16828,2.6808028
0.168282,2.6808028
0.168284,2.6808028
0.168286,2.6808028
0.16828799,2.6808028
0.16829,2.6808028
0.168292,2.6808028
0.168294,2.6808028
0.168296,2.6808028
0.168298,2.6808028
0.1683,2.6808028
0.168302,2.6808028
0.168304,2.6808028
0.168306,2.6808028
0.168308,2.6808028
0.16831,2.6808028
0.168312,2.6808028
0.168314,2.6808028
0.168316,2.6808028
0.168318,2.6808028
0.16832,2.6808028
0.168322,2.6808028
0.168324,2.6808028
0.168326,2.6808028
0.168328,2.6808028
0.16833,2.6808028
0.168332,2.6808028
0.16833399,2.6808028
0.168336,2.6808028
0.168338,2.6808028
0.16834,2.6808028
0.168342,2.6808028
0.168344,2.6808028
0.168346,2.6808028
0.168348,2.6808028
0.16835,2.6808028
0.168352,2.6808028
0.168354,2.6808028
0.168356,2.6808028
0.168358,2.6808028
0.16836,2.6808028
0.168362,2.6808028
0.168364,2.6808028
0.168366,2.6808028
0.168368,2.6808028
0.16837,2.6808028
0.168372,2.6808028
0.168374,2.6808028
0.168376,2.6808028
0.168378,2.6808028
0.16837999,2.6808028
0.168382,2.6808028
0.168384,2.6808028
0.168386,2.6808028
0.168388,2.6808028
0.16839,2.6808028
0.168392,2.6808028
0.168394,2.6808028
0.168396,2.6808028
0.168398,2.6808028
0.1684,2.6808028
0.168402,2.6808028
0.168404,2.6808028
0.168406,2.6808028
0.168408,2.6808028
0.16841,2.6808028
0.168412,2.6808028
0.168414,2.6808028
0.168416,2.6808028
0.168418,2.6808028
0.16842,2.6808028
0.168422,2.6808028
0.168424,2.6808028
0.16842599,2.6808028
0.168428,2.6808028
0.16843,2.6808028
0.168432,2.6808028
0.168434,2.6808028
0.168436,2.6808028
0.168438,2.6808028
0.16844,2.6808028
0.168442,1.5250192
0.168444,1.4325566
0.168446,1.4325566
0.168448,1.4325566
0.16845,1.4325566
0.168452,1.4325566
0.168454,1.4325566
0.168456,1.4325566
0.168458,1.4325566
0.16846,1.4325566
0.168462,1.4325566
0.168464,1.4325566
0.168466,1.4325566
0.168468,1.4325566
0.16847,1.4325566
0.168472,1.4325566
0.168474,1.4325566
0.168476,1.4325566
0.168478,1.4325566
0.16848,1.4325566
0.168482,1.4325566
0.168484,1.3863249
0.168486,1.3863249
0.168488,1.3863249
0.16849,1.3863249
0.168492,1.3863249
0.168494,1.3863249
0.168496,1.3863249
0.168498,1.3863249
0.1685,1.3863249
0.168502,1.3863249
0.168504,1.3863249
0.168506,1.3863249
0.168508,1.3863249
0.16851,1.3863249
0.168512,1.3863249
0.168514,1.3863249
0.168516,1.3863249
0.168518,1.3863249
0.16852,1.3863249
0.168522,1.3863249
0.168524,1.3863249
0.168526,1.3863249
0.168528,1.3863249
0.16853,1.3863249
0.168532,1.3863249
0.168534,1.3863249
0.16853599,1.3863249
0.168538,1.3863249
0.16854,1.3863249
0.168542,1.3863249
0.168544,1.3863249
0.168546,1.3863249
0.168548,1.3863249
0.16855,1.3863249
0.168552,1.3863249
0.168554,1.3863249
0.168556,1.3863249
0.168558,1.3863249
0.16856,1.3863249
0.168562,1.3863249
0.168564,1.3863249
0.168566,1.3863249
0.168568,1.3863249
0.16857,1.3863249
0.168572,1.3863249
0.168574,1.3863249
0.168576,1.3863249
0.168578,1.3863249
0.16858,1.3863249
0.16858199,1.3863249
0.168584,1.3863249
0.168586,1.3863249
0.168588,1.3863249
0.16859,1.3863249
0.168592,1.3863249
0.168594,1.3863249
0.168596,1.3863249
0.168598,1.3863249
0.1686,1.3863249
0.168602,1.3863249
0.168604,1.3863249
0.168606,1.3863249
0.168608,1.3863249
0.16861,1.3863249
0.168612,1.3863249
0.168614,1.3863249
0.168616,1.3863249
0.168618,1.3863249
0.16862,1.3863249
0.168622,1.3863249
0.168624,1.3863249
0.168626,1.3863249
0.16862799,1.3863249
0.16863,1.3863249
0.168632,1.3863249
0.168634,1.3863249
0.168636,1.3863249
0.168638,1.3863249
0.16864,1.3863249
0.168642,1.3863249
0.168644,1.3863249
0.168646,1.3863249
0.168648,1.3863249
0.16865,1.3863249
0.168652,1.3863249
0.168654,1.3863249
0.168656,1.3863249
0.168658,1.3863249
0.16866,1.3863249
0.168662,1.3863249
0.168664,1.3863249
0.168666,1.3863249
0.168668,1.3863249
0.16867,1.3863249
0.168672,1.3863249
0.16867399,1.3863249
0.168676,1.3863249
0.168678,1.3863249
0.16868,1.3863249
0.168682,1.3863249
0.168684,1.3863249
0.168686,1.3863249
0.168688,1.3863249
0.16869,1.3863249
0.168692,1.3863249
0.168694,1.3863249
0.168696,1.3863249
0.168698,1.3863249
0.1687,1.3863249
0.168702,1.3863249
0.168704,1.3863249
0.168706,1.3863249
0.168708,1.3863249
0.16871,1.3863249
0.168712,1.3863249
0.168714,1.3863249
0.168716,1.3863249
0.168718,1.3863249
0.16872,1.3863249
0.168722,1.3863249
0.168724,1.3863249
0.168726,1.3863249
0.168728,1.3863249
0.16873,1.3863249
0.168732,1.3863249
0.168734,1.3863249
0.168736,1.3863249
0.168738,1.3863249
0.16874,1.3863249
0.168742,1.3863249
0.168744,1.3863249
0.168746,1.3863249
0.168748,1.3863249
0.16875,1.3863249
0.168752,1.3863249
0.168754,1.3863249
0.168756,1.3863249
0.168758,1.3863249
0.16876,1.3863249
0.168762,1.3863249
0.168764,1.3863249
0.168766,1.3863249
0.168768,1.3863249
0.16877,1.3863249
0.168772,1.3863249
0.168774,1.3863249
0.168776,1.3863249
0.168778,1.3863249
0.16878,1.3863249
0.168782,1.3863249
0.16878399,1.3863249
0.168786,1.3863249
0.168788,1.3863249
0.16879,1.3863249
0.168792,1.3863249
0.168794,1.3863249
0.168796,1.3863249
0.168798,1.3863249
0.1688,1.3863249
0.168802,1.3863249
0.168804,1.3863249
0.168806,1.3863249
0.168808,1.3863249
0.16881,1.3863249
0.168812,1.3863249
0.168814,1.3863249
0.168816,1.3863249
0.168818,1.3863249
0.16882,1.3863249
0.168822,0.7390857
0.168824,0.184309
0.168826,0.13807821
0.168828,0.13807821
0.16882999,0.13807821
0.168832,0.13807821
0.168834,0.13807821
0.168836,0.13807821
0.168838,0.13807821
0.16884,0.13807821
0.168842,0.13807821
0.168844,0.13807821
0.168846,0.13807821
0.168848,0.091846466
0.16885,0.091846466
0.168852,0.091846466
0.168854,0.091846466
0.168856,0.091846466
0.168858,0.091846466
0.16886,0.091846466
0.168862,0.091846466
0.168864,0.091846466
0.168866,0.091846466
0.168868,0.091846466
0.16887,0.091846466
0.168872,0.091846466
0.168874,0.091846466
0.16887599,0.091846466
0.168878,0.091846466
0.16888,0.091846466
0.168882,0.091846466
0.168884,0.091846466
0.168886,0.091846466
0.168888,0.091846466
0.16889,0.091846466
0.168892,0.091846466
0.168894,0.091846466
0.168896,0.091846466
0.168898,0.091846466
0.1689,0.091846466
0.168902,0.091846466
0.168904,0.091846466
0.168906,0.091846466
0.168908,0.091846466
0.16891,0.091846466
0.168912,0.091846466
0.168914,0.091846466
0.168916,0.091846466
0.168918,0.091846466
0.16892,0.091846466
0.16892199,0.091846466
0.168924,0.091846466
0.168926,0.091846466
0.168928,0.091846466
0.16893,0.091846466
0.168932,0.091846466
0.168934,0.091846466
0.168936,0.091846466
0.168938,0.091846466
0.16894,0.091846466
0.168942,0.091846466
0.168944,0.091846466
0.168946,0.091846466
0.168948,0.091846466
0.16895,0.091846466
0.168952,0.091846466
0.168954,0.091846466
0.168956,0.091846466
0.168958,0.091846466
0.16896,0.091846466
0.168962,0.091846466
0.168964,0.091846466
0.168966,0.091846466
0.168968,0.091846466
0.16897,0.091846466
0.168972,0.091846466
0.168974,0.091846466
0.168976,0.091846466
0.168978,0.091846466
0.16898,0.091846466
0.168982,0.091846466
0.168984,0.091846466
0.168986,0.091846466
0.168988,0.091846466
0.16899,0.091846466
0.168992,0.091846466
0.168994,0.091846466
0.168996,0.091846466
0.168998,0.091846466
0.169,0.091846466
0.169002,0.091846466
0.169004,0.091846466
0.169006,0.091846466
0.169008,0.091846466
0.16901,0.091846466
0.169012,0.091846466
0.169014,0.091846466
0.169016,0.091846466
0.169018,0.091846466
0.16902,0.091846466
0.169022,0.091846466
0.169024,0.091846466
0.169026,0.091846466
0.169028,0.091846466
0.16903,0.091846466
0.169032,0.091846466
0.169034,0.091846466
0.169036,0.091846466
0.169038,0.091846466
0.16904,0.091846466
0.169042,0.091846466
0.169044,0.091846466
0.169046,0.091846466
0.169048,0.091846466
0.16905,0.091846466
0.169052,0.091846466
0.169054,0.091846466
0.169056,0.091846466
0.169058,0.091846466
0.16906,0.091846466
0.169062,0.091846466
0.169064,0.091846466
0.169066,0.091846466
0.169068,0.091846466
0.16907,0.091846466
0.169072,0.091846466
0.169074,0.091846466
0.169076,0.091846466
0.16907799,0.091846466
0.16908,0.091846466
0.169082,0.091846466
0.169084,0.091846466
0.169086,0.091846466
0.169088,0.091846466
0.16909,0.091846466
0.169092,0.091846466
0.169094,0.091846466
0.169096,0.091846466
0.169098,0.091846466
0.1691,0.091846466
0.169102,0.091846466
0.169104,0.091846466
0.169106,0.091846466
0.169108,0.091846466
0.16911,0.091846466
0.169112,0.091846466
0.169114,0.091846466
0.169116,0.091846466
0.169118,0.091846466
0.16912,0.091846466
0.169122,0.091846466
0.16912399,0.091846466
0.169126,0.091846466
0.169128,0.091846466
0.16913,0.091846466
0.169132,0.091846466
0.169134,0.091846466
0.169136,0.091846466
0.169138,0.091846466
0.16914,0.091846466
0.169142,0.091846466
0.169144,0.091846466
0.169146,0.091846466
0.169148,0.091846466
0.16915,0.091846466
0.169152,0.091846466
0.169154,0.091846466
0.169156,0.091846466
0.169158,0.091846466
0.16916,0.091846466
0.169162,0.091846466
0.169164,0.091846466
0.169166,0.091846466
0.169168,0.091846466
0.16916999,0.091846466
0.169172,0.091846466
0.169174,0.091846466
0.169176,0.091846466
0.169178,0.091846466
0.16918,0.091846466
0.169182,0.091846466
0.169184,0.091846466
0.169186,0.091846466
0.169188,0.091846466
0.16919,0.091846466
0.169192,0.091846466
0.169194,0.091846466
0.169196,0.091846466
0.169198,0.091846466
0.1692,0.091846466
0.169202,0.091846466
0.169204,0.091846466
0.169206,0.091846466
0.169208,0.091846466
0.16921,0.091846466
0.169212,0.091846466
0.169214,0.091846466
0.169216,0.091846466
0.169218,0.091846466
0.16922,0.091846466
0.169222,0.091846466
0.169224,0.091846466
0.169226,0.091846466
0.169228,0.091846466
0.16923,0.091846466
0.169232,0.091846466
0.169234,0.091846466
0.169236,0.091846466
0.169238,0.091846466
0.16924,0.091846466
0.169242,0.091846466
0.169244,0.091846466
0.169246,0.091846466
0.169248,0.091846466
0.16925,0.091846466
0.169252,0.091846466
0.169254,0.091846466
0.169256,0.091846466
0.169258,0.091846466
0.16926,0.091846466
0.169262,0.091846466
0.169264,0.091846466
0.169266,0.091846466
0.169268,0.091846466
0.16927,0.091846466
0.169272,0.091846466
0.169274,0.091846466
0.169276,0.091846466
0.169278,0.091846466
0.16928,0.091846466
0.169282,0.091846466
0.169284,0.091846466
0.169286,0.091846466
0.169288,0.091846466
0.16929,0.091846466
0.169292,0.091846466
0.169294,0.091846466
0.169296,0.091846466
0.169298,0.091846466
0.1693,0.091846466
0.169302,0.091846466
0.169304,0.091846466
0.169306,0.091846466
0.169308,0.091846466
0.16931,0.091846466
0.169312,0.091846466
0.169314,0.091846466
0.169316,0.091846466
0.169318,0.091846466
0.16932,0.091846466
0.169322,0.091846466
0.169324,0.091846466
0.16932599,0.091846466
0.169328,0.091846466
0.16933,0.091846466
0.169332,0.091846466
0.169334,0.091846466
0.169336,0.091846466
0.169338,0.091846466
0.16934,0.091846466
0.169342,0.091846466
0.169344,0.091846466
0.169346,0.091846466
0.169348,0.091846466
0.16935,0.091846466
0.169352,0.091846466
0.169354,0.091846466
0.169356,0.091846466
0.169358,0.091846466
0.16936,0.091846466
0.169362,0.091846466
0.169364,0.091846466
0.169366,0.091846466
0.169368,0.091846466
0.16937,0.091846466
0.16937199,0.091846466
0.169374,0.091846466
0.169376,0.091846466
0.169378,0.091846466
0.16938,0.091846466
0.169382,0.091846466
0.169384,0.091846466
0.169386,0.091846466
0.169388,0.091846466
0.16939,0.091846466
0.169392,0.091846466
0.169394,0.091846466
0.169396,0.091846466
0.169398,0.091846466
0.1694,0.091846466
0.169402,0.091846466
0.169404,0.091846466
0.169406,0.091846466
0.169408,0.091846466
0.16941,0.091846466
0.169412,0.091846466
0.169414,0.091846466
0.169416,0.091846466
0.16941799,0.091846466
0.16942,0.091846466
0.169422,0.091846466
0.169424,0.091846466
0.169426,0.091846466
0.169428,0.091846466
0.16943,0.091846466
0.169432,0.091846466
0.169434,0.091846466
0.169436,0.091846466
0.169438,0.091846466
0.16944,0.091846466
0.169442,0.091846466
0.169444,0.091846466
0.169446,0.091846466
0.169448,0.091846466
0.16945,0.091846466
0.169452,0.091846466
0.169454,0.091846466
0.169456,0.091846466
0.169458,0.091846466
0.16946,0.091846466
0.169462,0.091846466
0.169464,0.091846466
0.169466,0.091846466
0.169468,0.091846466
0.16947,0.091846466
0.169472,0.091846466
0.169474,0.091846466
0.169476,0.091846466
0.169478,0.091846466
0.16948,0.091846466
0.169482,0.091846466
0.169484,0.091846466
0.169486,0.091846466
0.169488,0.091846466
0.16949,0.091846466
0.169492,0.091846466
0.169494,0.091846466
0.169496,0.091846466
0.169498,0.091846466
0.1695,0.091846466
0.169502,0.091846466
0.169504,0.091846466
0.169506,0.091846466
0.169508,0.091846466
0.16951,0.091846466
0.169512,0.091846466
0.169514,0.091846466
0.169516,0.091846466
0.169518,0.091846466
0.16952,0.091846466
0.169522,0.091846466
0.169524,0.091846466
0.169526,0.091846466
0.169528,0.091846466
0.16953,0.091846466
0.169532,0.091846466
0.169534,0.091846466
0.169536,0.091846466
0.169538,0.091846466
0.16954,0.091846466
0.169542,0.091846466
0.169544,0.091846466
0.169546,0.091846466
0.169548,0.091846466
0.16955,0.091846466
0.169552,0.091846466
0.169554,0.091846466
0.169556,0.091846466
0.169558,0.091846466
0.16956,0.091846466
0.169562,0.091846466
0.169564,0.091846466
0.169566,0.091846466
0.169568,0.091846466
0.16957,0.091846466
0.169572,0.091846466
0.16957399,0.091846466
0.169576,0.091846466
0.169578,0.091846466
0.16958,0.091846466
0.169582,0.091846466
0.169584,0.091846466
0.169586,0.091846466
0.169588,0.091846466
0.16959,0.091846466
0.169592,0.091846466
0.169594,0.091846466
0.169596,0.091846466
0.169598,0.091846466
0.1696,0.091846466
0.169602,0.091846466
0.169604,0.091846466
0.169606,0.091846466
0.169608,0.091846466
0.16961,0.091846466
0.169612,0.091846466
0.169614,0.091846466
0.169616,0.091846466
0.169618,0.091846466
0.16961999,0.091846466
0.169622,0.091846466
0.169624,0.091846466
0.169626,0.091846466
0.169628,0.091846466
0.16963,0.091846466
0.169632,0.091846466
0.169634,0.091846466
0.169636,0.091846466
0.169638,0.045615196
0.16964,1.3400936
0.169642,1.3400936
0.169644,1.3863249
0.169646,1.3863249
0.169648,1.3863249
0.16965,1.3863249
0.169652,1.3863249
0.169654,1.3863249
0.169656,1.3863249
0.169658,1.3863249
0.16966,1.3863249
0.169662,1.3863249
0.169664,1.3863249
0.16966599,1.3863249
0.169668,1.3863249
0.16967,1.3863249
0.169672,1.3863249
0.169674,1.3863249
0.169676,1.3863249
0.169678,1.3863249
0.16968,1.3863249
0.169682,1.3863249
0.169684,1.3863249
0.169686,1.3863249
0.169688,1.3863249
0.16969,1.3863249
0.169692,1.3863249
0.169694,1.3863249
0.169696,1.3863249
0.169698,1.3863249
0.1697,1.3863249
0.169702,1.3863249
0.169704,1.3863249
0.169706,1.3863249
0.169708,1.3863249
0.16971,1.3863249
0.16971199,1.3863249
0.169714,1.3863249
0.169716,1.3863249
0.169718,1.3863249
0.16972,1.3863249
0.169722,1.3863249
0.169724,1.3863249
0.169726,1.3863249
0.169728,1.3863249
0.16973,1.3863249
0.169732,1.3863249
0.169734,1.3863249
0.169736,1.3863249
0.169738,1.3863249
0.16974,1.3863249
0.169742,1.3863249
0.169744,1.3863249
0.169746,1.3863249
0.169748,1.3863249
0.16975,1.3863249
0.169752,1.3863249
0.169754,1.3863249
0.169756,1.3863249
0.169758,1.3863249
0.16976,1.3863249
0.169762,1.3863249
0.169764,1.3863249
0.169766,1.3863249
0.169768,1.3863249
0.16977,1.3863249
0.169772,1.3863249
0.169774,1.3863249
0.169776,1.3863249
0.169778,1.3863249
0.16978,1.3863249
0.169782,1.3863249
0.169784,1.3863249
0.169786,1.3863249
0.169788,1.3863249
0.16979,1.3863249
0.169792,1.3863249
0.169794,1.3863249
0.169796,1.3863249
0.169798,1.3863249
0.1698,1.3863249
0.169802,1.3863249
0.169804,1.3863249
0.169806,1.3863249
0.169808,1.3863249
0.16981,1.3863249
0.169812,1.3863249
0.169814,1.3863249
0.169816,1.3863249
0.169818,1.3863249
0.16982,1.3863249
0.16982199,1.3863249
0.169824,1.3863249
0.169826,1.3863249
0.169828,1.3863249
0.16983,1.3863249
0.169832,1.3863249
0.169834,1.3863249
0.169836,1.3863249
0.169838,1.3863249
0.16984,1.3863249
0.169842,1.3863249
0.169844,1.3863249
0.169846,1.3863249
0.169848,1.3863249
0.16985,1.3863249
0.169852,1.3863249
0.169854,1.3863249
0.169856,1.3863249
0.169858,1.3863249
0.16986,1.3863249
0.169862,1.3863249
0.169864,1.3863249
0.169866,1.3863249
0.16986799,1.3863249
0.16987,1.3863249
0.169872,1.3863249
0.169874,1.3863249
0.169876,1.3863249
0.169878,1.3863249
0.16988,1.3863249
0.169882,1.3863249
0.169884,1.3863249
0.169886,1.3863249
0.169888,1.3863249
0.16989,1.3863249
0.169892,1.3863249
0.169894,1.3863249
0.169896,1.3863249
0.169898,1.3863249
0.1699,1.3863249
0.169902,1.3863249
0.169904,1.3863249
0.169906,1.3863249
0.169908,1.3863249
0.16991,1.3863249
0.169912,1.3863249
0.16991399,1.3863249
0.169916,1.3863249
0.169918,1.3863249
0.16992,1.3863249
0.169922,1.3863249
0.169924,1.3863249
0.169926,1.3863249
0.169928,1.3863249
0.16993,1.3863249
0.169932,1.3863249
0.169934,1.3863249
0.169936,1.3863249
0.169938,1.3863249
0.16994,1.3863249
0.169942,1.3863249
0.169944,1.3863249
0.169946,1.3863249
0.169948,1.3863249
0.16995,1.3863249
0.169952,1.3863249
0.169954,1.3863249
0.169956,1.3863249
0.169958,1.3863249
0.16995999,1.3863249
0.169962,1.3863249
0.169964,1.3863249
0.169966,1.3863249
0.169968,1.3863249
0.16997,1.3863249
0.169972,1.3863249
0.169974,1.3863249
0.169976,1.3863249
0.169978,1.3863249
0.16998,1.3863249
0.169982,1.3863249
0.169984,1.3863249
0.169986,1.3863249
0.169988,1.3863249
0.16999,1.3863249
0.169992,1.6637135
0.169994,2.5883412
0.169996,2.6345725
0.169998,2.6345725
0.17,2.6345725
0.170002,2.6345725
0.170004,2.6345725
0.170006,2.6345725
0.170008,2.6345725
0.17001,2.6808028
0.170012,2.6808028
0.170014,2.6808028
0.170016,2.6808028
0.170018,2.6808028
0.17002,2.6808028
0.170022,2.6808028
0.170024,2.6808028
0.170026,2.6808028
0.170028,2.6808028
0.17003,2.6808028
0.170032,2.6808028
0.170034,2.6808028
0.170036,2.6808028
0.170038,2.6808028
0.17004,2.6808028
0.170042,2.6808028
0.170044,2.6808028
0.170046,2.6808028
0.170048,2.6808028
0.17005,2.6808028
0.170052,2.6808028
0.170054,2.6808028
0.170056,2.6808028
0.170058,2.6808028
0.17006,2.6808028
0.170062,2.6808028
0.170064,2.6808028
0.170066,2.6808028
0.170068,2.6808028
0.17006999,2.6808028
0.170072,2.6808028
0.170074,2.6808028
0.170076,2.6808028
0.170078,2.6808028
0.17008,2.6808028
0.170082,2.6808028
0.170084,2.6808028
0.170086,2.6808028
0.170088,2.6808028
0.17009,2.6808028
0.170092,2.6808028
0.170094,2.6808028
0.170096,2.6808028
0.170098,2.6808028
0.1701,2.6808028
0.170102,2.6808028
0.170104,2.6808028
0.170106,2.6808028
0.170108,2.6808028
0.17011,2.6808028
0.170112,2.6808028
0.170114,2.6808028
0.17011599,2.6808028
0.170118,2.6808028
0.17012,2.6808028
0.170122,2.6808028
0.170124,2.6808028
0.170126,2.6808028
0.170128,2.6808028
0.17013,2.6808028
0.170132,2.6808028
0.170134,2.6808028
0.170136,2.6808028
0.170138,2.6808028
0.17014,2.6808028
0.170142,2.6808028
0.170144,2.6808028
0.170146,2.6808028
0.170148,2.6808028
0.17015,2.6808028
0.170152,2.6808028
0.170154,2.6808028
0.170156,2.6808028
0.170158,2.6808028
0.17016,2.6808028
0.17016199,2.6808028
0.170164,2.6808028
0.170166,2.6808028
0.170168,2.6808028
0.17017,2.6808028
0.170172,2.6808028
0.170174,2.6808028
0.170176,2.6808028
0.170178,2.6808028
0.17018,2.6808028
0.170182,2.6808028
0.170184,2.6808028
0.170186,2.6808028
0.170188,2.6808028
0.17019,2.6808028
0.170192,2.6808028
0.170194,2.6808028
0.170196,2.6808028
0.170198,2.6808028
0.1702,2.6808028
0.170202,2.6808028
0.170204,2.6808028
0.170206,2.6808028
0.17020799,2.6808028
0.17021,2.6808028
0.170212,2.6808028
0.170214,2.6808028
0.170216,2.6808028
0.170218,2.6808028
0.17022,2.6808028
0.170222,2.6808028
0.170224,2.6808028
0.170226,2.6808028
0.170228,2.6808028
0.17023,2.6808028
0.170232,2.6808028
0.170234,2.6808028
0.170236,2.6808028
0.170238,2.6808028
0.17024,2.6808028
0.170242,2.6808028
0.170244,2.6808028
0.170246,2.6808028
0.170248,2.6808028
0.17025,2.6808028
0.170252,2.6808028
0.170254,2.6808028
0.170256,2.6808028
0.170258,2.6808028
0.17026,2.6808028
0.170262,2.6808028
0.170264,2.6808028
0.170266,2.6808028
0.170268,2.6808028
0.17027,2.6808028
0.170272,2.6808028
0.170274,2.6808028
0.170276,2.6808028
0.170278,2.6808028
0.17028,2.6808028
0.170282,2.6808028
0.170284,2.6808028
0.170286,2.6808028
0.170288,2.6808028
0.17029,2.6808028
0.170292,2.6808028
0.170294,2.6808028
0.170296,2.6808028
0.170298,2.6808028
0.1703,2.6808028
0.170302,2.6808028
0.170304,2.6808028
0.170306,2.6808028
0.170308,2.6808028
0.17031,2.6808028
0.170312,2.6808028
0.170314,2.6808028
0.170316,2.6808028
0.170318,2.6808028
0.17032,3.8365874
0.170322,3.92905
0.170324,3.92905
0.170326,3.92905
0.170328,3.9752812
0.17033,3.9752812
0.170332,3.9752812
0.170334,3.9752812
0.170336,3.9752812
0.170338,3.9752812
0.17034,3.9752812
0.170342,3.9752812
0.170344,3.9752812
0.170346,3.9752812
0.170348,3.9752812
0.17035,3.9752812
0.170352,3.9752812
0.170354,3.9752812
0.170356,3.9752812
0.170358,3.9752812
0.17036,3.9752812
0.170362,3.9752812
0.17036399,3.9752812
0.170366,3.9752812
0.170368,3.9752812
0.17037,3.9752812
0.170372,3.9752812
0.170374,3.9752812
0.170376,3.9752812
0.170378,3.9752812
0.17038,3.9752812
0.170382,3.9752812
0.170384,3.9752812
0.170386,3.9752812
0.170388,3.9752812
0.17039,3.9752812
0.170392,3.9752812
0.170394,3.9752812
0.170396,3.9752812
0.170398,3.9752812
0.1704,3.9752812
0.170402,3.9752812
0.170404,3.9752812
0.170406,3.9752812
0.170408,3.9752812
0.17040999,3.9752812
0.170412,3.9752812
0.170414,3.9752812
0.170416,3.9752812
0.170418,3.9752812
0.17042,3.9752812
0.170422,3.9752812
0.170424,3.9752812
0.170426,3.9752812
0.170428,3.9752812
0.17043,3.9752812
0.170432,3.9752812
0.170434,3.9752812
0.170436,3.9752812
0.170438,3.9752812
0.17044,3.9752812
0.170442,3.9752812
0.170444,3.9752812
0.170446,3.9752812
0.170448,3.9752812
0.17045,3.9752812
0.170452,3.9752812
0.170454,3.9752812
0.17045599,3.9752812
0.170458,3.9752812
0.17046,3.9752812
0.170462,3.9752812
0.170464,3.9752812
0.170466,3.9752812
0.170468,3.9752812
0.17047,3.9752812
0.170472,3.9752812
0.170474,3.9752812
0.170476,3.9752812
0.170478,3.9752812
0.17048,3.9752812
0.170482,3.9752812
0.170484,3.9752812
0.170486,3.9752812
0.170488,3.9752812
0.17049,3.9752812
0.170492,3.9752812
0.170494,3.9752812
0.170496,3.9752812
0.170498,3.9752812
0.1705,3.9752812
0.170502,3.9752812
0.170504,3.9752812
0.170506,3.9752812
0.170508,3.9752812
0.17051,3.9752812
0.170512,3.9752812
0.170514,3.9752812
0.170516,3.9752812
0.170518,3.9752812
0.17052,3.9752812
0.170522,3.9752812
0.170524,3.9752812
0.170526,3.9752812
0.170528,3.9752812
0.17053,3.9752812
0.170532,3.9752812
0.170534,3.9752812
0.170536,3.9752812
0.170538,3.9752812
0.17054,3.9752812
0.170542,3.9752812
0.170544,3.9752812
0.170546,3.9752812
0.170548,3.9752812
0.17055,3.9752812
0.170552,3.9752812
0.170554,3.9752812
0.170556,3.9752812
0.170558,3.9752812
0.17056,3.9752812
0.170562,3.9752812
0.170564,3.9752812
0.170566,3.9752812
0.170568,3.9752812
0.17057,3.9752812
0.170572,3.9752812
0.170574,3.9752812
0.170576,3.9752812
0.170578,3.9752812
0.17058,3.9752812
0.170582,3.9752812
0.170584,3.9752812
0.170586,3.9752812
0.170588,3.9752812
0.17059,3.9752812
0.170592,3.9752812
0.170594,3.9752812
0.170596,3.9752812
0.170598,3.9752812
0.1706,3.9752812
0.170602,3.9752812
0.170604,3.9752812
0.170606,3.9752812
0.170608,3.9752812
0.17061,3.9752812
0.17061199,3.9752812
0.170614,3.9752812
0.170616,3.9752812
0.170618,3.9752812
0.17062,3.9752812
0.170622,3.9752812
0.170624,3.9752812
0.170626,3.9752812
0.170628,3.9752812
0.17063,3.9752812
0.170632,3.9752812
0.170634,3.9752812
0.170636,3.9752812
0.170638,3.9752812
0.17064,3.9752812
0.170642,3.9752812
0.170644,3.9752812
0.170646,3.9752812
0.170648,3.9752812
0.17065,3.9752812
0.170652,3.9752812
0.170654,3.9752812
0.170656,3.9752812
0.17065799,3.9752812
0.17066,3.9752812
0.170662,3.9752812
0.170664,3.9752812
0.170666,3.9752812
0.170668,3.9752812
0.17067,3.9752812
0.170672,3.9752812
0.170674,3.9752812
0.170676,3.9752812
0.170678,3.9752812
0.17068,3.9752812
0.170682,3.9752812
0.170684,3.9752812
0.170686,3.9752812
0.170688,3.9752812
0.17069,3.9752812
0.170692,3.9752812
0.170694,3.9752812
0.170696,3.9752812
0.170698,3.9752812
0.1707,3.9752812
0.170702,3.9752812
0.17070399,3.9752812
0.170706,3.9752812
0.170708,3.9752812
0.17071,3.9752812
0.170712,3.9752812
0.170714,3.9752812
0.170716,3.9752812
0.170718,3.9752812
0.17072,3.9752812
0.170722,3.9752812
0.170724,3.9752812
0.170726,3.9752812
0.170728,3.9752812
0.17073,3.9752812
0.170732,3.9752812
0.170734,3.9752812
0.170736,3.9752812
0.170738,3.9752812
0.17074,3.9752812
0.170742,3.9752812
0.170744,3.9752812
0.170746,3.9752812
0.170748,3.9752812
0.17074999,3.9752812
0.170752,3.9752812
0.170754,3.9752812
0.170756,3.9752812
0.170758,3.9752812
0.17076,3.9752812
0.170762,3.9752812
0.170764,3.9752812
0.170766,3.9752812
0.170768,3.9752812
0.17077,3.9752812
0.170772,3.9752812
0.170774,3.9752812
0.170776,3.9752812
0.170778,3.9752812
0.17078,3.9752812
0.170782,3.9752812
0.170784,3.9752812
0.170786,3.9752812
0.170788,3.9752812
0.17079,3.9752812
0.170792,3.9752812
0.170794,3.9752812
0.170796,3.9752812
0.170798,3.9752812
0.1708,3.9752812
0.170802,3.9752812
0.170804,3.9752812
0.170806,3.9752812
0.170808,3.9752812
0.17081,3.9752812
0.170812,3.9752812
0.170814,3.9752812
0.170816,3.9752812
0.170818,3.9752812
0.17082,3.9752812
0.170822,3.9752812
0.170824,3.9752812
0.170826,3.9752812
0.170828,3.9752812
0.17083,3.9752812
0.170832,3.9752812
0.170834,3.9752812
0.170836,3.9752812
0.170838,3.9752812
0.17084,3.9752812
0.170842,3.9752812
0.170844,3.9752812
0.170846,3.9752812
0.170848,3.9752812
0.17085,3.9752812
0.170852,3.9752812
0.170854,3.9752812
0.170856,3.9752812
0.170858,3.9752812
0.17085999,3.9752812
0.170862,3.9752812
0.170864,3.9752812
0.170866,3.9752812
0.170868,3.9752812
0.17087,3.9752812
0.170872,3.9752812
0.170874,3.9752812
0.170876,3.9752812
0.170878,3.9752812
0.17088,3.9752812
0.170882,3.9752812
0.170884,3.9752812
0.170886,3.9752812
0.170888,3.9752812
0.17089,3.9752812
0.170892,3.9752812
0.170894,3.9752812
0.170896,3.9752812
0.170898,3.9752812
0.1709,3.9752812
0.170902,3.9752812
0.170904,3.9752812
0.17090599,3.9752812
0.170908,3.9752812
0.17091,3.9752812
0.170912,3.9752812
0.170914,3.9752812
0.170916,3.9752812
0.170918,3.9752812
0.17092,3.9752812
0.170922,3.9752812
0.170924,3.9752812
0.170926,3.9752812
0.170928,3.9752812
0.17093,3.9752812
0.170932,3.9752812
0.170934,3.9752812
0.170936,3.9752812
0.170938,3.9752812
0.17094,3.9752812
0.170942,3.9752812
0.170944,3.9752812
0.170946,3.9752812
0.170948,3.9752812
0.17095,3.9752812
0.17095199,3.9752812
0.170954,3.9752812
0.170956,3.9752812
0.170958,3.9752812
0.17096,3.9752812
0.170962,3.9752812
0.170964,3.9752812
0.170966,3.9752812
0.170968,3.9752812
0.17097,3.9752812
0.170972,3.9752812
0.170974,3.9752812
0.170976,3.9752812
0.170978,3.9752812
0.17098,3.9752812
0.170982,3.9752812
0.170984,3.9752812
0.170986,3.9752812
0.170988,3.9752812
0.17099,3.9752812
0.170992,3.9752812
0.170994,3.9752812
0.170996,3.9752812
0.17099799,3.9752812
0.171,3.9752812
0.171002,3.9752812
0.171004,3.9752812
0.171006,3.9752812
0.171008,3.9752812
0.17101,3.9752812
0.171012,3.9752812
0.171014,3.9752812
0.171016,3.9752812
0.171018,3.9752812
0.17102,3.9752812
0.171022,3.9752812
0.171024,3.9752812
0.171026,3.9752812
0.171028,3.9752812
0.17103,3.9752812
0.171032,3.9752812
0.171034,3.9752812
0.171036,3.9752812
0.171038,3.9752812
0.17104,3.9752812
0.171042,3.9752812
0.171044,3.9752812
0.171046,3.9752812
0.171048,3.9752812
0.17105,3.9752812
0.171052,3.9752812
0.171054,3.9752812
0.171056,3.9752812
0.171058,3.9752812
0.17106,3.9752812
0.171062,3.9752812
0.171064,3.9752812
0.171066,3.9752812
0.171068,3.9752812
0.17107,3.9752812
0.171072,3.9752812
0.171074,3.9752812
0.171076,3.9752812
0.171078,3.9752812
0.17108,3.9752812
0.171082,3.9752812
0.171084,3.9752812
0.171086,3.9752812
0.171088,3.9752812
0.17109,3.9752812
0.171092,3.9752812
0.171094,3.9752812
0.171096,3.9752812
0.171098,3.9752812
0.1711,3.9752812
0.171102,3.9752812
0.171104,3.9752812
0.171106,3.9752812
0.17110799,3.9752812
0.17111,3.9752812
0.171112,3.9752812
0.171114,3.9752812
0.171116,3.9752812
0.171118,3.9752812
0.17112,3.9752812
0.171122,3.9752812
0.171124,3.9752812
0.171126,3.9752812
0.171128,3.9752812
0.17113,3.9752812
0.171132,3.9752812
0.171134,3.9752812
0.171136,3.9752812
0.171138,3.9752812
0.17114,3.9752812
0.171142,3.9752812
0.171144,3.9752812
0.171146,3.9752812
0.171148,3.9752812
0.17115,3.9752812
0.171152,3.9752812
0.17115399,3.9752812
0.171156,3.9752812
0.171158,3.9752812
0.17116,3.9752812
0.171162,3.9752812
0.171164,3.9752812
0.171166,3.9752812
0.171168,3.9752812
0.17117,3.9752812
0.171172,3.9752812
0.171174,3.9752812
0.171176,3.9752812
0.171178,3.9752812
0.17118,3.9752812
0.171182,3.9752812
0.171184,3.9752812
0.171186,3.9752812
0.171188,3.9752812
0.17119,3.9752812
0.171192,3.9752812
0.171194,3.9752812
0.171196,3.9752812
0.171198,3.9752812
0.17119999,3.9752812
0.171202,3.9752812
0.171204,3.9752812
0.171206,3.9752812
0.171208,3.9752812
0.17121,3.9752812
0.171212,3.9752812
0.171214,3.9752812
0.171216,3.9752812
0.171218,3.9752812
0.17122,3.9752812
0.171222,3.9752812
0.171224,3.9752812
0.171226,3.9752812
0.171228,3.9752812
0.17123,3.9752812
0.171232,3.9752812
0.171234,3.9752812
0.171236,3.9752812
0.171238,3.9752812
0.17124,3.9752812
0.171242,3.9752812
0.171244,3.9752812
0.17124599,3.9752812
0.171248,3.9752812
0.17125,3.9752812
0.171252,3.9752812
0.171254,3.9752812
0.171256,3.9752812
0.171258,3.9752812
0.17126,3.9752812
0.171262,3.9752812
0.171264,3.9752812
0.171266,3.9752812
0.171268,3.9752812
0.17127,3.9752812
0.171272,3.9752812
0.171274,3.9752812
0.171276,3.9752812
0.171278,3.9752812
0.17128,3.9752812
0.171282,3.9752812
0.171284,3.9752812
0.171286,3.9752812
0.171288,3.9752812
0.17129,3.9752812
0.171292,3.9752812
0.171294,3.9752812
0.171296,3.9752812
0.171298,3.9752812
0.1713,3.9752812
0.171302,3.9752812
0.171304,3.9752812
0.171306,3.9752812
0.171308,3.9752812
0.17131,3.9752812
0.171312,3.9752812
0.171314,3.9752812
0.171316,3.9752812
0.171318,3.9752812
0.17132,3.9752812
0.171322,3.9752812
0.171324,3.9752812
0.171326,3.9752812
0.171328,3.9752812
0.17133,3.9752812
0.171332,3.9752812
0.171334,3.9752812
0.171336,3.9752812
0.171338,3.9752812
0.17134,3.9752812
0.171342,3.9752812
0.171344,3.9752812
0.171346,3.9752812
0.171348,3.9752812
0.17135,3.9752812
0.171352,3.9752812
0.171354,3.9752812
0.171356,3.9752812
0.171358,3.9752812
0.17136,3.9752812
0.171362,3.9752812
0.171364,3.9752812
0.171366,3.9752812
0.171368,3.9752812
0.17137,3.9752812
0.171372,3.9752812
0.171374,3.9752812
0.171376,3.9752812
0.171378,3.9752812
0.17138,3.9752812
0.171382,3.9752812
0.171384,3.9752812
0.171386,3.9752812
0.171388,3.9752812
0.17139,3.9752812
0.171392,3.9752812
0.171394,3.9752812
0.171396,3.9752812
0.171398,3.9752812
0.1714,3.9752812
0.17140199,3.9752812
0.171404,3.9752812
0.171406,3.9752812
0.171408,3.9752812
0.17141,3.9752812
0.171412,3.9752812
0.171414,3.9752812
0.171416,3.9752812
0.171418,3.9752812
0.17142,3.9752812
0.171422,3.9752812
0.171424,3.9752812
0.171426,3.9752812
0.171428,3.9752812
0.17143,3.9752812
0.171432,3.9752812
0.171434,3.9752812
0.171436,3.9752812
0.171438,3.9752812
0.17144,3.9752812
0.171442,3.9752812
0.171444,3.9752812
0.171446,3.9752812
0.17144799,3.9752812
0.17145,3.9752812
0.171452,3.9752812
0.171454,3.9752812
0.171456,3.9752812
0.171458,3.9752812
0.17146,3.9752812
0.171462,3.1893477
0.171464,2.727035
0.171466,2.727035
0.171468,2.727035
0.17147,2.727035
0.171472,2.727035
0.171474,2.727035
0.171476,2.727035
0.171478,2.727035
0.17148,2.6808028
0.171482,2.6808028
0.171484,2.727035
0.171486,2.6808028
0.171488,2.6808028
0.17149,2.6808028
0.171492,2.6808028
0.17149399,2.6808028
0.171496,2.6808028
0.171498,2.6808028
0.1715,2.6808028
0.171502,2.6808028
0.171504,2.6808028
0.171506,2.6808028
0.171508,2.6808028
0.17151,2.6808028
0.171512,2.6808028
0.171514,2.6808028
0.171516,2.6808028
0.171518,2.6808028
0.17152,2.6808028
0.171522,2.6808028
0.171524,2.6808028
0.171526,2.6808028
0.171528,2.6808028
0.17153,2.6808028
0.171532,2.6808028
0.171534,2.6808028
0.171536,2.6808028
0.171538,2.6808028
0.17154,2.6808028
0.171542,2.6808028
0.171544,2.6808028
0.171546,2.6808028
0.171548,2.6808028
0.17155,2.6808028
0.171552,2.6808028
0.171554,2.6808028
0.171556,2.6808028
0.171558,2.6808028
0.17156,2.6808028
0.171562,2.6808028
0.171564,2.6808028
0.171566,2.6808028
0.171568,2.6808028
0.17157,2.6808028
0.171572,2.6808028
0.171574,2.6808028
0.171576,2.6808028
0.171578,2.6808028
0.17158,2.6808028
0.171582,2.6808028
0.171584,2.6808028
0.171586,2.6808028
0.171588,2.6808028
0.17159,2.6808028
0.171592,2.6808028
0.171594,2.6808028
0.171596,2.6808028
0.171598,2.6808028
0.1716,2.6808028
0.171602,2.6808028
0.171604,2.6808028
0.171606,2.6808028
0.171608,2.6808028
0.17161,2.6808028
0.171612,2.6808028
0.171614,2.6808028
0.171616,2.6808028
0.171618,2.6808028
0.17162,2.6808028
0.171622,2.6808028
0.171624,2.6808028
0.171626,2.6808028
0.171628,2.6808028
0.17163,2.6808028
0.171632,2.6808028
0.171634,2.6808028
0.171636,2.6808028
0.171638,2.6808028
0.17164,2.6808028
0.171642,2.6808028
0.171644,2.6808028
0.171646,2.6808028
0.171648,2.6808028
0.17164999,2.6808028
0.171652,2.6808028
0.171654,2.6808028
0.171656,2.6808028
0.171658,2.6808028
0.17166,2.6808028
0.171662,2.6808028
0.171664,2.6808028
0.171666,2.6808028
0.171668,2.6808028
0.17167,2.6808028
0.171672,2.6808028
0.171674,2.6808028
0.171676,2.6808028
0.171678,2.6808028
0.17168,2.6808028
0.171682,2.6808028
0.171684,2.6808028
0.171686,2.6808028
0.171688,2.6808028
0.17169,2.6808028
0.171692,2.6808028
0.171694,2.6808028
0.17169599,2.6808028
0.171698,2.6808028
0.1717,2.6808028
0.171702,2.6808028
0.171704,2.6808028
0.171706,2.6808028
0.171708,2.6808028
0.17171,2.6808028
0.171712,2.6808028
0.171714,2.6808028
0.171716,2.6808028
0.171718,2.6808028
0.17172,2.6808028
0.171722,2.6808028
0.171724,2.6808028
0.171726,2.6808028
0.171728,2.6808028
0.17173,2.6808028
0.171732,2.6808028
0.171734,2.6808028
0.171736,2.6808028
0.171738,2.6808028
0.17174,2.6808028
0.17174199,2.6808028
0.171744,2.6808028
0.171746,2.6808028
0.171748,2.6808028
0.17175,2.6808028
0.171752,2.6808028
0.171754,2.6808028
0.171756,2.6808028
0.171758,2.6808028
0.17176,2.6808028
0.171762,2.6808028
0.171764,2.6808028
0.171766,2.6808028
0.171768,2.6808028
0.17177,2.6808028
0.171772,2.6808028
0.171774,2.6808028
0.171776,2.6808028
0.171778,2.6808028
0.17178,2.6808028
0.171782,2.6808028
0.171784,2.6808028
0.171786,2.6808028
0.17178799,2.542109
0.17179,1.4325566
0.171792,1.4325566
0.171794,1.4325566
0.171796,1.4325566
0.171798,1.4325566
0.1718,1.4325566
0.171802,1.4325566
0.171804,1.4325566
0.171806,1.4325566
0.171808,1.4325566
0.17181,1.4325566
0.171812,1.4325566
0.171814,1.4325566
0.171816,1.4325566
0.171818,1.4325566
0.17182,1.4325566
0.171822,1.4325566
0.171824,1.4325566
0.171826,1.4325566
0.171828,1.4325566
0.17183,1.4325566
0.171832,1.3863249
0.171834,1.3863249
0.171836,1.3863249
0.171838,1.3863249
0.17184,1.3863249
0.171842,1.3863249
0.171844,1.3863249
0.171846,1.3863249
0.171848,1.3863249
0.17185,1.3863249
0.171852,1.3863249
0.171854,1.3863249
0.171856,1.3863249
0.171858,1.3863249
0.17186,1.3863249
0.171862,1.3863249
0.171864,1.3863249
0.171866,1.3863249
0.171868,1.3863249
0.17187,1.3863249
0.171872,1.3863249
0.171874,1.3863249
0.171876,1.3863249
0.171878,1.3863249
0.17188,1.3863249
0.171882,1.3863249
0.171884,1.3863249
0.171886,1.3863249
0.171888,1.3863249
0.17189,1.3863249
0.171892,1.3863249
0.171894,1.3863249
0.171896,1.3863249
0.17189799,1.3863249
0.1719,1.3863249
0.171902,1.3863249
0.171904,1.3863249
0.171906,1.3863249
0.171908,1.3863249
0.17191,1.3863249
0.171912,1.3863249
0.171914,1.3863249
0.171916,1.3863249
0.171918,1.3863249
0.17192,1.3863249
0.171922,1.3863249
0.171924,1.3863249
0.171926,1.3863249
0.171928,1.3863249
0.17193,1.3863249
0.171932,1.3863249
0.171934,1.3863249
0.171936,1.3863249
0.171938,1.3863249
0.17194,1.3863249
0.171942,1.3863249
0.17194399,1.3863249
0.171946,1.3863249
0.171948,1.3863249
0.17195,1.3863249
0.171952,1.3863249
0.171954,1.3863249
0.171956,1.3863249
0.171958,1.3863249
0.17196,1.3863249
0.171962,1.3863249
0.171964,1.3863249
0.171966,1.3863249
0.171968,1.3863249
0.17197,1.3863249
0.171972,1.3863249
0.171974,1.3863249
0.171976,1.3863249
0.171978,1.3863249
0.17198,1.3863249
0.171982,1.3863249
0.171984,1.3863249
0.171986,1.3863249
0.171988,1.3863249
0.17198999,1.3863249
0.171992,1.3863249
0.171994,1.3863249
0.171996,1.3863249
0.171998,1.3863249
0.172,1.3863249
0.172002,1.3863249
0.172004,1.3863249
0.172006,1.3863249
0.172008,1.3863249
0.17201,1.3863249
0.172012,1.3863249
0.172014,1.3863249
0.172016,1.3863249
0.172018,1.3863249
0.17202,1.3863249
0.172022,1.3863249
0.172024,1.3863249
0.172026,1.3863249
0.172028,1.3863249
0.17203,1.3863249
0.172032,1.3863249
0.172034,1.3863249
0.17203599,1.3863249
0.172038,1.3863249
0.17204,1.3863249
0.172042,1.3863249
0.172044,1.3863249
0.172046,1.3863249
0.172048,1.3863249
0.17205,1.3863249
0.172052,1.3863249
0.172054,1.3863249
0.172056,1.3863249
0.172058,1.3863249
0.17206,1.3863249
0.172062,1.3863249
0.172064,1.3863249
0.172066,1.3863249
0.172068,1.3863249
0.17207,1.3863249
0.172072,1.3863249
0.172074,1.3863249
0.172076,1.3863249
0.172078,1.3863249
0.17208,1.3863249
0.172082,1.3863249
0.172084,1.3863249
0.172086,1.3863249
0.172088,1.3863249
0.17209,1.3863249
0.172092,1.3863249
0.172094,1.3863249
0.172096,1.3863249
0.172098,1.3863249
0.1721,1.3863249
0.172102,1.3863249
0.172104,1.3863249
0.172106,1.3863249
0.172108,1.3863249
0.17211,1.3863249
0.172112,1.3863249
0.172114,1.3863249
0.172116,1.3863249
0.172118,1.3863249
0.17212,1.3863249
0.172122,1.3863249
0.172124,1.3863249
0.172126,1.3863249
0.172128,1.3863249
0.17213,1.3863249
0.172132,1.3863249
0.172134,1.3863249
0.172136,1.3863249
0.172138,1.3863249
0.17214,1.3863249
0.172142,0.8315482
0.172144,0.184309
0.17214599,0.13807821
0.172148,0.13807821
0.17215,0.13807821
0.172152,0.13807821
0.172154,0.13807821
0.172156,0.13807821
0.172158,0.13807821
0.17216,0.13807821
0.172162,0.13807821
0.172164,0.13807821
0.172166,0.13807821
0.172168,0.13807821
0.17217,0.091846466
0.172172,0.091846466
0.172174,0.091846466
0.172176,0.091846466
0.172178,0.091846466
0.17218,0.091846466
0.172182,0.091846466
0.172184,0.091846466
0.172186,0.091846466
0.172188,0.091846466
0.17219,0.091846466
0.17219199,0.091846466
0.172194,0.091846466
0.172196,0.091846466
0.172198,0.091846466
0.1722,0.091846466
0.172202,0.091846466
0.172204,0.091846466
0.172206,0.091846466
0.172208,0.091846466
0.17221,0.091846466
0.172212,0.091846466
0.172214,0.091846466
0.172216,0.091846466
0.172218,0.091846466
0.17222,0.091846466
0.172222,0.091846466
0.172224,0.091846466
0.172226,0.091846466
0.172228,0.091846466
0.17223,0.091846466
0.172232,0.091846466
0.172234,0.091846466
0.172236,0.091846466
0.17223799,0.091846466
0.17224,0.091846466
0.172242,0.091846466
0.172244,0.091846466
0.172246,0.091846466
0.172248,0.091846466
0.17225,0.091846466
0.172252,0.091846466
0.172254,0.091846466
0.172256,0.091846466
0.172258,0.091846466
0.17226,0.091846466
0.172262,0.091846466
0.172264,0.091846466
0.172266,0.091846466
0.172268,0.091846466
0.17227,0.091846466
0.172272,0.091846466
0.172274,0.091846466
0.172276,0.091846466
0.172278,0.091846466
0.17228,0.091846466
0.172282,0.091846466
0.17228399,0.091846466
0.172286,0.091846466
0.172288,0.091846466
0.17229,0.091846466
0.172292,0.091846466
0.172294,0.091846466
0.172296,0.091846466
0.172298,0.091846466
0.1723,0.091846466
0.172302,0.091846466
0.172304,0.091846466
0.172306,0.091846466
0.172308,0.091846466
0.17231,0.091846466
0.172312,0.091846466
0.172314,0.091846466
0.172316,0.091846466
0.172318,0.091846466
0.17232,0.091846466
0.172322,0.091846466
0.172324,0.091846466
0.172326,0.091846466
0.172328,0.091846466
0.17233,0.091846466
0.172332,0.091846466
0.172334,0.091846466
0.172336,0.091846466
0.172338,0.091846466
0.17234,0.091846466
0.172342,0.091846466
0.172344,0.091846466
0.172346,0.091846466
0.172348,0.091846466
0.17235,0.091846466
0.172352,0.091846466
0.172354,0.091846466
0.172356,0.091846466
0.172358,0.091846466
0.17236,0.091846466
0.172362,0.091846466
0.172364,0.091846466
0.172366,0.091846466
0.172368,0.091846466
0.17237,0.091846466
0.172372,0.091846466
0.172374,0.091846466
0.172376,0.091846466
0.172378,0.091846466
0.17238,0.091846466
0.172382,0.091846466
0.172384,0.091846466
0.172386,0.091846466
0.172388,0.091846466
0.17239,0.091846466
0.172392,0.091846466
0.17239399,0.091846466
0.172396,0.091846466
0.172398,0.091846466
0.1724,0.091846466
0.172402,0.091846466
0.172404,0.091846466
0.172406,0.091846466
0.172408,0.091846466
0.17241,0.091846466
0.172412,0.091846466
0.172414,0.091846466
0.172416,0.091846466
0.172418,0.091846466
0.17242,0.091846466
0.172422,0.091846466
0.172424,0.091846466
0.172426,0.091846466
0.172428,0.091846466
0.17243,0.091846466
0.172432,0.091846466
0.172434,0.091846466
0.172436,0.091846466
0.172438,0.091846466
0.17243999,0.091846466
0.172442,0.091846466
0.172444,0.091846466
0.172446,0.091846466
0.172448,0.091846466
0.17245,0.091846466
0.172452,0.091846466
0.172454,0.091846466
0.172456,0.091846466
0.172458,0.091846466
0.17246,0.091846466
0.172462,0.091846466
0.172464,0.091846466
0.172466,0.091846466
0.172468,0.091846466
0.17247,0.091846466
0.172472,0.091846466
0.172474,0.091846466
0.172476,0.091846466
0.172478,0.091846466
0.17248,0.091846466
0.172482,0.091846466
0.172484,0.091846466
0.17248599,0.091846466
0.172488,0.091846466
0.17249,0.091846466
0.172492,0.091846466
0.172494,0.091846466
0.172496,0.091846466
0.172498,0.091846466
0.1725,0.091846466
0.172502,0.091846466
0.172504,0.091846466
0.172506,0.091846466
0.172508,0.091846466
0.17251,0.091846466
0.172512,0.091846466
0.172514,0.091846466
0.172516,0.091846466
0.172518,0.091846466
0.17252,0.091846466
0.172522,0.091846466
0.172524,0.091846466
0.172526,0.091846466
0.172528,0.091846466
0.17253,0.091846466
0.17253199,0.091846466
0.172534,0.091846466
0.172536,0.091846466
0.172538,0.091846466
0.17254,0.091846466
0.172542,0.091846466
0.172544,0.091846466
0.172546,0.091846466
0.172548,0.091846466
0.17255,0.091846466
0.172552,0.091846466
0.172554,0.091846466
0.172556,0.091846466
0.172558,0.091846466
0.17256,0.091846466
0.172562,0.091846466
0.172564,0.091846466
0.172566,0.091846466
0.172568,0.091846466
0.17257,0.091846466
0.172572,0.091846466
0.172574,0.091846466
0.172576,0.091846466
0.172578,0.091846466
0.17258,0.091846466
0.172582,0.091846466
0.172584,0.091846466
0.172586,0.091846466
0.172588,0.091846466
0.17259,0.091846466
0.172592,0.091846466
0.172594,0.091846466
0.172596,0.091846466
0.172598,0.091846466
0.1726,0.091846466
0.172602,0.091846466
0.172604,0.091846466
0.172606,0.091846466
0.172608,0.091846466
0.17261,0.091846466
0.172612,0.091846466
0.172614,0.091846466
0.172616,0.091846466
0.172618,0.091846466
0.17262,0.091846466
0.172622,0.091846466
0.172624,0.091846466
0.172626,0.091846466
0.172628,0.091846466
0.17263,0.091846466
0.172632,0.091846466
0.172634,0.091846466
0.172636,0.091846466
0.172638,0.091846466
0.17264,0.091846466
0.172642,0.091846466
0.172644,0.091846466
0.172646,0.091846466
0.172648,0.091846466
0.17265,0.091846466
0.172652,0.091846466
0.172654,0.091846466
0.172656,0.091846466
0.172658,0.091846466
0.17266,0.091846466
0.172662,0.091846466
0.172664,0.091846466
0.172666,0.091846466
0.172668,0.091846466
0.17267,0.091846466
0.172672,0.091846466
0.172674,0.091846466
0.172676,0.091846466
0.172678,0.091846466
0.17268,0.091846466
0.172682,0.091846466
0.172684,0.091846466
0.172686,0.091846466
0.17268799,0.091846466
0.17269,0.091846466
0.172692,0.091846466
0.172694,0.091846466
0.172696,0.091846466
0.172698,0.091846466
0.1727,0.091846466
0.172702,0.091846466
0.172704,0.091846466
0.172706,0.091846466
0.172708,0.091846466
0.17271,0.091846466
0.172712,0.091846466
0.172714,0.091846466
0.172716,0.091846466
0.172718,0.091846466
0.17272,0.091846466
0.172722,0.091846466
0.172724,0.091846466
0.172726,0.091846466
0.172728,0.091846466
0.17273,0.091846466
0.172732,0.091846466
0.17273399,0.091846466
0.172736,0.091846466
0.172738,0.091846466
0.17274,0.091846466
0.172742,0.091846466
0.172744,0.091846466
0.172746,0.091846466
0.172748,0.091846466
0.17275,0.091846466
0.172752,0.091846466
0.172754,0.091846466
0.172756,0.091846466
0.172758,0.091846466
0.17276,0.091846466
0.172762,0.091846466
0.172764,0.091846466
0.172766,0.091846466
0.172768,0.091846466
0.17277,0.091846466
0.172772,0.091846466
0.172774,0.091846466
0.172776,0.091846466
0.172778,0.091846466
0.17277999,0.091846466
0.172782,0.091846466
0.172784,0.091846466
0.172786,0.091846466
0.172788,0.091846466
0.17279,0.091846466
0.172792,0.091846466
0.172794,0.091846466
0.172796,0.091846466
0.172798,0.091846466
0.1728,0.091846466
0.172802,0.091846466
0.172804,0.091846466
0.172806,0.091846466
0.172808,0.091846466
0.17281,0.091846466
0.172812,0.091846466
0.172814,0.091846466
0.172816,0.091846466
0.172818,0.091846466
0.17282,0.091846466
0.172822,0.091846466
0.172824,0.091846466
0.172826,0.091846466
0.172828,0.091846466
0.17283,0.091846466
0.172832,0.091846466
0.172834,0.091846466
0.172836,0.091846466
0.172838,0.091846466
0.17284,0.091846466
0.172842,0.091846466
0.172844,0.091846466
0.172846,0.091846466
0.172848,0.091846466
0.17285,0.091846466
0.172852,0.091846466
0.172854,0.091846466
0.172856,0.091846466
0.172858,0.091846466
0.17286,0.091846466
0.172862,0.091846466
0.172864,0.091846466
0.172866,0.091846466
0.172868,0.091846466
0.17287,0.091846466
0.172872,0.091846466
0.172874,0.091846466
0.172876,0.091846466
0.172878,0.091846466
0.17288,0.091846466
0.172882,0.091846466
0.172884,0.091846466
0.172886,0.091846466
0.172888,0.091846466
0.17289,0.091846466
0.172892,0.091846466
0.172894,0.091846466
0.172896,0.091846466
0.172898,0.091846466
0.1729,0.091846466
0.172902,0.091846466
0.172904,0.091846466
0.172906,0.091846466
0.172908,0.091846466
0.17291,0.091846466
0.172912,0.091846466
0.172914,0.091846466
0.172916,0.091846466
0.172918,0.091846466
0.17292,0.091846466
0.172922,0.091846466
0.172924,0.091846466
0.172926,0.091846466
0.172928,0.091846466
0.17293,0.091846466
0.172932,0.091846466
0.172934,0.091846466
0.17293599,0.091846466
0.172938,0.091846466
0.17294,0.091846466
0.172942,0.091846466
0.172944,0.091846466
0.172946,0.091846466
0.172948,0.091846466
0.17295,0.091846466
0.172952,0.091846466
0.172954,0.091846466
0.172956,0.091846466
0.172958,0.091846466
0.17296,1.3400936
0.172962,1.3400936
0.172964,1.3863249
0.172966,1.3863249
0.172968,1.3863249
0.17297,1.3863249
0.172972,1.3863249
0.172974,1.3863249
0.172976,1.3863249
0.172978,1.3863249
0.17298,1.3863249
0.17298199,1.3863249
0.172984,1.3863249
0.172986,1.3863249
0.172988,1.3863249
0.17299,1.3863249
0.172992,1.3863249
0.172994,1.3863249
0.172996,1.3863249
0.172998,1.3863249
0.173,1.3863249
0.173002,1.3863249
0.173004,1.3863249
0.173006,1.3863249
0.173008,1.3863249
0.17301,1.3863249
0.173012,1.3863249
0.173014,1.3863249
0.173016,1.3863249
0.173018,1.3863249
0.17302,1.3863249
0.173022,1.3863249
0.173024,1.3863249
0.173026,1.3863249
0.17302799,1.3863249
0.17303,1.3863249
0.173032,1.3863249
0.173034,1.3863249
0.173036,1.3863249
0.173038,1.3863249
0.17304,1.3863249
0.173042,1.3863249
0.173044,1.3863249
0.173046,1.3863249
0.173048,1.3863249
0.17305,1.3863249
0.173052,1.3863249
0.173054,1.3863249
0.173056,1.3863249
0.173058,1.3863249
0.17306,1.3863249
0.173062,1.3863249
0.173064,1.3863249
0.173066,1.3863249
0.173068,1.3863249
0.17307,1.3863249
0.173072,1.3863249
0.17307399,1.3863249
0.173076,1.3863249
0.173078,1.3863249
0.17308,1.3863249
0.173082,1.3863249
0.173084,1.3863249
0.173086,1.3863249
0.173088,1.3863249
0.17309,1.3863249
0.173092,1.3863249
0.173094,1.3863249
0.173096,1.3863249
0.173098,1.3863249
0.1731,1.3863249
0.173102,1.3863249
0.173104,1.3863249
0.173106,1.3863249
0.173108,1.3863249
0.17311,1.3863249
0.173112,1.3863249
0.173114,1.3863249
0.173116,1.3863249
0.173118,1.3863249
0.17312,1.3863249
0.173122,1.3863249
0.173124,1.3863249
0.173126,1.3863249
0.173128,1.3863249
0.17313,1.3863249
0.173132,1.3863249
0.173134,1.3863249
0.173136,1.3863249
0.173138,1.3863249
0.17314,1.3863249
0.173142,1.3863249
0.173144,1.3863249
0.173146,1.3863249
0.173148,1.3863249
0.17315,1.3863249
0.173152,1.3863249
0.173154,1.3863249
0.173156,1.3863249
0.173158,1.3863249
0.17316,1.3863249
0.173162,1.3863249
0.173164,1.3863249
0.173166,1.3863249
0.173168,1.3863249
0.17317,1.3863249
0.173172,1.3863249
0.173174,1.3863249
0.173176,1.3863249
0.173178,1.3863249
0.17318,1.3863249
0.173182,1.3863249
0.17318399,1.3863249
0.173186,1.3863249
0.173188,1.3863249
0.17319,1.3863249
0.173192,1.3863249
0.173194,1.3863249
0.173196,1.3863249
0.173198,1.3863249
0.1732,1.3863249
0.173202,1.3863249
0.173204,1.3863249
0.173206,1.3863249
0.173208,1.3863249
0.17321,1.3863249
0.173212,1.3863249
0.173214,1.3863249
0.173216,1.3863249
0.173218,1.3863249
0.17322,1.3863249
0.173222,1.3863249
0.173224,1.3863249
0.173226,1.3863249
0.173228,1.3863249
0.17322999,1.3863249
0.173232,1.3863249
0.173234,1.3863249
0.173236,1.3863249
0.173238,1.3863249
0.17324,1.3863249
0.173242,1.3863249
0.173244,1.3863249
0.173246,1.3863249
0.173248,1.3863249
0.17325,1.3863249
0.173252,1.3863249
0.173254,1.3863249
0.173256,1.3863249
0.173258,1.3863249
0.17326,1.3863249
0.173262,1.3863249
0.173264,1.3863249
0.173266,1.3863249
0.173268,1.3863249
0.17327,1.3863249
0.173272,1.3863249
0.173274,1.3863249
0.17327599,1.3863249
0.173278,1.3863249
0.17328,1.3863249
0.173282,1.3863249
0.173284,1.3863249
0.173286,1.3863249
0.173288,1.3863249
0.17329,1.3863249
0.173292,1.3863249
0.173294,1.3863249
0.173296,1.3863249
0.173298,1.3863249
0.1733,1.3863249
0.173302,1.3863249
0.173304,1.3863249
0.173306,1.3863249
0.173308,1.3863249
0.17331,1.3863249
0.173312,1.3863249
0.173314,1.3863249
0.173316,1.3863249
0.173318,1.3863249
0.17332,1.3863249
0.17332199,1.3863249
0.173324,1.3863249
0.173326,1.3863249
0.173328,1.3863249
0.17333,1.3863249
0.173332,1.3863249
0.173334,1.3863249
0.173336,1.3863249
0.173338,1.3863249
0.17334,2.4034152
0.173342,2.6345725
0.173344,2.6345725
0.173346,2.6345725
0.173348,2.6345725
0.17335,2.6345725
0.173352,2.6345725
0.173354,2.6345725
0.173356,2.6808028
0.173358,2.6808028
0.17336,2.6808028
0.173362,2.6808028
0.173364,2.6808028
0.173366,2.6808028
0.173368,2.6808028
0.17337,2.6808028
0.173372,2.6808028
0.173374,2.6808028
0.173376,2.6808028
0.173378,2.6808028
0.17338,2.6808028
0.173382,2.6808028
0.173384,2.6808028
0.173386,2.6808028
0.173388,2.6808028
0.17339,2.6808028
0.173392,2.6808028
0.173394,2.6808028
0.173396,2.6808028
0.173398,2.6808028
0.1734,2.6808028
0.173402,2.6808028
0.173404,2.6808028
0.173406,2.6808028
0.173408,2.6808028
0.17341,2.6808028
0.173412,2.6808028
0.173414,2.6808028
0.173416,2.6808028
0.173418,2.6808028
0.17342,2.6808028
0.173422,2.6808028
0.173424,2.6808028
0.173426,2.6808028
0.173428,2.6808028
0.17343,2.6808028
0.17343199,2.6808028
0.173434,2.6808028
0.173436,2.6808028
0.173438,2.6808028
0.17344,2.6808028
0.173442,2.6808028
0.173444,2.6808028
0.173446,2.6808028
0.173448,2.6808028
0.17345,2.6808028
0.173452,2.6808028
0.173454,2.6808028
0.173456,2.6808028
0.173458,2.6808028
0.17346,2.6808028
0.173462,2.6808028
0.173464,2.6808028
0.173466,2.6808028
0.173468,2.6808028
0.17347,2.6808028
0.173472,2.6808028
0.173474,2.6808028
0.173476,2.6808028
0.17347799,2.6808028
0.17348,2.6808028
0.173482,2.6808028
0.173484,2.6808028
0.173486,2.6808028
0.173488,2.6808028
0.17349,2.6808028
0.173492,2.6808028
0.173494,2.6808028
0.173496,2.6808028
0.173498,2.6808028
0.1735,2.6808028
0.173502,2.6808028
0.173504,2.6808028
0.173506,2.6808028
0.173508,2.6808028
0.17351,2.6808028
0.173512,2.6808028
0.173514,2.6808028
0.173516,2.6808028
0.173518,2.6808028
0.17352,2.6808028
0.173522,2.6808028
0.17352399,2.6808028
0.173526,2.6808028
0.173528,2.6808028
0.17353,2.6808028
0.173532,2.6808028
0.173534,2.6808028
0.173536,2.6808028
0.173538,2.6808028
0.17354,2.6808028
0.173542,2.6808028
0.173544,2.6808028
0.173546,2.6808028
0.173548,2.6808028
0.17355,2.6808028
0.173552,2.6808028
0.173554,2.6808028
0.173556,2.6808028
0.173558,2.6808028
0.17356,2.6808028
0.173562,2.6808028
0.173564,2.6808028
0.173566,2.6808028
0.173568,2.6808028
0.17356999,2.6808028
0.173572,2.6808028
0.173574,2.6808028
0.173576,2.6808028
0.173578,2.6808028
0.17358,2.6808028
0.173582,2.6808028
0.173584,2.6808028
0.173586,2.6808028
0.173588,2.6808028
0.17359,2.6808028
0.173592,2.6808028
0.173594,2.6808028
0.173596,2.6808028
0.173598,2.6808028
0.1736,2.6808028
0.173602,2.6808028
0.173604,2.6808028
0.173606,2.6808028
0.173608,2.6808028
0.17361,2.6808028
0.173612,2.6808028
0.173614,2.6808028
0.173616,2.6808028
0.173618,2.6808028
0.17362,2.6808028
0.173622,2.6808028
0.173624,2.6808028
0.173626,2.6808028
0.173628,2.6808028
0.17363,2.6808028
0.173632,2.6808028
0.173634,2.6808028
0.173636,2.6808028
0.173638,2.6808028
0.17364,2.6808028
0.173642,2.6808028
0.173644,2.6808028
0.173646,2.6808028
0.173648,2.6808028
0.17365,2.6808028
0.173652,2.6808028
0.173654,2.6808028
0.173656,2.6808028
0.173658,2.6808028
0.17366,2.6808028
0.173662,2.6808028
0.173664,2.6808028
0.173666,3.2818112
0.173668,3.92905
0.17367,3.92905
0.173672,3.92905
0.173674,3.9752812
0.173676,3.9752812
0.173678,3.9752812
0.17368,3.9752812
0.173682,3.9752812
0.173684,3.9752812
0.173686,3.9752812
0.173688,3.9752812
0.17369,3.9752812
0.173692,3.9752812
0.173694,3.9752812
0.173696,3.9752812
0.173698,3.9752812
0.1737,3.9752812
0.173702,3.9752812
0.173704,3.9752812
0.173706,3.9752812
0.173708,3.9752812
0.17371,3.9752812
0.173712,3.9752812
0.173714,3.9752812
0.173716,3.9752812
0.173718,3.9752812
0.17372,3.9752812
0.173722,3.9752812
0.173724,3.9752812
0.17372599,3.9752812
0.173728,3.9752812
0.17373,3.9752812
0.173732,3.9752812
0.173734,3.9752812
0.173736,3.9752812
0.173738,3.9752812
0.17374,3.9752812
0.173742,3.9752812
0.173744,3.9752812
0.173746,3.9752812
0.173748,3.9752812
0.17375,3.9752812
0.173752,3.9752812
0.173754,3.9752812
0.173756,3.9752812
0.173758,3.9752812
0.17376,3.9752812
0.173762,3.9752812
0.173764,3.9752812
0.173766,3.9752812
0.173768,3.9752812
0.17377,3.9752812
0.17377199,3.9752812
0.173774,3.9752812
0.173776,3.9752812
0.173778,3.9752812
0.17378,3.9752812
0.173782,3.9752812
0.173784,3.9752812
0.173786,3.9752812
0.173788,3.9752812
0.17379,3.9752812
0.173792,3.9752812
0.173794,3.9752812
0.173796,3.9752812
0.173798,3.9752812
0.1738,3.9752812
0.173802,3.9752812
0.173804,3.9752812
0.173806,3.9752812
0.173808,3.9752812
0.17381,3.9752812
0.173812,3.9752812
0.173814,3.9752812
0.173816,3.9752812
0.17381799,3.9752812
0.17382,3.9752812
0.173822,3.9752812
0.173824,3.9752812
0.173826,3.9752812
0.173828,3.9752812
0.17383,3.9752812
0.173832,3.9752812
0.173834,3.9752812
0.173836,3.9752812
0.173838,3.9752812
0.17384,3.9752812
0.173842,3.9752812
0.173844,3.9752812
0.173846,3.9752812
0.173848,3.9752812
0.17385,3.9752812
0.173852,3.9752812
0.173854,3.9752812
0.173856,3.9752812
0.173858,3.9752812
0.17386,3.9752812
0.173862,3.9752812
0.173864,3.9752812
0.173866,3.9752812
0.173868,3.9752812
0.17387,3.9752812
0.173872,3.9752812
0.173874,3.9752812
0.173876,3.9752812
0.173878,3.9752812
0.17388,3.9752812
0.173882,3.9752812
0.173884,3.9752812
0.173886,3.9752812
0.173888,3.9752812
0.17389,3.9752812
0.173892,3.9752812
0.173894,3.9752812
0.173896,3.9752812
0.173898,3.9752812
0.1739,3.9752812
0.173902,3.9752812
0.173904,3.9752812
0.173906,3.9752812
0.173908,3.9752812
0.17391,3.9752812
0.173912,3.9752812
0.173914,3.9752812
0.173916,3.9752812
0.173918,3.9752812
0.17392,3.9752812
0.173922,3.9752812
0.173924,3.9752812
0.173926,3.9752812
0.173928,3.9752812
0.17393,3.9752812
0.173932,3.9752812
0.173934,3.9752812
0.173936,3.9752812
0.173938,3.9752812
0.17394,3.9752812
0.173942,3.9752812
0.173944,3.9752812
0.173946,3.9752812
0.173948,3.9752812
0.17395,3.9752812
0.173952,3.9752812
0.173954,3.9752812
0.173956,3.9752812
0.173958,3.9752812
0.17396,3.9752812
0.173962,3.9752812
0.173964,3.9752812
0.173966,3.9752812
0.173968,3.9752812
0.17397,3.9752812
0.173972,3.9752812
0.17397399,3.9752812
0.173976,3.9752812
0.173978,3.9752812
0.17398,3.9752812
0.173982,3.9752812
0.173984,3.9752812
0.173986,3.9752812
0.173988,3.9752812
0.17399,3.9752812
0.173992,3.9752812
0.173994,3.9752812
0.173996,3.9752812
0.173998,3.9752812
0.174,3.9752812
0.174002,3.9752812
0.174004,3.9752812
0.174006,3.9752812
0.174008,3.9752812
0.17401,3.9752812
0.174012,3.9752812
0.174014,3.9752812
0.174016,3.9752812
0.174018,3.9752812
0.17401999,3.9752812
0.174022,3.9752812
0.174024,3.9752812
0.174026,3.9752812
0.174028,3.9752812
0.17403,3.9752812
0.174032,3.9752812
0.174034,3.9752812
0.174036,3.9752812
0.174038,3.9752812
0.17404,3.9752812
0.174042,3.9752812
0.174044,3.9752812
0.174046,3.9752812
0.174048,3.9752812
0.17405,3.9752812
0.174052,3.9752812
0.174054,3.9752812
0.174056,3.9752812
0.174058,3.9752812
0.17406,3.9752812
0.174062,3.9752812
0.174064,3.9752812
0.17406599,3.9752812
0.174068,3.9752812
0.17407,3.9752812
0.174072,3.9752812
0.174074,3.9752812
0.174076,3.9752812
0.174078,3.9752812
0.17408,3.9752812
0.174082,3.9752812
0.174084,3.9752812
0.174086,3.9752812
0.174088,3.9752812
0.17409,3.9752812
0.174092,3.9752812
0.174094,3.9752812
0.174096,3.9752812
0.174098,3.9752812
0.1741,3.9752812
0.174102,3.9752812
0.174104,3.9752812
0.174106,3.9752812
0.174108,3.9752812
0.17411,3.9752812
0.17411199,3.9752812
0.174114,3.9752812
0.174116,3.9752812
0.174118,3.9752812
0.17412,3.9752812
0.174122,3.9752812
0.174124,3.9752812
0.174126,3.9752812
0.174128,3.9752812
0.17413,3.9752812
0.174132,3.9752812
0.174134,3.9752812
0.174136,3.9752812
0.174138,3.9752812
0.17414,3.9752812
0.174142,3.9752812
0.174144,3.9752812
0.174146,3.9752812
0.174148,3.9752812
0.17415,3.9752812
0.174152,3.9752812
0.174154,3.9752812
0.174156,3.9752812
0.174158,3.9752812
0.17416,3.9752812
0.174162,3.9752812
0.174164,3.9752812
0.174166,3.9752812
0.174168,3.9752812
0.17417,3.9752812
0.174172,3.9752812
0.174174,3.9752812
0.174176,3.9752812
0.174178,3.9752812
0.17418,3.9752812
0.174182,3.9752812
0.174184,3.9752812
0.174186,3.9752812
0.174188,3.9752812
0.17419,3.9752812
0.174192,3.9752812
0.174194,3.9752812
0.174196,3.9752812
0.174198,3.9752812
0.1742,3.9752812
0.174202,3.9752812
0.174204,3.9752812
0.174206,3.9752812
0.174208,3.9752812
0.17421,3.9752812
0.174212,3.9752812
0.174214,3.9752812
0.174216,3.9752812
0.174218,3.9752812
0.17422,3.9752812
0.17422199,3.9752812
0.174224,3.9752812
0.174226,3.9752812
0.174228,3.9752812
0.17423,3.9752812
0.174232,3.9752812
0.174234,3.9752812
0.174236,3.9752812
0.174238,3.9752812
0.17424,3.9752812
0.174242,3.9752812
0.174244,3.9752812
0.174246,3.9752812
0.174248,3.9752812
0.17425,3.9752812
0.174252,3.9752812
0.174254,3.9752812
0.174256,3.9752812
0.174258,3.9752812
0.17426,3.9752812
0.174262,3.9752812
0.174264,3.9752812
0.174266,3.9752812
0.17426799,3.9752812
0.17427,3.9752812
0.174272,3.9752812
0.174274,3.9752812
0.174276,3.9752812
0.174278,3.9752812
0.17428,3.9752812
0.174282,3.9752812
0.174284,3.9752812
0.174286,3.9752812
0.174288,3.9752812
0.17429,3.9752812
0.174292,3.9752812
0.174294,3.9752812
0.174296,3.9752812
0.174298,3.9752812
0.1743,3.9752812
0.174302,3.9752812
0.174304,3.9752812
0.174306,3.9752812
0.174308,3.9752812
0.17431,3.9752812
0.174312,3.9752812
0.17431399,3.9752812
0.174316,3.9752812
0.174318,3.9752812
0.17432,3.9752812
0.174322,3.9752812
0.174324,3.9752812
0.174326,3.9752812
0.174328,3.9752812
0.17433,3.9752812
0.174332,3.9752812
0.174334,3.9752812
0.174336,3.9752812
0.174338,3.9752812
0.17434,3.9752812
0.174342,3.9752812
0.174344,3.9752812
0.174346,3.9752812
0.174348,3.9752812
0.17435,3.9752812
0.174352,3.9752812
0.174354,3.9752812
0.174356,3.9752812
0.174358,3.9752812
0.17435999,3.9752812
0.174362,3.9752812
0.174364,3.9752812
0.174366,3.9752812
0.174368,3.9752812
0.17437,3.9752812
0.174372,3.9752812
0.174374,3.9752812
0.174376,3.9752812
0.174378,3.9752812
0.17438,3.9752812
0.174382,3.9752812
0.174384,3.9752812
0.174386,3.9752812
0.174388,3.9752812
0.17439,3.9752812
0.174392,3.9752812
0.174394,3.9752812
0.174396,3.9752812
0.174398,3.9752812
0.1744,3.9752812
0.174402,3.9752812
0.174404,3.9752812
0.174406,3.9752812
0.174408,3.9752812
0.17441,3.9752812
0.174412,3.9752812
0.174414,3.9752812
0.174416,3.9752812
0.174418,3.9752812
0.17442,3.9752812
0.174422,3.9752812
0.174424,3.9752812
0.174426,3.9752812
0.174428,3.9752812
0.17443,3.9752812
0.174432,3.9752812
0.174434,3.9752812
0.174436,3.9752812
0.174438,3.9752812
0.17444,3.9752812
0.174442,3.9752812
0.174444,3.9752812
0.174446,3.9752812
0.174448,3.9752812
0.17445,3.9752812
0.174452,3.9752812
0.174454,3.9752812
0.174456,3.9752812
0.174458,3.9752812
0.17446,3.9752812
0.174462,3.9752812
0.174464,3.9752812
0.174466,3.9752812
0.174468,3.9752812
0.17446999,3.9752812
0.174472,3.9752812
0.174474,3.9752812
0.174476,3.9752812
0.174478,3.9752812
0.17448,3.9752812
0.174482,3.9752812
0.174484,3.9752812
0.174486,3.9752812
0.174488,3.9752812
0.17449,3.9752812
0.174492,3.9752812
0.174494,3.9752812
0.174496,3.9752812
0.174498,3.9752812
0.1745,3.9752812
0.174502,3.9752812
0.174504,3.9752812
0.174506,3.9752812
0.174508,3.9752812
0.17451,3.9752812
0.174512,3.9752812
0.174514,3.9752812
0.17451599,3.9752812
0.174518,3.9752812
0.17452,3.9752812
0.174522,3.9752812
0.174524,3.9752812
0.174526,3.9752812
0.174528,3.9752812
0.17453,3.9752812
0.174532,3.9752812
0.174534,3.9752812
0.174536,3.9752812
0.174538,3.9752812
0.17454,3.9752812
0.174542,3.9752812
0.174544,3.9752812
0.174546,3.9752812
0.174548,3.9752812
0.17455,3.9752812
0.174552,3.9752812
0.174554,3.9752812
0.174556,3.9752812
0.174558,3.9752812
0.17456,3.9752812
0.17456199,3.9752812
0.174564,3.9752812
0.174566,3.9752812
0.174568,3.9752812
0.17457,3.9752812
0.174572,3.9752812
0.174574,3.9752812
0.174576,3.9752812
0.174578,3.9752812
0.17458,3.9752812
0.174582,3.9752812
0.174584,3.9752812
0.174586,3.9752812
0.174588,3.9752812
0.17459,3.9752812
0.174592,3.9752812
0.174594,3.9752812
0.174596,3.9752812
0.174598,3.9752812
0.1746,3.9752812
0.174602,3.9752812
0.174604,3.9752812
0.174606,3.9752812
0.17460799,3.9752812
0.17461,3.9752812
0.174612,3.9752812
0.174614,3.9752812
0.174616,3.9752812
0.174618,3.9752812
0.17462,3.9752812
0.174622,3.9752812
0.174624,3.9752812
0.174626,3.9752812
0.174628,3.9752812
0.17463,3.9752812
0.174632,3.9752812
0.174634,3.9752812
0.174636,3.9752812
0.174638,3.9752812
0.17464,3.9752812
0.174642,3.9752812
0.174644,3.9752812
0.174646,3.9752812
0.174648,3.9752812
0.17465,3.9752812
0.174652,3.9752812
0.174654,3.9752812
0.174656,3.9752812
0.174658,3.9752812
0.17466,3.9752812
0.174662,3.9752812
0.174664,3.9752812
0.174666,3.9752812
0.174668,3.9752812
0.17467,3.9752812
0.174672,3.9752812
0.174674,3.9752812
0.174676,3.9752812
0.174678,3.9752812
0.17468,3.9752812
0.174682,3.9752812
0.174684,3.9752812
0.174686,3.9752812
0.174688,3.9752812
0.17469,3.9752812
0.174692,3.9752812
0.174694,3.9752812
0.174696,3.9752812
0.174698,3.9752812
0.1747,3.9752812
0.174702,3.9752812
0.174704,3.9752812
0.174706,3.9752812
0.174708,3.9752812
0.17471,3.9752812
0.174712,3.9752812
0.174714,3.9752812
0.174716,3.9752812
0.17471799,3.9752812
0.17472,3.9752812
0.174722,3.9752812
0.174724,3.9752812
0.174726,3.9752812
0.174728,3.9752812
0.17473,3.9752812
0.174732,3.9752812
0.174734,3.9752812
0.174736,3.9752812
0.174738,3.9752812
0.17474,3.9752812
0.174742,3.9752812
0.174744,3.9752812
0.174746,3.9752812
0.174748,3.9752812
0.17475,3.9752812
0.174752,3.9752812
0.174754,3.9752812
0.174756,3.9752812
0.174758,3.9752812
0.17476,3.9752812
0.174762,3.9752812
0.17476399,3.9752812
0.174766,3.9752812
0.174768,3.9752812
0.17477,3.9752812
0.174772,3.9752812
0.174774,3.9752812
0.174776,3.9752812
0.174778,3.9752812
0.17478,3.9752812
0.174782,3.2818112
0.174784,2.727035
0.174786,2.727035
0.174788,2.727035
0.17479,2.727035
0.174792,2.727035
0.174794,2.727035
0.174796,2.727035
0.174798,2.727035
0.1748,2.6808028
0.174802,2.6808028
0.174804,2.6808028
0.174806,2.6808028
0.174808,2.6808028
0.17480999,2.6808028
0.174812,2.6808028
0.174814,2.6808028
0.174816,2.6808028
0.174818,2.6808028
0.17482,2.6808028
0.174822,2.6808028
0.174824,2.6808028
0.174826,2.6808028
0.174828,2.6808028
0.17483,2.6808028
0.174832,2.6808028
0.174834,2.6808028
0.174836,2.6808028
0.174838,2.6808028
0.17484,2.6808028
0.174842,2.6808028
0.174844,2.6808028
0.174846,2.6808028
0.174848,2.6808028
0.17485,2.6808028
0.174852,2.6808028
0.174854,2.6808028
0.17485599,2.6808028
0.174858,2.6808028
0.17486,2.6808028
0.174862,2.6808028
0.174864,2.6808028
0.174866,2.6808028
0.174868,2.6808028
0.17487,2.6808028
0.174872,2.6808028
0.174874,2.6808028
0.174876,2.6808028
0.174878,2.6808028
0.17488,2.6808028
0.174882,2.6808028
0.174884,2.6808028
0.174886,2.6808028
0.174888,2.6808028
0.17489,2.6808028
0.174892,2.6808028
0.174894,2.6808028
0.174896,2.6808028
0.174898,2.6808028
0.1749,2.6808028
0.174902,2.6808028
0.174904,2.6808028
0.174906,2.6808028
0.174908,2.6808028
0.17491,2.6808028
0.174912,2.6808028
0.174914,2.6808028
0.174916,2.6808028
0.174918,2.6808028
0.17492,2.6808028
0.174922,2.6808028
0.174924,2.6808028
0.174926,2.6808028
0.174928,2.6808028
0.17493,2.6808028
0.174932,2.6808028
0.174934,2.6808028
0.174936,2.6808028
0.174938,2.6808028
0.17494,2.6808028
0.174942,2.6808028
0.174944,2.6808028
0.174946,2.6808028
0.174948,2.6808028
0.17495,2.6808028
0.174952,2.6808028
0.174954,2.6808028
0.174956,2.6808028
0.174958,2.6808028
0.17496,2.6808028
0.174962,2.6808028
0.174964,2.6808028
0.174966,2.6808028
0.174968,2.6808028
0.17497,2.6808028
0.174972,2.6808028
0.174974,2.6808028
0.174976,2.6808028
0.174978,2.6808028
0.17498,2.6808028
0.174982,2.6808028
0.174984,2.6808028
0.174986,2.6808028
0.174988,2.6808028
0.17499,2.6808028
0.174992,2.6808028
0.174994,2.6808028
0.174996,2.6808028
0.174998,2.6808028
0.175,2.6808028
0.175002,2.6808028
0.175004,2.6808028
0.175006,2.6808028
0.175008,2.6808028
0.17501,2.6808028
0.17501199,2.6808028
0.175014,2.6808028
0.175016,2.6808028
0.175018,2.6808028
0.17502,2.6808028
0.175022,2.6808028
0.175024,2.6808028
0.175026,2.6808028
0.175028,2.6808028
0.17503,2.6808028
0.175032,2.6808028
0.175034,2.6808028
0.175036,2.6808028
0.175038,2.6808028
0.17504,2.6808028
0.175042,2.6808028
0.175044,2.6808028
0.175046,2.6808028
0.175048,2.6808028
0.17505,2.6808028
0.175052,2.6808028
0.175054,2.6808028
0.175056,2.6808028
0.17505799,2.6808028
0.17506,2.6808028
0.175062,2.6808028
0.175064,2.6808028
0.175066,2.6808028
0.175068,2.6808028
0.17507,2.6808028
0.175072,2.6808028
0.175074,2.6808028
0.175076,2.6808028
0.175078,2.6808028
0.17508,2.6808028
0.175082,2.6808028
0.175084,2.6808028
0.175086,2.6808028
0.175088,2.6808028
0.17509,2.6808028
0.175092,2.6808028
0.175094,2.6808028
0.175096,2.6808028
0.175098,2.6808028
0.1751,2.6808028
0.175102,2.6808028
0.17510399,2.6808028
0.175106,2.6808028
0.175108,2.6345725
0.17511,1.4325566
0.175112,1.4325566
0.175114,1.4325566
0.175116,1.4325566
0.175118,1.4325566
0.17512,1.4325566
0.175122,1.4325566
0.175124,1.4325566
0.175126,1.4325566
0.175128,1.4325566
0.17513,1.4325566
0.175132,1.4325566
0.175134,1.4325566
0.175136,1.4325566
0.175138,1.4325566
0.17514,1.4325566
0.175142,1.3863249
0.175144,1.4325566
0.175146,1.3863249
0.175148,1.3863249
0.17514999,1.3863249
0.175152,1.3863249
0.175154,1.3863249
0.175156,1.3863249
0.175158,1.3863249
0.17516,1.3863249
0.175162,1.3863249
0.175164,1.3863249
0.175166,1.3863249
0.175168,1.3863249
0.17517,1.3863249
0.175172,1.3863249
0.175174,1.3863249
0.175176,1.3863249
0.175178,1.3863249
0.17518,1.3863249
0.175182,1.3863249
0.175184,1.3863249
0.175186,1.3863249
0.175188,1.3863249
0.17519,1.3863249
0.175192,1.3863249
0.175194,1.3863249
0.175196,1.3863249
0.175198,1.3863249
0.1752,1.3863249
0.175202,1.3863249
0.175204,1.3863249
0.175206,1.3863249
0.175208,1.3863249
0.17521,1.3863249
0.175212,1.3863249
0.175214,1.3863249
0.175216,1.3863249
0.175218,1.3863249
0.17522,1.3863249
0.175222,1.3863249
0.175224,1.3863249
0.175226,1.3863249
0.175228,1.3863249
0.17523,1.3863249
0.175232,1.3863249
0.175234,1.3863249
0.175236,1.3863249
0.175238,1.3863249
0.17524,1.3863249
0.175242,1.3863249
0.175244,1.3863249
0.175246,1.3863249
0.175248,1.3863249
0.17525,1.3863249
0.175252,1.3863249
0.175254,1.3863249
0.175256,1.3863249
0.175258,1.3863249
0.17525999,1.3863249
0.175262,1.3863249
0.175264,1.3863249
0.175266,1.3863249
0.175268,1.3863249
0.17527,1.3863249
0.175272,1.3863249
0.175274,1.3863249
0.175276,1.3863249
0.175278,1.3863249
0.17528,1.3863249
0.175282,1.3863249
0.175284,1.3863249
0.175286,1.3863249
0.175288,1.3863249
0.17529,1.3863249
0.175292,1.3863249
0.175294,1.3863249
0.175296,1.3863249
0.175298,1.3863249
0.1753,1.3863249
0.175302,1.3863249
0.175304,1.3863249
0.17530599,1.3863249
0.175308,1.3863249
0.17531,1.3863249
0.175312,1.3863249
0.175314,1.3863249
0.175316,1.3863249
0.175318,1.3863249
0.17532,1.3863249
0.175322,1.3863249
0.175324,1.3863249
0.175326,1.3863249
0.175328,1.3863249
0.17533,1.3863249
0.175332,1.3863249
0.175334,1.3863249
0.175336,1.3863249
0.175338,1.3863249
0.17534,1.3863249
0.175342,1.3863249
0.175344,1.3863249
0.175346,1.3863249
0.175348,1.3863249
0.17535,1.3863249
0.17535199,1.3863249
0.175354,1.3863249
0.175356,1.3863249
0.175358,1.3863249
0.17536,1.3863249
0.175362,1.3863249
0.175364,1.3863249
0.175366,1.3863249
0.175368,1.3863249
0.17537,1.3863249
0.175372,1.3863249
0.175374,1.3863249
0.175376,1.3863249
0.175378,1.3863249
0.17538,1.3863249
0.175382,1.3863249
0.175384,1.3863249
0.175386,1.3863249
0.175388,1.3863249
0.17539,1.3863249
0.175392,1.3863249
0.175394,1.3863249
0.175396,1.3863249
0.17539799,1.3863249
0.1754,1.3863249
0.175402,1.3863249
0.175404,1.3863249
0.175406,1.3863249
0.175408,1.3863249
0.17541,1.3863249
0.175412,1.3863249
0.175414,1.3863249
0.175416,1.3863249
0.175418,1.3863249
0.17542,1.3863249
0.175422,1.3863249
0.175424,1.3863249
0.175426,1.3863249
0.175428,1.3863249
0.17543,1.3863249
0.175432,1.3863249
0.175434,1.3863249
0.175436,1.3863249
0.175438,1.3863249
0.17544,1.3863249
0.175442,1.3863249
0.175444,1.3863249
0.175446,1.3863249
0.175448,1.3863249
0.17545,1.3863249
0.175452,1.3863249
0.175454,1.3863249
0.175456,1.3863249
0.175458,1.3863249
0.17546,1.3863249
0.175462,1.3863249
0.175464,1.3863249
0.175466,1.3863249
0.175468,1.3863249
0.17547,1.3863249
0.175472,1.3863249
0.175474,1.3863249
0.175476,1.3863249
0.175478,1.3863249
0.17548,1.3863249
0.175482,1.3863249
0.175484,1.3863249
0.175486,1.3863249
0.175488,1.3863249
0.17549,0.46169758
0.175492,0.13807821
0.175494,0.13807821
0.175496,0.13807821
0.175498,0.13807821
0.1755,0.13807821
0.175502,0.13807821
0.175504,0.13807821
0.175506,0.13807821
0.17550799,0.13807821
0.17551,0.13807821
0.175512,0.13807821
0.175514,0.091846466
0.175516,0.13807821
0.175518,0.091846466
0.17552,0.091846466
0.175522,0.091846466
0.175524,0.091846466
0.175526,0.091846466
0.175528,0.091846466
0.17553,0.091846466
0.175532,0.091846466
0.175534,0.091846466
0.175536,0.091846466
0.175538,0.091846466
0.17554,0.091846466
0.175542,0.091846466
0.175544,0.091846466
0.175546,0.091846466
0.175548,0.091846466
0.17555,0.091846466
0.175552,0.091846466
0.17555399,0.091846466
0.175556,0.091846466
0.175558,0.091846466
0.17556,0.091846466
0.175562,0.091846466
0.175564,0.091846466
0.175566,0.091846466
0.175568,0.091846466
0.17557,0.091846466
0.175572,0.091846466
0.175574,0.091846466
0.175576,0.091846466
0.175578,0.091846466
0.17558,0.091846466
0.175582,0.091846466
0.175584,0.091846466
0.175586,0.091846466
0.175588,0.091846466
0.17559,0.091846466
0.175592,0.091846466
0.175594,0.091846466
0.175596,0.091846466
0.175598,0.091846466
0.17559999,0.091846466
0.175602,0.091846466
0.175604,0.091846466
0.175606,0.091846466
0.175608,0.091846466
0.17561,0.091846466
0.175612,0.091846466
0.175614,0.091846466
0.175616,0.091846466
0.175618,0.091846466
0.17562,0.091846466
0.175622,0.091846466
0.175624,0.091846466
0.175626,0.091846466
0.175628,0.091846466
0.17563,0.091846466
0.175632,0.091846466
0.175634,0.091846466
0.175636,0.091846466
0.175638,0.091846466
0.17564,0.091846466
0.175642,0.091846466
0.175644,0.091846466
0.17564599,0.091846466
0.175648,0.091846466
0.17565,0.091846466
0.175652,0.091846466
0.175654,0.091846466
0.175656,0.091846466
0.175658,0.091846466
0.17566,0.091846466
0.175662,0.091846466
0.175664,0.091846466
0.175666,0.091846466
0.175668,0.091846466
0.17567,0.091846466
0.175672,0.091846466
0.175674,0.091846466
0.175676,0.091846466
0.175678,0.091846466
0.17568,0.091846466
0.175682,0.091846466
0.175684,0.091846466
0.175686,0.091846466
0.175688,0.091846466
0.17569,0.091846466
0.175692,0.091846466
0.175694,0.091846466
0.175696,0.091846466
0.175698,0.091846466
0.1757,0.091846466
0.175702,0.091846466
0.175704,0.091846466
0.175706,0.091846466
0.175708,0.091846466
0.17571,0.091846466
0.175712,0.091846466
0.175714,0.091846466
0.175716,0.091846466
0.175718,0.091846466
0.17572,0.091846466
0.175722,0.091846466
0.175724,0.091846466
0.175726,0.091846466
0.175728,0.091846466
0.17573,0.091846466
0.175732,0.091846466
0.175734,0.091846466
0.175736,0.091846466
0.175738,0.091846466
0.17574,0.091846466
0.175742,0.091846466
0.175744,0.091846466
0.175746,0.091846466
0.175748,0.091846466
0.17575,0.091846466
0.175752,0.091846466
0.175754,0.091846466
0.17575599,0.091846466
0.175758,0.091846466
0.17576,0.091846466
0.175762,0.091846466
0.175764,0.091846466
0.175766,0.091846466
0.175768,0.091846466
0.17577,0.091846466
0.175772,0.091846466
0.175774,0.091846466
0.175776,0.091846466
0.175778,0.091846466
0.17578,0.091846466
0.175782,0.091846466
0.175784,0.091846466
0.175786,0.091846466
0.175788,0.091846466
0.17579,0.091846466
0.175792,0.091846466
0.175794,0.091846466
0.175796,0.091846466
0.175798,0.091846466
0.1758,0.091846466
0.17580199,0.091846466
0.175804,0.091846466
0.175806,0.091846466
0.175808,0.091846466
0.17581,0.091846466
0.175812,0.091846466
0.175814,0.091846466
0.175816,0.091846466
0.175818,0.091846466
0.17582,0.091846466
0.175822,0.091846466
0.175824,0.091846466
0.175826,0.091846466
0.175828,0.091846466
0.17583,0.091846466
0.175832,0.091846466
0.175834,0.091846466
0.175836,0.091846466
0.175838,0.091846466
0.17584,0.091846466
0.175842,0.091846466
0.175844,0.091846466
0.175846,0.091846466
0.17584799,0.091846466
0.17585,0.091846466
0.175852,0.091846466
0.175854,0.091846466
0.175856,0.091846466
0.175858,0.091846466
0.17586,0.091846466
0.175862,0.091846466
0.175864,0.091846466
0.175866,0.091846466
0.175868,0.091846466
0.17587,0.091846466
0.175872,0.091846466
0.175874,0.091846466
0.175876,0.091846466
0.175878,0.091846466
0.17588,0.091846466
0.175882,0.091846466
0.175884,0.091846466
0.175886,0.091846466
0.175888,0.091846466
0.17589,0.091846466
0.175892,0.091846466
0.17589399,0.091846466
0.175896,0.091846466
0.175898,0.091846466
0.1759,0.091846466
0.175902,0.091846466
0.175904,0.091846466
0.175906,0.091846466
0.175908,0.091846466
0.17591,0.091846466
0.175912,0.091846466
0.175914,0.091846466
0.175916,0.091846466
0.175918,0.091846466
0.17592,0.091846466
0.175922,0.091846466
0.175924,0.091846466
0.175926,0.091846466
0.175928,0.091846466
0.17593,0.091846466
0.175932,0.091846466
0.175934,0.091846466
0.175936,0.091846466
0.175938,0.091846466
0.17594,0.091846466
0.175942,0.091846466
0.175944,0.091846466
0.175946,0.091846466
0.175948,0.091846466
0.17595,0.091846466
0.175952,0.091846466
0.175954,0.091846466
0.175956,0.091846466
0.175958,0.091846466
0.17596,0.091846466
0.175962,0.091846466
0.175964,0.091846466
0.175966,0.091846466
0.175968,0.091846466
0.17597,0.091846466
0.175972,0.091846466
0.175974,0.091846466
0.175976,0.091846466
0.175978,0.091846466
0.17598,0.091846466
0.175982,0.091846466
0.175984,0.091846466
0.175986,0.091846466
0.175988,0.091846466
0.17599,0.091846466
0.175992,0.091846466
0.175994,0.091846466
0.175996,0.091846466
0.175998,0.091846466
0.176,0.091846466
0.176002,0.091846466
0.176004,0.091846466
0.176006,0.091846466
0.176008,0.091846466
0.17601,0.091846466
0.176012,0.091846466
0.176014,0.091846466
0.176016,0.091846466
0.176018,0.091846466
0.17602,0.091846466
0.176022,0.091846466
0.176024,0.091846466
0.176026,0.091846466
0.176028,0.091846466
0.17603,0.091846466
0.176032,0.091846466
0.176034,0.091846466
0.176036,0.091846466
0.176038,0.091846466
0.17604,0.091846466
0.176042,0.091846466
0.176044,0.091846466
0.176046,0.091846466
0.176048,0.091846466
0.17604999,0.091846466
0.176052,0.091846466
0.176054,0.091846466
0.176056,0.091846466
0.176058,0.091846466
0.17606,0.091846466
0.176062,0.091846466
0.176064,0.091846466
0.176066,0.091846466
0.176068,0.091846466
0.17607,0.091846466
0.176072,0.091846466
0.176074,0.091846466
0.176076,0.091846466
0.176078,0.091846466
0.17608,0.091846466
0.176082,0.091846466
0.176084,0.091846466
0.176086,0.091846466
0.176088,0.091846466
0.17609,0.091846466
0.176092,0.091846466
0.176094,0.091846466
0.17609599,0.091846466
0.176098,0.091846466
0.1761,0.091846466
0.176102,0.091846466
0.176104,0.091846466
0.176106,0.091846466
0.176108,0.091846466
0.17611,0.091846466
0.176112,0.091846466
0.176114,0.091846466
0.176116,0.091846466
0.176118,0.091846466
0.17612,0.091846466
0.176122,0.091846466
0.176124,0.091846466
0.176126,0.091846466
0.176128,0.091846466
0.17613,0.091846466
0.176132,0.091846466
0.176134,0.091846466
0.176136,0.091846466
0.176138,0.091846466
0.17614,0.091846466
0.17614199,0.091846466
0.176144,0.091846466
0.176146,0.091846466
0.176148,0.091846466
0.17615,0.091846466
0.176152,0.091846466
0.176154,0.091846466
0.176156,0.091846466
0.176158,0.091846466
0.17616,0.091846466
0.176162,0.091846466
0.176164,0.091846466
0.176166,0.091846466
0.176168,0.091846466
0.17617,0.091846466
0.176172,0.091846466
0.176174,0.091846466
0.176176,0.091846466
0.176178,0.091846466
0.17618,0.091846466
0.176182,0.091846466
0.176184,0.091846466
0.176186,0.091846466
0.176188,0.091846466
0.17619,0.091846466
0.176192,0.091846466
0.176194,0.091846466
0.176196,0.091846466
0.176198,0.091846466
0.1762,0.091846466
0.176202,0.091846466
0.176204,0.091846466
0.176206,0.091846466
0.176208,0.091846466
0.17621,0.091846466
0.176212,0.091846466
0.176214,0.091846466
0.176216,0.091846466
0.176218,0.091846466
0.17622,0.091846466
0.176222,0.091846466
0.176224,0.091846466
0.176226,0.091846466
0.176228,0.091846466
0.17623,0.091846466
0.176232,0.091846466
0.176234,0.091846466
0.176236,0.091846466
0.176238,0.091846466
0.17624,0.091846466
0.176242,0.091846466
0.176244,0.091846466
0.176246,0.091846466
0.176248,0.091846466
0.17625,0.091846466
0.176252,0.091846466
0.176254,0.091846466
0.176256,0.091846466
0.176258,0.091846466
0.17626,0.091846466
0.176262,0.091846466
0.176264,0.091846466
0.176266,0.091846466
0.176268,0.091846466
0.17627,0.091846466
0.176272,0.091846466
0.176274,0.091846466
0.176276,0.091846466
0.176278,0.091846466
0.17628,0.091846466
0.176282,0.091846466
0.176284,0.091846466
0.176286,0.091846466
0.176288,0.091846466
0.17629,0.091846466
0.176292,0.091846466
0.176294,0.091846466
0.176296,0.091846466
0.17629799,0.091846466
0.1763,0.091846466
0.176302,0.091846466
0.176304,0.091846466
0.176306,0.7390857
0.176308,1.3863249
0.17631,1.3400936
0.176312,1.3863249
0.176314,1.3863249
0.176316,1.3863249
0.176318,1.3863249
0.17632,1.3863249
0.176322,1.3863249
0.176324,1.3863249
0.176326,1.3863249
0.176328,1.3863249
0.17633,1.3863249
0.176332,1.3863249
0.176334,1.3863249
0.176336,1.3863249
0.176338,1.3863249
0.17634,1.3863249
0.176342,1.3863249
0.17634399,1.3863249
0.176346,1.3863249
0.176348,1.3863249
0.17635,1.3863249
0.176352,1.3863249
0.176354,1.3863249
0.176356,1.3863249
0.176358,1.3863249
0.17636,1.3863249
0.176362,1.3863249
0.176364,1.3863249
0.176366,1.3863249
0.176368,1.3863249
0.17637,1.3863249
0.176372,1.3863249
0.176374,1.3863249
0.176376,1.3863249
0.176378,1.3863249
0.17638,1.3863249
0.176382,1.3863249
0.176384,1.3863249
0.176386,1.3863249
0.176388,1.3863249
0.17638999,1.3863249
0.176392,1.3863249
0.176394,1.3863249
0.176396,1.3863249
0.176398,1.3863249
0.1764,1.3863249
0.176402,1.3863249
0.176404,1.3863249
0.176406,1.3863249
0.176408,1.3863249
0.17641,1.3863249
0.176412,1.3863249
0.176414,1.3863249
0.176416,1.3863249
0.176418,1.3863249
0.17642,1.3863249
0.176422,1.3863249
0.176424,1.3863249
0.176426,1.3863249
0.176428,1.3863249
0.17643,1.3863249
0.176432,1.3863249
0.176434,1.3863249
0.17643599,1.3863249
0.176438,1.3863249
0.17644,1.3863249
0.176442,1.3863249
0.176444,1.3863249
0.176446,1.3863249
0.176448,1.3863249
0.17645,1.3863249
0.176452,1.3863249
0.176454,1.3863249
0.176456,1.3863249
0.176458,1.3863249
0.17646,1.3863249
0.176462,1.3863249
0.176464,1.3863249
0.176466,1.3863249
0.176468,1.3863249
0.17647,1.3863249
0.176472,1.3863249
0.176474,1.3863249
0.176476,1.3863249
0.176478,1.3863249
0.17648,1.3863249
0.176482,1.3863249
0.176484,1.3863249
0.176486,1.3863249
0.176488,1.3863249
0.17649,1.3863249
0.176492,1.3863249
0.176494,1.3863249
0.176496,1.3863249
0.176498,1.3863249
0.1765,1.3863249
0.176502,1.3863249
0.176504,1.3863249
0.176506,1.3863249
0.176508,1.3863249
0.17651,1.3863249
0.176512,1.3863249
0.176514,1.3863249
0.176516,1.3863249
0.176518,1.3863249
0.17652,1.3863249
0.176522,1.3863249
0.176524,1.3863249
0.176526,1.3863249
0.176528,1.3863249
0.17653,1.3863249
0.176532,1.3863249
0.176534,1.3863249
0.176536,1.3863249
0.176538,1.3863249
0.17654,1.3863249
0.176542,1.3863249
0.176544,1.3863249
0.17654599,1.3863249
0.176548,1.3863249
0.17655,1.3863249
0.176552,1.3863249
0.176554,1.3863249
0.176556,1.3863249
0.176558,1.3863249
0.17656,1.3863249
0.176562,1.3863249
0.176564,1.3863249
0.176566,1.3863249
0.176568,1.3863249
0.17657,1.3863249
0.176572,1.3863249
0.176574,1.3863249
0.176576,1.3863249
0.176578,1.3863249
0.17658,1.3863249
0.176582,1.3863249
0.176584,1.3863249
0.176586,1.3863249
0.176588,1.3863249
0.17659,1.3863249
0.17659199,1.3863249
0.176594,1.3863249
0.176596,1.3863249
0.176598,1.3863249
0.1766,1.3863249
0.176602,1.3863249
0.176604,1.3863249
0.176606,1.3863249
0.176608,1.3863249
0.17661,1.3863249
0.176612,1.3863249
0.176614,1.3863249
0.176616,1.3863249
0.176618,1.3863249
0.17662,1.3863249
0.176622,1.3863249
0.176624,1.3863249
0.176626,1.3863249
0.176628,1.3863249
0.17663,1.3863249
0.176632,1.3863249
0.176634,1.3863249
0.176636,1.3863249
0.17663799,1.3863249
0.17664,1.3863249
0.176642,1.3863249
0.176644,1.3863249
0.176646,1.3863249
0.176648,1.3863249
0.17665,1.3863249
0.176652,1.3863249
0.176654,1.3863249
0.176656,1.3863249
0.176658,1.3863249
0.17666,2.4034152
0.176662,2.6345725
0.176664,2.6345725
0.176666,2.6345725
0.176668,2.6345725
0.17667,2.6345725
0.176672,2.6345725
0.176674,2.6345725
0.176676,2.6345725
0.176678,2.6345725
0.17668,2.6808028
0.176682,2.6808028
0.17668399,2.6808028
0.176686,2.6808028
0.176688,2.6808028
0.17669,2.6808028
0.176692,2.6808028
0.176694,2.6808028
0.176696,2.6808028
0.176698,2.6808028
0.1767,2.6808028
0.176702,2.6808028
0.176704,2.6808028
0.176706,2.6808028
0.176708,2.6808028
0.17671,2.6808028
0.176712,2.6808028
0.176714,2.6808028
0.176716,2.6808028
0.176718,2.6808028
0.17672,2.6808028
0.176722,2.6808028
0.176724,2.6808028
0.176726,2.6808028
0.176728,2.6808028
0.17673,2.6808028
0.176732,2.6808028
0.176734,2.6808028
0.176736,2.6808028
0.176738,2.6808028
0.17674,2.6808028
0.176742,2.6808028
0.176744,2.6808028
0.176746,2.6808028
0.176748,2.6808028
0.17675,2.6808028
0.176752,2.6808028
0.176754,2.6808028
0.176756,2.6808028
0.176758,2.6808028
0.17676,2.6808028
0.176762,2.6808028
0.176764,2.6808028
0.176766,2.6808028
0.176768,2.6808028
0.17677,2.6808028
0.176772,2.6808028
0.176774,2.6808028
0.176776,2.6808028
0.176778,2.6808028
0.17678,2.6808028
0.176782,2.6808028
0.176784,2.6808028
0.176786,2.6808028
0.176788,2.6808028
0.17679,2.6808028
0.176792,2.6808028
0.17679399,2.6808028
0.176796,2.6808028
0.176798,2.6808028
0.1768,2.6808028
0.176802,2.6808028
0.176804,2.6808028
0.176806,2.6808028
0.176808,2.6808028
0.17681,2.6808028
0.176812,2.6808028
0.176814,2.6808028
0.176816,2.6808028
0.176818,2.6808028
0.17682,2.6808028
0.176822,2.6808028
0.176824,2.6808028
0.176826,2.6808028
0.176828,2.6808028
0.17683,2.6808028
0.176832,2.6808028
0.176834,2.6808028
0.176836,2.6808028
0.176838,2.6808028
0.17683999,2.6808028
0.176842,2.6808028
0.176844,2.6808028
0.176846,2.6808028
0.176848,2.6808028
0.17685,2.6808028
0.176852,2.6808028
0.176854,2.6808028
0.176856,2.6808028
0.176858,2.6808028
0.17686,2.6808028
0.176862,2.6808028
0.176864,2.6808028
0.176866,2.6808028
0.176868,2.6808028
0.17687,2.6808028
0.176872,2.6808028
0.176874,2.6808028
0.176876,2.6808028
0.176878,2.6808028
0.17688,2.6808028
0.176882,2.6808028
0.176884,2.6808028
0.17688599,2.6808028
0.176888,2.6808028
0.17689,2.6808028
0.176892,2.6808028
0.176894,2.6808028
0.176896,2.6808028
0.176898,2.6808028
0.1769,2.6808028
0.176902,2.6808028
0.176904,2.6808028
0.176906,2.6808028
0.176908,2.6808028
0.17691,2.6808028
0.176912,2.6808028
0.176914,2.6808028
0.176916,2.6808028
0.176918,2.6808028
0.17692,2.6808028
0.176922,2.6808028
0.176924,2.6808028
0.176926,2.6808028
0.176928,2.6808028
0.17693,2.6808028
0.17693199,2.6808028
0.176934,2.6808028
0.176936,2.6808028
0.176938,2.6808028
0.17694,2.6808028
0.176942,2.6808028
0.176944,2.6808028
0.176946,2.6808028
0.176948,2.6808028
0.17695,2.6808028
0.176952,2.6808028
0.176954,2.6808028
0.176956,2.6808028
0.176958,2.6808028
0.17696,2.6808028
0.176962,2.6808028
0.176964,2.6808028
0.176966,2.6808028
0.176968,2.6808028
0.17697,2.6808028
0.176972,2.6808028
0.176974,2.6808028
0.176976,2.6808028
0.176978,2.6808028
0.17698,2.6808028
0.176982,2.6808028
0.176984,2.6808028
0.176986,3.2818112
0.176988,3.92905
0.17699,3.92905
0.176992,3.92905
0.176994,3.92905
0.176996,3.92905
0.176998,3.9752812
0.177,3.9752812
0.177002,3.9752812
0.177004,3.9752812
0.177006,3.9752812
0.177008,3.9752812
0.17701,3.9752812
0.177012,3.9752812
0.177014,3.9752812
0.177016,3.9752812
0.177018,3.9752812
0.17702,3.9752812
0.177022,3.9752812
0.177024,3.9752812
0.177026,3.9752812
0.177028,3.9752812
0.17703,3.9752812
0.177032,3.9752812
0.177034,3.9752812
0.177036,3.9752812
0.177038,3.9752812
0.17704,3.9752812
0.17704199,3.9752812
0.177044,3.9752812
0.177046,3.9752812
0.177048,3.9752812
0.17705,3.9752812
0.177052,3.9752812
0.177054,3.9752812
0.177056,3.9752812
0.177058,3.9752812
0.17706,3.9752812
0.177062,3.9752812
0.177064,3.9752812
0.177066,3.9752812
0.177068,3.9752812
0.17707,3.9752812
0.177072,3.9752812
0.177074,3.9752812
0.177076,3.9752812
0.177078,3.9752812
0.17708,3.9752812
0.177082,3.9752812
0.177084,3.9752812
0.177086,3.9752812
0.17708799,3.9752812
0.17709,3.9752812
0.177092,3.9752812
0.177094,3.9752812
0.177096,3.9752812
0.177098,3.9752812
0.1771,3.9752812
0.177102,3.9752812
0.177104,3.9752812
0.177106,3.9752812
0.177108,3.9752812
0.17711,3.9752812
0.177112,3.9752812
0.177114,3.9752812
0.177116,3.9752812
0.177118,3.9752812
0.17712,3.9752812
0.177122,3.9752812
0.177124,3.9752812
0.177126,3.9752812
0.177128,3.9752812
0.17713,3.9752812
0.177132,3.9752812
0.17713399,3.9752812
0.177136,3.9752812
0.177138,3.9752812
0.17714,3.9752812
0.177142,3.9752812
0.177144,3.9752812
0.177146,3.9752812
0.177148,3.9752812
0.17715,3.9752812
0.177152,3.9752812
0.177154,3.9752812
0.177156,3.9752812
0.177158,3.9752812
0.17716,3.9752812
0.177162,3.9752812
0.177164,3.9752812
0.177166,3.9752812
0.177168,3.9752812
0.17717,3.9752812
0.177172,3.9752812
0.177174,3.9752812
0.177176,3.9752812
0.177178,3.9752812
0.17717999,3.9752812
0.177182,3.9752812
0.177184,3.9752812
0.177186,3.9752812
0.177188,3.9752812
0.17719,3.9752812
0.177192,3.9752812
0.177194,3.9752812
0.177196,3.9752812
0.177198,3.9752812
0.1772,3.9752812
0.177202,3.9752812
0.177204,3.9752812
0.177206,3.9752812
0.177208,3.9752812
0.17721,3.9752812
0.177212,3.9752812
0.177214,3.9752812
0.177216,3.9752812
0.177218,3.9752812
0.17722,3.9752812
0.177222,3.9752812
0.177224,3.9752812
0.177226,3.9752812
0.177228,3.9752812
0.17723,3.9752812
0.177232,3.9752812
0.177234,3.9752812
0.177236,3.9752812
0.177238,3.9752812
0.17724,3.9752812
0.177242,3.9752812
0.177244,3.9752812
0.177246,3.9752812
0.177248,3.9752812
0.17725,3.9752812
0.177252,3.9752812
0.177254,3.9752812
0.177256,3.9752812
0.177258,3.9752812
0.17726,3.9752812
0.177262,3.9752812
0.177264,3.9752812
0.177266,3.9752812
0.177268,3.9752812
0.17727,3.9752812
0.177272,3.9752812
0.177274,3.9752812
0.177276,3.9752812
0.177278,3.9752812
0.17728,3.9752812
0.177282,3.9752812
0.177284,3.9752812
0.177286,3.9752812
0.177288,3.9752812
0.17729,3.9752812
0.177292,3.9752812
0.177294,3.9752812
0.177296,3.9752812
0.177298,3.9752812
0.1773,3.9752812
0.177302,3.9752812
0.177304,3.9752812
0.177306,3.9752812
0.177308,3.9752812
0.17731,3.9752812
0.177312,3.9752812
0.177314,3.9752812
0.177316,3.9752812
0.177318,3.9752812
0.17732,3.9752812
0.177322,3.9752812
0.177324,3.9752812
0.177326,3.9752812
0.177328,3.9752812
0.17733,3.9752812
0.177332,3.9752812
0.177334,3.9752812
0.17733599,3.9752812
0.177338,3.9752812
0.17734,3.9752812
0.177342,3.9752812
0.177344,3.9752812
0.177346,3.9752812
0.177348,3.9752812
0.17735,3.9752812
0.177352,3.9752812
0.177354,3.9752812
0.177356,3.9752812
0.177358,3.9752812
0.17736,3.9752812
0.177362,3.9752812
0.177364,3.9752812
0.177366,3.9752812
0.177368,3.9752812
0.17737,3.9752812
0.177372,3.9752812
0.177374,3.9752812
0.177376,3.9752812
0.177378,3.9752812
0.17738,3.9752812
0.17738199,3.9752812
0.177384,3.9752812
0.177386,3.9752812
0.177388,3.9752812
0.17739,3.9752812
0.177392,3.9752812
0.177394,3.9752812
0.177396,3.9752812
0.177398,3.9752812
0.1774,3.9752812
0.177402,3.9752812
0.177404,3.9752812
0.177406,3.9752812
0.177408,3.9752812
0.17741,3.9752812
0.177412,3.9752812
0.177414,3.9752812
0.177416,3.9752812
0.177418,3.9752812
0.17742,3.9752812
0.177422,3.9752812
0.177424,3.9752812
0.177426,3.9752812
0.17742799,3.9752812
0.17743,3.9752812
0.177432,3.9752812
0.177434,3.9752812
0.177436,3.9752812
0.177438,3.9752812
0.17744,3.9752812
0.177442,3.9752812
0.177444,3.9752812
0.177446,3.9752812
0.177448,3.9752812
0.17745,3.9752812
0.177452,3.9752812
0.177454,3.9752812
0.177456,3.9752812
0.177458,3.9752812
0.17746,3.9752812
0.177462,3.9752812
0.177464,3.9752812
0.177466,3.9752812
0.177468,3.9752812
0.17747,3.9752812
0.177472,3.9752812
0.17747399,3.9752812
0.177476,3.9752812
0.177478,3.9752812
0.17748,3.9752812
0.177482,3.9752812
0.177484,3.9752812
0.177486,3.9752812
0.177488,3.9752812
0.17749,3.9752812
0.177492,3.9752812
0.177494,3.9752812
0.177496,3.9752812
0.177498,3.9752812
0.1775,3.9752812
0.177502,3.9752812
0.177504,3.9752812
0.177506,3.9752812
0.177508,3.9752812
0.17751,3.9752812
0.177512,3.9752812
0.177514,3.9752812
0.177516,3.9752812
0.177518,3.9752812
0.17752,3.9752812
0.177522,3.9752812
0.177524,3.9752812
0.177526,3.9752812
0.177528,3.9752812
0.17753,3.9752812
0.177532,3.9752812
0.177534,3.9752812
0.177536,3.9752812
0.177538,3.9752812
0.17754,3.9752812
0.177542,3.9752812
0.177544,3.9752812
0.177546,3.9752812
0.177548,3.9752812
0.17755,3.9752812
0.177552,3.9752812
0.177554,3.9752812
0.177556,3.9752812
0.177558,3.9752812
0.17756,3.9752812
0.177562,3.9752812
0.177564,3.9752812
0.177566,3.9752812
0.177568,3.9752812
0.17757,3.9752812
0.177572,3.9752812
0.177574,3.9752812
0.177576,3.9752812
0.177578,3.9752812
0.17758,3.9752812
0.177582,3.9752812
0.17758399,3.9752812
0.177586,3.9752812
0.177588,3.9752812
0.17759,3.9752812
0.177592,3.9752812
0.177594,3.9752812
0.177596,3.9752812
0.177598,3.9752812
0.1776,3.9752812
0.177602,3.9752812
0.177604,3.9752812
0.177606,3.9752812
0.177608,3.9752812
0.17761,3.9752812
0.177612,3.9752812
0.177614,3.9752812
0.177616,3.9752812
0.177618,3.9752812
0.17762,3.9752812
0.177622,3.9752812
0.177624,3.9752812
0.177626,3.9752812
0.177628,3.9752812
0.17762999,3.9752812
0.177632,3.9752812
0.177634,3.9752812
0.177636,3.9752812
0.177638,3.9752812
0.17764,3.9752812
0.177642,3.9752812
0.177644,3.9752812
0.177646,3.9752812
0.177648,3.9752812
0.17765,3.9752812
0.177652,3.9752812
0.177654,3.9752812
0.177656,3.9752812
0.177658,3.9752812
0.17766,3.9752812
0.177662,3.9752812
0.177664,3.9752812
0.177666,3.9752812
0.177668,3.9752812
0.17767,3.9752812
0.177672,3.9752812
0.177674,3.9752812
0.17767599,3.9752812
0.177678,3.9752812
0.17768,3.9752812
0.177682,3.9752812
0.177684,3.9752812
0.177686,3.9752812
0.177688,3.9752812
0.17769,3.9752812
0.177692,3.9752812
0.177694,3.9752812
0.177696,3.9752812
0.177698,3.9752812
0.1777,3.9752812
0.177702,3.9752812
0.177704,3.9752812
0.177706,3.9752812
0.177708,3.9752812
0.17771,3.9752812
0.177712,3.9752812
0.177714,3.9752812
0.177716,3.9752812
0.177718,3.9752812
0.17772,3.9752812
0.17772199,3.9752812
0.177724,3.9752812
0.177726,3.9752812
0.177728,3.9752812
0.17773,3.9752812
0.177732,3.9752812
0.177734,3.9752812
0.177736,3.9752812
0.177738,3.9752812
0.17774,3.9752812
0.177742,3.9752812
0.177744,3.9752812
0.177746,3.9752812
0.177748,3.9752812
0.17775,3.9752812
0.177752,3.9752812
0.177754,3.9752812
0.177756,3.9752812
0.177758,3.9752812
0.17776,3.9752812
0.177762,3.9752812
0.177764,3.9752812
0.177766,3.9752812
0.177768,3.9752812
0.17777,3.9752812
0.177772,3.9752812
0.177774,3.9752812
0.177776,3.9752812
0.177778,3.9752812
0.17778,3.9752812
0.177782,3.9752812
0.177784,3.9752812
0.177786,3.9752812
0.177788,3.9752812
0.17779,3.9752812
0.177792,3.9752812
0.177794,3.9752812
0.177796,3.9752812
0.177798,3.9752812
0.1778,3.9752812
0.177802,3.9752812
0.177804,3.9752812
0.177806,3.9752812
0.177808,3.9752812
0.17781,3.9752812
0.177812,3.9752812
0.177814,3.9752812
0.177816,3.9752812
0.177818,3.9752812
0.17782,3.9752812
0.177822,3.9752812
0.177824,3.9752812
0.177826,3.9752812
0.177828,3.9752812
0.17783,3.9752812
0.17783199,3.9752812
0.177834,3.9752812
0.177836,3.9752812
0.177838,3.9752812
0.17784,3.9752812
0.177842,3.9752812
0.177844,3.9752812
0.177846,3.9752812
0.177848,3.9752812
0.17785,3.9752812
0.177852,3.9752812
0.177854,3.9752812
0.177856,3.9752812
0.177858,3.9752812
0.17786,3.9752812
0.177862,3.9752812
0.177864,3.9752812
0.177866,3.9752812
0.177868,3.9752812
0.17787,3.9752812
0.177872,3.9752812
0.177874,3.9752812
0.177876,3.9752812
0.17787799,3.9752812
0.17788,3.9752812
0.177882,3.9752812
0.177884,3.9752812
0.177886,3.9752812
0.177888,3.9752812
0.17789,3.9752812
0.177892,3.9752812
0.177894,3.9752812
0.177896,3.9752812
0.177898,3.9752812
0.1779,3.9752812
0.177902,3.9752812
0.177904,3.9752812
0.177906,3.9752812
0.177908,3.9752812
0.17791,3.9752812
0.177912,3.9752812
0.177914,3.9752812
0.177916,3.9752812
0.177918,3.9752812
0.17792,3.9752812
0.177922,3.9752812
0.17792399,3.9752812
0.177926,3.9752812
0.177928,3.9752812
0.17793,3.9752812
0.177932,3.9752812
0.177934,3.9752812
0.177936,3.9752812
0.177938,3.9752812
0.17794,3.9752812
0.177942,3.9752812
0.177944,3.9752812
0.177946,3.9752812
0.177948,3.9752812
0.17795,3.9752812
0.177952,3.9752812
0.177954,3.9752812
0.177956,3.9752812
0.177958,3.9752812
0.17796,3.9752812
0.177962,3.9752812
0.177964,3.9752812
0.177966,3.9752812
0.177968,3.9752812
0.17796999,3.9752812
0.177972,3.9752812
0.177974,3.9752812
0.177976,3.9752812
0.177978,3.9752812
0.17798,3.9752812
0.177982,3.9752812
0.177984,3.9752812
0.177986,3.9752812
0.177988,3.9752812
0.17799,3.9752812
0.177992,3.9752812
0.177994,3.9752812
0.177996,3.9752812
0.177998,3.9752812
0.178,3.9752812
0.178002,3.9752812
0.178004,3.9752812
0.178006,3.9752812
0.178008,3.9752812
0.17801,3.9752812
0.178012,3.9752812
0.178014,3.9752812
0.178016,3.9752812
0.178018,3.9752812
0.17802,3.9752812
0.178022,3.9752812
0.178024,3.9752812
0.178026,3.9752812
0.178028,3.9752812
0.17803,3.9752812
0.178032,3.9752812
0.178034,3.9752812
0.178036,3.9752812
0.178038,3.9752812
0.17804,3.9752812
0.178042,3.9752812
0.178044,3.9752812
0.178046,3.9752812
0.178048,3.9752812
0.17805,3.9752812
0.178052,3.9752812
0.178054,3.9752812
0.178056,3.9752812
0.178058,3.9752812
0.17806,3.9752812
0.178062,3.9752812
0.178064,3.9752812
0.178066,3.9752812
0.178068,3.9752812
0.17807,3.9752812
0.178072,3.9752812
0.178074,3.9752812
0.178076,3.9752812
0.178078,3.9752812
0.17807999,3.9752812
0.178082,3.9752812
0.178084,3.9752812
0.178086,3.9752812
0.178088,3.9752812
0.17809,3.9752812
0.178092,3.9752812
0.178094,3.9752812
0.178096,3.9752812
0.178098,3.9752812
0.1781,3.9752812
0.178102,3.9752812
0.178104,3.9752812
0.178106,3.9752812
0.178108,3.9752812
0.17811,3.9752812
0.178112,3.9752812
0.178114,3.9752812
0.178116,3.9752812
0.178118,3.9752812
0.17812,3.9752812
0.178122,3.9752812
0.178124,3.9752812
0.17812599,3.9752812
0.178128,3.9752812
0.17813,2.7732663
0.178132,2.727035
0.178134,2.727035
0.178136,2.727035
0.178138,2.727035
0.17814,2.727035
0.178142,2.727035
0.178144,2.727035
0.178146,2.727035
0.178148,2.6808028
0.17815,2.727035
0.178152,2.6808028
0.178154,2.6808028
0.178156,2.6808028
0.178158,2.6808028
0.17816,2.6808028
0.178162,2.6808028
0.178164,2.6808028
0.178166,2.6808028
0.178168,2.6808028
0.17817,2.6808028
0.17817199,2.6808028
0.178174,2.6808028
0.178176,2.6808028
0.178178,2.6808028
0.17818,2.6808028
0.178182,2.6808028
0.178184,2.6808028
0.178186,2.6808028
0.178188,2.6808028
0.17819,2.6808028
0.178192,2.6808028
0.178194,2.6808028
0.178196,2.6808028
0.178198,2.6808028
0.1782,2.6808028
0.178202,2.6808028
0.178204,2.6808028
0.178206,2.6808028
0.178208,2.6808028
0.17821,2.6808028
0.178212,2.6808028
0.178214,2.6808028
0.178216,2.6808028
0.17821799,2.6808028
0.17822,2.6808028
0.178222,2.6808028
0.178224,2.6808028
0.178226,2.6808028
0.178228,2.6808028
0.17823,2.6808028
0.178232,2.6808028
0.178234,2.6808028
0.178236,2.6808028
0.178238,2.6808028
0.17824,2.6808028
0.178242,2.6808028
0.178244,2.6808028
0.178246,2.6808028
0.178248,2.6808028
0.17825,2.6808028
0.178252,2.6808028
0.178254,2.6808028
0.178256,2.6808028
0.178258,2.6808028
0.17826,2.6808028
0.178262,2.6808028
0.178264,2.6808028
0.178266,2.6808028
0.178268,2.6808028
0.17827,2.6808028
0.178272,2.6808028
0.178274,2.6808028
0.178276,2.6808028
0.178278,2.6808028
0.17828,2.6808028
0.178282,2.6808028
0.178284,2.6808028
0.178286,2.6808028
0.178288,2.6808028
0.17829,2.6808028
0.178292,2.6808028
0.178294,2.6808028
0.178296,2.6808028
0.178298,2.6808028
0.1783,2.6808028
0.178302,2.6808028
0.178304,2.6808028
0.178306,2.6808028
0.178308,2.6808028
0.17831,2.6808028
0.178312,2.6808028
0.178314,2.6808028
0.178316,2.6808028
0.178318,2.6808028
0.17832,2.6808028
0.178322,2.6808028
0.178324,2.6808028
0.178326,2.6808028
0.178328,2.6808028
0.17833,2.6808028
0.178332,2.6808028
0.178334,2.6808028
0.178336,2.6808028
0.178338,2.6808028
0.17834,2.6808028
0.178342,2.6808028
0.178344,2.6808028
0.178346,2.6808028
0.178348,2.6808028
0.17835,2.6808028
0.178352,2.6808028
0.178354,2.6808028
0.178356,2.6808028
0.178358,2.6808028
0.17836,2.6808028
0.178362,2.6808028
0.178364,2.6808028
0.178366,2.6808028
0.178368,2.6808028
0.17837,2.6808028
0.178372,2.6808028
0.17837399,2.6808028
0.178376,2.6808028
0.178378,2.6808028
0.17838,2.6808028
0.178382,2.6808028
0.178384,2.6808028
0.178386,2.6808028
0.178388,2.6808028
0.17839,2.6808028
0.178392,2.6808028
0.178394,2.6808028
0.178396,2.6808028
0.178398,2.6808028
0.1784,2.6808028
0.178402,2.6808028
0.178404,2.6808028
0.178406,2.6808028
0.178408,2.6808028
0.17841,2.6808028
0.178412,2.6808028
0.178414,2.6808028
0.178416,2.6808028
0.178418,2.6808028
0.17841999,2.6808028
0.178422,2.6808028
0.178424,2.6808028
0.178426,2.6808028
0.178428,2.6808028
0.17843,2.6808028
0.178432,2.6808028
0.178434,2.6808028
0.178436,2.6808028
0.178438,2.6808028
0.17844,2.6808028
0.178442,2.6808028
0.178444,2.6808028
0.178446,2.6808028
0.178448,2.6808028
0.17845,2.6808028
0.178452,2.6808028
0.178454,2.6808028
0.178456,1.7099442
0.178458,1.4787879
0.17846,1.4325566
0.178462,1.4325566
0.178464,1.4325566
0.17846599,1.4325566
0.178468,1.4325566
0.17847,1.4325566
0.178472,1.4325566
0.178474,1.4325566
0.178476,1.4325566
0.178478,1.4325566
0.17848,1.4325566
0.178482,1.4325566
0.178484,1.4325566
0.178486,1.4325566
0.178488,1.4325566
0.17849,1.4325566
0.178492,1.4325566
0.178494,1.3863249
0.178496,1.4325566
0.178498,1.3863249
0.1785,1.3863249
0.178502,1.3863249
0.178504,1.3863249
0.178506,1.3863249
0.178508,1.3863249
0.17851,1.3863249
0.178512,1.3863249
0.178514,1.3863249
0.178516,1.3863249
0.178518,1.3863249
0.17852,1.3863249
0.178522,1.3863249
0.178524,1.3863249
0.178526,1.3863249
0.178528,1.3863249
0.17853,1.3863249
0.178532,1.3863249
0.178534,1.3863249
0.178536,1.3863249
0.178538,1.3863249
0.17854,1.3863249
0.178542,1.3863249
0.178544,1.3863249
0.178546,1.3863249
0.178548,1.3863249
0.17855,1.3863249
0.178552,1.3863249
0.178554,1.3863249
0.178556,1.3863249
0.178558,1.3863249
0.17856,1.3863249
0.178562,1.3863249
0.178564,1.3863249
0.178566,1.3863249
0.178568,1.3863249
0.17857,1.3863249
0.178572,1.3863249
0.178574,1.3863249
0.178576,1.3863249
0.178578,1.3863249
0.17858,1.3863249
0.178582,1.3863249
0.178584,1.3863249
0.178586,1.3863249
0.178588,1.3863249
0.17859,1.3863249
0.178592,1.3863249
0.178594,1.3863249
0.178596,1.3863249
0.178598,1.3863249
0.1786,1.3863249
0.178602,1.3863249
0.178604,1.3863249
0.178606,1.3863249
0.178608,1.3863249
0.17861,1.3863249
0.178612,1.3863249
0.178614,1.3863249
0.178616,1.3863249
0.178618,1.3863249
0.17862,1.3863249
0.17862199,1.3863249
0.178624,1.3863249
0.178626,1.3863249
0.178628,1.3863249
0.17863,1.3863249
0.178632,1.3863249
0.178634,1.3863249
0.178636,1.3863249
0.178638,1.3863249
0.17864,1.3863249
0.178642,1.3863249
0.178644,1.3863249
0.178646,1.3863249
0.178648,1.3863249
0.17865,1.3863249
0.178652,1.3863249
0.178654,1.3863249
0.178656,1.3863249
0.178658,1.3863249
0.17866,1.3863249
0.178662,1.3863249
0.178664,1.3863249
0.178666,1.3863249
0.17866799,1.3863249
0.17867,1.3863249
0.178672,1.3863249
0.178674,1.3863249
0.178676,1.3863249
0.178678,1.3863249
0.17868,1.3863249
0.178682,1.3863249
0.178684,1.3863249
0.178686,1.3863249
0.178688,1.3863249
0.17869,1.3863249
0.178692,1.3863249
0.178694,1.3863249
0.178696,1.3863249
0.178698,1.3863249
0.1787,1.3863249
0.178702,1.3863249
0.178704,1.3863249
0.178706,1.3863249
0.178708,1.3863249
0.17871,1.3863249
0.178712,1.3863249
0.17871399,1.3863249
0.178716,1.3863249
0.178718,1.3863249
0.17872,1.3863249
0.178722,1.3863249
0.178724,1.3863249
0.178726,1.3863249
0.178728,1.3863249
0.17873,1.3863249
0.178732,1.3863249
0.178734,1.3863249
0.178736,1.3863249
0.178738,1.3863249
0.17874,1.3863249
0.178742,1.3863249
0.178744,1.3863249
0.178746,1.3863249
0.178748,1.3863249
0.17875,1.3863249
0.178752,1.3863249
0.178754,1.3863249
0.178756,1.3863249
0.178758,1.3863249
0.17875999,1.3863249
0.178762,1.3863249
0.178764,1.3863249
0.178766,1.3863249
0.178768,1.3863249
0.17877,1.3863249
0.178772,1.3863249
0.178774,1.3863249
0.178776,1.3863249
0.178778,1.3863249
0.17878,1.3863249
0.178782,1.3863249
0.178784,1.3863249
0.178786,1.3863249
0.178788,1.3863249
0.17879,1.3863249
0.178792,1.3863249
0.178794,1.3863249
0.178796,1.3863249
0.178798,1.3863249
0.1788,1.3863249
0.178802,1.3863249
0.178804,1.3863249
0.178806,1.3863249
0.178808,1.3863249
0.17881,0.4154663
0.178812,0.13807821
0.178814,0.13807821
0.178816,0.13807821
0.178818,0.13807821
0.17882,0.13807821
0.178822,0.13807821
0.178824,0.13807821
0.178826,0.13807821
0.178828,0.13807821
0.17883,0.13807821
0.178832,0.13807821
0.178834,0.091846466
0.178836,0.091846466
0.178838,0.091846466
0.17884,0.091846466
0.178842,0.091846466
0.178844,0.091846466
0.178846,0.091846466
0.178848,0.091846466
0.17885,0.091846466
0.178852,0.091846466
0.178854,0.091846466
0.178856,0.091846466
0.178858,0.091846466
0.17886,0.091846466
0.178862,0.091846466
0.178864,0.091846466
0.178866,0.091846466
0.178868,0.091846466
0.17886999,0.091846466
0.178872,0.091846466
0.178874,0.091846466
0.178876,0.091846466
0.178878,0.091846466
0.17888,0.091846466
0.178882,0.091846466
0.178884,0.091846466
0.178886,0.091846466
0.178888,0.091846466
0.17889,0.091846466
0.178892,0.091846466
0.178894,0.091846466
0.178896,0.091846466
0.178898,0.091846466
0.1789,0.091846466
0.178902,0.091846466
0.178904,0.091846466
0.178906,0.091846466
0.178908,0.091846466
0.17891,0.091846466
0.178912,0.091846466
0.178914,0.091846466
0.17891599,0.091846466
0.178918,0.091846466
0.17892,0.091846466
0.178922,0.091846466
0.178924,0.091846466
0.178926,0.091846466
0.178928,0.091846466
0.17893,0.091846466
0.178932,0.091846466
0.178934,0.091846466
0.178936,0.091846466
0.178938,0.091846466
0.17894,0.091846466
0.178942,0.091846466
0.178944,0.091846466
0.178946,0.091846466
0.178948,0.091846466
0.17895,0.091846466
0.178952,0.091846466
0.178954,0.091846466
0.178956,0.091846466
0.178958,0.091846466
0.17896,0.091846466
0.17896199,0.091846466
0.178964,0.091846466
0.178966,0.091846466
0.178968,0.091846466
0.17897,0.091846466
0.178972,0.091846466
0.178974,0.091846466
0.178976,0.091846466
0.178978,0.091846466
0.17898,0.091846466
0.178982,0.091846466
0.178984,0.091846466
0.178986,0.091846466
0.178988,0.091846466
0.17899,0.091846466
0.178992,0.091846466
0.178994,0.091846466
0.178996,0.091846466
0.178998,0.091846466
0.179,0.091846466
0.179002,0.091846466
0.179004,0.091846466
0.179006,0.091846466
0.17900799,0.091846466
0.17901,0.091846466
0.179012,0.091846466
0.179014,0.091846466
0.179016,0.091846466
0.179018,0.091846466
0.17902,0.091846466
0.179022,0.091846466
0.179024,0.091846466
0.179026,0.091846466
0.179028,0.091846466
0.17903,0.091846466
0.179032,0.091846466
0.179034,0.091846466
0.179036,0.091846466
0.179038,0.091846466
0.17904,0.091846466
0.179042,0.091846466
0.179044,0.091846466
0.179046,0.091846466
0.179048,0.091846466
0.17905,0.091846466
0.179052,0.091846466
0.179054,0.091846466
0.179056,0.091846466
0.179058,0.091846466
0.17906,0.091846466
0.179062,0.091846466
0.179064,0.091846466
0.179066,0.091846466
0.179068,0.091846466
0.17907,0.091846466
0.179072,0.091846466
0.179074,0.091846466
0.179076,0.091846466
0.179078,0.091846466
0.17908,0.091846466
0.179082,0.091846466
0.179084,0.091846466
0.179086,0.091846466
0.179088,0.091846466
0.17909,0.091846466
0.179092,0.091846466
0.179094,0.091846466
0.179096,0.091846466
0.179098,0.091846466
0.1791,0.091846466
0.179102,0.091846466
0.179104,0.091846466
0.179106,0.091846466
0.179108,0.091846466
0.17911,0.091846466
0.179112,0.091846466
0.179114,0.091846466
0.179116,0.091846466
0.17911799,0.091846466
0.17912,0.091846466
0.179122,0.091846466
0.179124,0.091846466
0.179126,0.091846466
0.179128,0.091846466
0.17913,0.091846466
0.179132,0.091846466
0.179134,0.091846466
0.179136,0.091846466
0.179138,0.091846466
0.17914,0.091846466
0.179142,0.091846466
0.179144,0.091846466
0.179146,0.091846466
0.179148,0.091846466
0.17915,0.091846466
0.179152,0.091846466
0.179154,0.091846466
0.179156,0.091846466
0.179158,0.091846466
0.17916,0.091846466
0.179162,0.091846466
0.17916399,0.091846466
0.179166,0.091846466
0.179168,0.091846466
0.17917,0.091846466
0.179172,0.091846466
0.179174,0.091846466
0.179176,0.091846466
0.179178,0.091846466
0.17918,0.091846466
0.179182,0.091846466
0.179184,0.091846466
0.179186,0.091846466
0.179188,0.091846466
0.17919,0.091846466
0.179192,0.091846466
0.179194,0.091846466
0.179196,0.091846466
0.179198,0.091846466
0.1792,0.091846466
0.179202,0.091846466
0.179204,0.091846466
0.179206,0.091846466
0.179208,0.091846466
0.17920999,0.091846466
0.179212,0.091846466
0.179214,0.091846466
0.179216,0.091846466
0.179218,0.091846466
0.17922,0.091846466
0.179222,0.091846466
0.179224,0.091846466
0.179226,0.091846466
0.179228,0.091846466
0.17923,0.091846466
0.179232,0.091846466
0.179234,0.091846466
0.179236,0.091846466
0.179238,0.091846466
0.17924,0.091846466
0.179242,0.091846466
0.179244,0.091846466
0.179246,0.091846466
0.179248,0.091846466
0.17925,0.091846466
0.179252,0.091846466
0.179254,0.091846466
0.17925599,0.091846466
0.179258,0.091846466
0.17926,0.091846466
0.179262,0.091846466
0.179264,0.091846466
0.179266,0.091846466
0.179268,0.091846466
0.17927,0.091846466
0.179272,0.091846466
0.179274,0.091846466
0.179276,0.091846466
0.179278,0.091846466
0.17928,0.091846466
0.179282,0.091846466
0.179284,0.091846466
0.179286,0.091846466
0.179288,0.091846466
0.17929,0.091846466
0.179292,0.091846466
0.179294,0.091846466
0.179296,0.091846466
0.179298,0.091846466
0.1793,0.091846466
0.179302,0.091846466
0.179304,0.091846466
0.179306,0.091846466
0.179308,0.091846466
0.17931,0.091846466
0.179312,0.091846466
0.179314,0.091846466
0.179316,0.091846466
0.179318,0.091846466
0.17932,0.091846466
0.179322,0.091846466
0.179324,0.091846466
0.179326,0.091846466
0.179328,0.091846466
0.17933,0.091846466
0.179332,0.091846466
0.179334,0.091846466
0.179336,0.091846466
0.179338,0.091846466
0.17934,0.091846466
0.179342,0.091846466
0.179344,0.091846466
0.179346,0.091846466
0.179348,0.091846466
0.17935,0.091846466
0.179352,0.091846466
0.179354,0.091846466
0.179356,0.091846466
0.179358,0.091846466
0.17936,0.091846466
0.179362,0.091846466
0.179364,0.091846466
0.17936599,0.091846466
0.179368,0.091846466
0.17937,0.091846466
0.179372,0.091846466
0.179374,0.091846466
0.179376,0.091846466
0.179378,0.091846466
0.17938,0.091846466
0.179382,0.091846466
0.179384,0.091846466
0.179386,0.091846466
0.179388,0.091846466
0.17939,0.091846466
0.179392,0.091846466
0.179394,0.091846466
0.179396,0.091846466
0.179398,0.091846466
0.1794,0.091846466
0.179402,0.091846466
0.179404,0.091846466
0.179406,0.091846466
0.179408,0.091846466
0.17941,0.091846466
0.17941199,0.091846466
0.179414,0.091846466
0.179416,0.091846466
0.179418,0.091846466
0.17942,0.091846466
0.179422,0.091846466
0.179424,0.091846466
0.179426,0.091846466
0.179428,0.091846466
0.17943,0.091846466
0.179432,0.091846466
0.179434,0.091846466
0.179436,0.091846466
0.179438,0.091846466
0.17944,0.091846466
0.179442,0.091846466
0.179444,0.091846466
0.179446,0.091846466
0.179448,0.091846466
0.17945,0.091846466
0.179452,0.091846466
0.179454,0.091846466
0.179456,0.091846466
0.17945799,0.091846466
0.17946,0.091846466
0.179462,0.091846466
0.179464,0.091846466
0.179466,0.091846466
0.179468,0.091846466
0.17947,0.091846466
0.179472,0.091846466
0.179474,0.091846466
0.179476,0.091846466
0.179478,0.091846466
0.17948,0.091846466
0.179482,0.091846466
0.179484,0.091846466
0.179486,0.091846466
0.179488,0.091846466
0.17949,0.091846466
0.179492,0.091846466
0.179494,0.091846466
0.179496,0.091846466
0.179498,0.091846466
0.1795,0.091846466
0.179502,0.091846466
0.17950399,0.091846466
0.179506,0.091846466
0.179508,0.091846466
0.17951,0.091846466
0.179512,0.091846466
0.179514,0.091846466
0.179516,0.091846466
0.179518,0.091846466
0.17952,0.091846466
0.179522,0.091846466
0.179524,0.091846466
0.179526,0.091846466
0.179528,0.091846466
0.17953,0.091846466
0.179532,0.091846466
0.179534,0.091846466
0.179536,0.091846466
0.179538,0.091846466
0.17954,0.091846466
0.179542,0.091846466
0.179544,0.091846466
0.179546,0.091846466
0.179548,0.091846466
0.17955,0.091846466
0.179552,0.091846466
0.179554,0.091846466
0.179556,0.091846466
0.179558,0.091846466
0.17956,0.091846466
0.179562,0.091846466
0.179564,0.091846466
0.179566,0.091846466
0.179568,0.091846466
0.17957,0.091846466
0.179572,0.091846466
0.179574,0.091846466
0.179576,0.091846466
0.179578,0.091846466
0.17958,0.091846466
0.179582,0.091846466
0.179584,0.091846466
0.179586,0.091846466
0.179588,0.091846466
0.17959,0.091846466
0.179592,0.091846466
0.179594,0.091846466
0.179596,0.091846466
0.179598,0.091846466
0.1796,0.091846466
0.179602,0.091846466
0.179604,0.091846466
0.179606,0.091846466
0.179608,0.091846466
0.17961,0.091846466
0.179612,0.091846466
0.179614,0.091846466
0.179616,0.091846466
0.179618,0.091846466
0.17962,0.091846466
0.179622,0.091846466
0.179624,0.091846466
0.179626,0.6928544
0.179628,1.3863249
0.17963,1.3400936
0.179632,1.3863249
0.179634,1.3863249
0.179636,1.3863249
0.179638,1.3863249
0.17964,1.3863249
0.179642,1.3863249
0.179644,1.3863249
0.179646,1.3863249
0.179648,1.3863249
0.17965,1.3863249
0.179652,1.3863249
0.179654,1.3863249
0.179656,1.3863249
0.179658,1.3863249
0.17965999,1.3863249
0.179662,1.3863249
0.179664,1.3863249
0.179666,1.3863249
0.179668,1.3863249
0.17967,1.3863249
0.179672,1.3863249
0.179674,1.3863249
0.179676,1.3863249
0.179678,1.3863249
0.17968,1.3863249
0.179682,1.3863249
0.179684,1.3863249
0.179686,1.3863249
0.179688,1.3863249
0.17969,1.3863249
0.179692,1.3863249
0.179694,1.3863249
0.179696,1.3863249
0.179698,1.3863249
0.1797,1.3863249
0.179702,1.3863249
0.179704,1.3863249
0.17970599,1.3863249
0.179708,1.3863249
0.17971,1.3863249
0.179712,1.3863249
0.179714,1.3863249
0.179716,1.3863249
0.179718,1.3863249
0.17972,1.3863249
0.179722,1.3863249
0.179724,1.3863249
0.179726,1.3863249
0.179728,1.3863249
0.17973,1.3863249
0.179732,1.3863249
0.179734,1.3863249
0.179736,1.3863249
0.179738,1.3863249
0.17974,1.3863249
0.179742,1.3863249
0.179744,1.3863249
0.179746,1.3863249
0.179748,1.3863249
0.17975,1.3863249
0.17975199,1.3863249
0.179754,1.3863249
0.179756,1.3863249
0.179758,1.3863249
0.17976,1.3863249
0.179762,1.3863249
0.179764,1.3863249
0.179766,1.3863249
0.179768,1.3863249
0.17977,1.3863249
0.179772,1.3863249
0.179774,1.3863249
0.179776,1.3863249
0.179778,1.3863249
0.17978,1.3863249
0.179782,1.3863249
0.179784,1.3863249
0.179786,1.3863249
0.179788,1.3863249
0.17979,1.3863249
0.179792,1.3863249
0.179794,1.3863249
0.179796,1.3863249
0.17979799,1.3863249
0.1798,1.3863249
0.179802,1.3863249
0.179804,1.3863249
0.179806,1.3863249
0.179808,1.3863249
0.17981,1.3863249
0.179812,1.3863249
0.179814,1.3863249
0.179816,1.3863249
0.179818,1.3863249
0.17982,1.3863249
0.179822,1.3863249
0.179824,1.3863249
0.179826,1.3863249
0.179828,1.3863249
0.17983,1.3863249
0.179832,1.3863249
0.179834,1.3863249
0.179836,1.3863249
0.179838,1.3863249
0.17984,1.3863249
0.179842,1.3863249
0.179844,1.3863249
0.179846,1.3863249
0.179848,1.3863249
0.17985,1.3863249
0.179852,1.3863249
0.179854,1.3863249
0.179856,1.3863249
0.179858,1.3863249
0.17986,1.3863249
0.179862,1.3863249
0.179864,1.3863249
0.179866,1.3863249
0.179868,1.3863249
0.17987,1.3863249
0.179872,1.3863249
0.179874,1.3863249
0.179876,1.3863249
0.179878,1.3863249
0.17988,1.3863249
0.179882,1.3863249
0.179884,1.3863249
0.179886,1.3863249
0.179888,1.3863249
0.17989,1.3863249
0.179892,1.3863249
0.179894,1.3863249
0.179896,1.3863249
0.179898,1.3863249
0.1799,1.3863249
0.179902,1.3863249
0.179904,1.3863249
0.179906,1.3863249
0.17990799,1.3863249
0.17991,1.3863249
0.179912,1.3863249
0.179914,1.3863249
0.179916,1.3863249
0.179918,1.3863249
0.17992,1.3863249
0.179922,1.3863249
0.179924,1.3863249
0.179926,1.3863249
0.179928,1.3863249
0.17993,1.3863249
0.179932,1.3863249
0.179934,1.3863249
0.179936,1.3863249
0.179938,1.3863249
0.17994,1.3863249
0.179942,1.3863249
0.179944,1.3863249
0.179946,1.3863249
0.179948,1.3863249
0.17995,1.3863249
0.179952,1.3863249
0.17995399,1.3863249
0.179956,1.3863249
0.179958,1.3863249
0.17996,1.3863249
0.179962,1.3863249
0.179964,1.3863249
0.179966,1.3863249
0.179968,1.3863249
0.17997,1.3863249
0.179972,1.3863249
0.179974,1.3863249
0.179976,1.3863249
0.179978,1.3863249
0.17998,1.3863249
0.179982,1.3863249
0.179984,1.3863249
0.179986,1.3863249
0.179988,1.3863249
0.17999,1.3863249
0.179992,1.3863249
0.179994,1.3863249
0.179996,1.3863249
0.179998,1.3863249
0.17999999,1.3863249
0.180002,1.3863249
0.180004,1.3863249
0.180006,1.3863249
0.180008,2.542109
0.18001,2.6345725
0.180012,2.6345725
0.180014,2.6345725
0.180016,2.6345725
0.180018,2.6345725
0.18002,2.6345725
0.180022,2.6345725
0.180024,2.6808028
0.180026,2.6808028
0.180028,2.6808028
0.18003,2.6808028
0.180032,2.6808028
0.180034,2.6808028
0.180036,2.6808028
0.180038,2.6808028
0.18004,2.6808028
0.180042,2.6808028
0.180044,2.6808028
0.18004599,2.6808028
0.180048,2.6808028
0.18005,2.6808028
0.180052,2.6808028
0.180054,2.6808028
0.180056,2.6808028
0.180058,2.6808028
0.18006,2.6808028
0.180062,2.6808028
0.180064,2.6808028
0.180066,2.6808028
0.180068,2.6808028
0.18007,2.6808028
0.180072,2.6808028
0.180074,2.6808028
0.180076,2.6808028
0.180078,2.6808028
0.18008,2.6808028
0.180082,2.6808028
0.180084,2.6808028
0.180086,2.6808028
0.180088,2.6808028
0.18009,2.6808028
0.180092,2.6808028
0.180094,2.6808028
0.180096,2.6808028
0.180098,2.6808028
0.1801,2.6808028
0.180102,2.6808028
0.180104,2.6808028
0.180106,2.6808028
0.180108,2.6808028
0.18011,2.6808028
0.180112,2.6808028
0.180114,2.6808028
0.180116,2.6808028
0.180118,2.6808028
0.18012,2.6808028
0.180122,2.6808028
0.180124,2.6808028
0.180126,2.6808028
0.180128,2.6808028
0.18013,2.6808028
0.180132,2.6808028
0.180134,2.6808028
0.180136,2.6808028
0.180138,2.6808028
0.18014,2.6808028
0.180142,2.6808028
0.180144,2.6808028
0.180146,2.6808028
0.180148,2.6808028
0.18015,2.6808028
0.180152,2.6808028
0.180154,2.6808028
0.18015599,2.6808028
0.180158,2.6808028
0.18016,2.6808028
0.180162,2.6808028
0.180164,2.6808028
0.180166,2.6808028
0.180168,2.6808028
0.18017,2.6808028
0.180172,2.6808028
0.180174,2.6808028
0.180176,2.6808028
0.180178,2.6808028
0.18018,2.6808028
0.180182,2.6808028
0.180184,2.6808028
0.180186,2.6808028
0.180188,2.6808028
0.18019,2.6808028
0.180192,2.6808028
0.180194,2.6808028
0.180196,2.6808028
0.180198,2.6808028
0.1802,2.6808028
0.18020199,2.6808028
0.180204,2.6808028
0.180206,2.6808028
0.180208,2.6808028
0.18021,2.6808028
0.180212,2.6808028
0.180214,2.6808028
0.180216,2.6808028
0.180218,2.6808028
0.18022,2.6808028
0.180222,2.6808028
0.180224,2.6808028
0.180226,2.6808028
0.180228,2.6808028
0.18023,2.6808028
0.180232,2.6808028
0.180234,2.6808028
0.180236,2.6808028
0.180238,2.6808028
0.18024,2.6808028
0.180242,2.6808028
0.180244,2.6808028
0.180246,2.6808028
0.18024799,2.6808028
0.18025,2.6808028
0.180252,2.6808028
0.180254,2.6808028
0.180256,2.6808028
0.180258,2.6808028
0.18026,2.6808028
0.180262,2.6808028
0.180264,2.6808028
0.180266,2.6808028
0.180268,2.6808028
0.18027,2.6808028
0.180272,2.6808028
0.180274,2.6808028
0.180276,2.6808028
0.180278,2.6808028
0.18028,2.6808028
0.180282,2.6808028
0.180284,2.6808028
0.180286,2.6808028
0.180288,2.6808028
0.18029,2.6808028
0.180292,2.6808028
0.18029399,2.6808028
0.180296,2.6808028
0.180298,2.6808028
0.1803,2.6808028
0.180302,2.6808028
0.180304,2.6808028
0.180306,2.6808028
0.180308,2.6808028
0.18031,2.6808028
0.180312,2.6808028
0.180314,2.6808028
0.180316,2.6808028
0.180318,2.6808028
0.18032,2.6808028
0.180322,2.6808028
0.180324,2.6808028
0.180326,2.6808028
0.180328,2.6808028
0.18033,2.6808028
0.180332,2.6808028
0.180334,3.6516623
0.180336,3.9752812
0.180338,3.92905
0.18034,3.92905
0.180342,3.92905
0.180344,3.9752812
0.180346,3.9752812
0.180348,3.9752812
0.18035,3.9752812
0.180352,3.9752812
0.180354,3.9752812
0.180356,3.9752812
0.180358,3.9752812
0.18036,3.9752812
0.180362,3.9752812
0.180364,3.9752812
0.180366,3.9752812
0.180368,3.9752812
0.18037,3.9752812
0.180372,3.9752812
0.180374,3.9752812
0.180376,3.9752812
0.180378,3.9752812
0.18038,3.9752812
0.180382,3.9752812
0.180384,3.9752812
0.180386,3.9752812
0.180388,3.9752812
0.18039,3.9752812
0.180392,3.9752812
0.180394,3.9752812
0.180396,3.9752812
0.180398,3.9752812
0.1804,3.9752812
0.180402,3.9752812
0.18040399,3.9752812
0.180406,3.9752812
0.180408,3.9752812
0.18041,3.9752812
0.180412,3.9752812
0.180414,3.9752812
0.180416,3.9752812
0.180418,3.9752812
0.18042,3.9752812
0.180422,3.9752812
0.180424,3.9752812
0.180426,3.9752812
0.180428,3.9752812
0.18043,3.9752812
0.180432,3.9752812
0.180434,3.9752812
0.180436,3.9752812
0.180438,3.9752812
0.18044,3.9752812
0.180442,3.9752812
0.180444,3.9752812
0.180446,3.9752812
0.180448,3.9752812
0.18044999,3.9752812
0.180452,3.9752812
0.180454,3.9752812
0.180456,3.9752812
0.180458,3.9752812
0.18046,3.9752812
0.180462,3.9752812
0.180464,3.9752812
0.180466,3.9752812
0.180468,3.9752812
0.18047,3.9752812
0.180472,3.9752812
0.180474,3.9752812
0.180476,3.9752812
0.180478,3.9752812
0.18048,3.9752812
0.180482,3.9752812
0.180484,3.9752812
0.180486,3.9752812
0.180488,3.9752812
0.18049,3.9752812
0.180492,3.9752812
0.180494,3.9752812
0.18049599,3.9752812
0.180498,3.9752812
0.1805,3.9752812
0.180502,3.9752812
0.180504,3.9752812
0.180506,3.9752812
0.180508,3.9752812
0.18051,3.9752812
0.180512,3.9752812
0.180514,3.9752812
0.180516,3.9752812
0.180518,3.9752812
0.18052,3.9752812
0.180522,3.9752812
0.180524,3.9752812
0.180526,3.9752812
0.180528,3.9752812
0.18053,3.9752812
0.180532,3.9752812
0.180534,3.9752812
0.180536,3.9752812
0.180538,3.9752812
0.18054,3.9752812
0.18054199,3.9752812
0.180544,3.9752812
0.180546,3.9752812
0.180548,3.9752812
0.18055,3.9752812
0.180552,3.9752812
0.180554,3.9752812
0.180556,3.9752812
0.180558,3.9752812
0.18056,3.9752812
0.180562,3.9752812
0.180564,3.9752812
0.180566,3.9752812
0.180568,3.9752812
0.18057,3.9752812
0.180572,3.9752812
0.180574,3.9752812
0.180576,3.9752812
0.180578,3.9752812
0.18058,3.9752812
0.180582,3.9752812
0.180584,3.9752812
0.180586,3.9752812
0.180588,3.9752812
0.18059,3.9752812
0.180592,3.9752812
0.180594,3.9752812
0.180596,3.9752812
0.180598,3.9752812
0.1806,3.9752812
0.180602,3.9752812
0.180604,3.9752812
0.180606,3.9752812
0.180608,3.9752812
0.18061,3.9752812
0.180612,3.9752812
0.180614,3.9752812
0.180616,3.9752812
0.180618,3.9752812
0.18062,3.9752812
0.180622,3.9752812
0.180624,3.9752812
0.180626,3.9752812
0.180628,3.9752812
0.18063,3.9752812
0.180632,3.9752812
0.180634,3.9752812
0.180636,3.9752812
0.180638,3.9752812
0.18064,3.9752812
0.180642,3.9752812
0.180644,3.9752812
0.180646,3.9752812
0.180648,3.9752812
0.18065,3.9752812
0.180652,3.9752812
0.180654,3.9752812
0.180656,3.9752812
0.180658,3.9752812
0.18066,3.9752812
0.180662,3.9752812
0.180664,3.9752812
0.180666,3.9752812
0.180668,3.9752812
0.18067,3.9752812
0.180672,3.9752812
0.180674,3.9752812
0.180676,3.9752812
0.180678,3.9752812
0.18068,3.9752812
0.180682,3.9752812
0.180684,3.9752812
0.180686,3.9752812
0.180688,3.9752812
0.18069,3.9752812
0.180692,3.9752812
0.180694,3.9752812
0.180696,3.9752812
0.18069799,3.9752812
0.1807,3.9752812
0.180702,3.9752812
0.180704,3.9752812
0.180706,3.9752812
0.180708,3.9752812
0.18071,3.9752812
0.180712,3.9752812
0.180714,3.9752812
0.180716,3.9752812
0.180718,3.9752812
0.18072,3.9752812
0.180722,3.9752812
0.180724,3.9752812
0.180726,3.9752812
0.180728,3.9752812
0.18073,3.9752812
0.180732,3.9752812
0.180734,3.9752812
0.180736,3.9752812
0.180738,3.9752812
0.18074,3.9752812
0.180742,3.9752812
0.18074399,3.9752812
0.180746,3.9752812
0.180748,3.9752812
0.18075,3.9752812
0.180752,3.9752812
0.180754,3.9752812
0.180756,3.9752812
0.180758,3.9752812
0.18076,3.9752812
0.180762,3.9752812
0.180764,3.9752812
0.180766,3.9752812
0.180768,3.9752812
0.18077,3.9752812
0.180772,3.9752812
0.180774,3.9752812
0.180776,3.9752812
0.180778,3.9752812
0.18078,3.9752812
0.180782,3.9752812
0.180784,3.9752812
0.180786,3.9752812
0.180788,3.9752812
0.18078999,3.9752812
0.180792,3.9752812
0.180794,3.9752812
0.180796,3.9752812
0.180798,3.9752812
0.1808,3.9752812
0.180802,3.9752812
0.180804,3.9752812
0.180806,3.9752812
0.180808,3.9752812
0.18081,3.9752812
0.180812,3.9752812
0.180814,3.9752812
0.180816,3.9752812
0.180818,3.9752812
0.18082,3.9752812
0.180822,3.9752812
0.180824,3.9752812
0.180826,3.9752812
0.180828,3.9752812
0.18083,3.9752812
0.180832,3.9752812
0.180834,3.9752812
0.18083599,3.9752812
0.180838,3.9752812
0.18084,3.9752812
0.180842,3.9752812
0.180844,3.9752812
0.180846,3.9752812
0.180848,3.9752812
0.18085,3.9752812
0.180852,3.9752812
0.180854,3.9752812
0.180856,3.9752812
0.180858,3.9752812
0.18086,3.9752812
0.180862,3.9752812
0.180864,3.9752812
0.180866,3.9752812
0.180868,3.9752812
0.18087,3.9752812
0.180872,3.9752812
0.180874,3.9752812
0.180876,3.9752812
0.180878,3.9752812
0.18088,3.9752812
0.180882,3.9752812
0.180884,3.9752812
0.180886,3.9752812
0.180888,3.9752812
0.18089,3.9752812
0.180892,3.9752812
0.180894,3.9752812
0.180896,3.9752812
0.180898,3.9752812
0.1809,3.9752812
0.180902,3.9752812
0.180904,3.9752812
0.180906,3.9752812
0.180908,3.9752812
0.18091,3.9752812
0.180912,3.9752812
0.180914,3.9752812
0.180916,3.9752812
0.180918,3.9752812
0.18092,3.9752812
0.180922,3.9752812
0.180924,3.9752812
0.180926,3.9752812
0.180928,3.9752812
0.18093,3.9752812
0.180932,3.9752812
0.180934,3.9752812
0.180936,3.9752812
0.180938,3.9752812
0.18094,3.9752812
0.180942,3.9752812
0.180944,3.9752812
0.18094599,3.9752812
0.180948,3.9752812
0.18095,3.9752812
0.180952,3.9752812
0.180954,3.9752812
0.180956,3.9752812
0.180958,3.9752812
0.18096,3.9752812
0.180962,3.9752812
0.180964,3.9752812
0.180966,3.9752812
0.180968,3.9752812
0.18097,3.9752812
0.180972,3.9752812
0.180974,3.9752812
0.180976,3.9752812
0.180978,3.9752812
0.18098,3.9752812
0.180982,3.9752812
0.180984,3.9752812
0.180986,3.9752812
0.180988,3.9752812
0.18099,3.9752812
0.18099199,3.9752812
0.180994,3.9752812
0.180996,3.9752812
0.180998,3.9752812
0.181,3.9752812
0.181002,3.9752812
0.181004,3.9752812
0.181006,3.9752812
0.181008,3.9752812
0.18101,3.9752812
0.181012,3.9752812
0.181014,3.9752812
0.181016,3.9752812
0.181018,3.9752812
0.18102,3.9752812
0.181022,3.9752812
0.181024,3.9752812
0.181026,3.9752812
0.181028,3.9752812
0.18103,3.9752812
0.181032,3.9752812
0.181034,3.9752812
0.181036,3.9752812
0.18103799,3.9752812
0.18104,3.9752812
0.181042,3.9752812
0.181044,3.9752812
0.181046,3.9752812
0.181048,3.9752812
0.18105,3.9752812
0.181052,3.9752812
0.181054,3.9752812
0.181056,3.9752812
0.181058,3.9752812
0.18106,3.9752812
0.181062,3.9752812
0.181064,3.9752812
0.181066,3.9752812
0.181068,3.9752812
0.18107,3.9752812
0.181072,3.9752812
0.181074,3.9752812
0.181076,3.9752812
0.181078,3.9752812
0.18108,3.9752812
0.181082,3.9752812
0.18108399,3.9752812
0.181086,3.9752812
0.181088,3.9752812
0.18109,3.9752812
0.181092,3.9752812
0.181094,3.9752812
0.181096,3.9752812
0.181098,3.9752812
0.1811,3.9752812
0.181102,3.9752812
0.181104,3.9752812
0.181106,3.9752812
0.181108,3.9752812
0.18111,3.9752812
0.181112,3.9752812
0.181114,3.9752812
0.181116,3.9752812
0.181118,3.9752812
0.18112,3.9752812
0.181122,3.9752812
0.181124,3.9752812
0.181126,3.9752812
0.181128,3.9752812
0.18113,3.9752812
0.181132,3.9752812
0.181134,3.9752812
0.181136,3.9752812
0.181138,3.9752812
0.18114,3.9752812
0.181142,3.9752812
0.181144,3.9752812
0.181146,3.9752812
0.181148,3.9752812
0.18115,3.9752812
0.181152,3.9752812
0.181154,3.9752812
0.181156,3.9752812
0.181158,3.9752812
0.18116,3.9752812
0.181162,3.9752812
0.181164,3.9752812
0.181166,3.9752812
0.181168,3.9752812
0.18117,3.9752812
0.181172,3.9752812
0.181174,3.9752812
0.181176,3.9752812
0.181178,3.9752812
0.18118,3.9752812
0.181182,3.9752812
0.181184,3.9752812
0.181186,3.9752812
0.181188,3.9752812
0.18119,3.9752812
0.181192,3.9752812
0.18119399,3.9752812
0.181196,3.9752812
0.181198,3.9752812
0.1812,3.9752812
0.181202,3.9752812
0.181204,3.9752812
0.181206,3.9752812
0.181208,3.9752812
0.18121,3.9752812
0.181212,3.9752812
0.181214,3.9752812
0.181216,3.9752812
0.181218,3.9752812
0.18122,3.9752812
0.181222,3.9752812
0.181224,3.9752812
0.181226,3.9752812
0.181228,3.9752812
0.18123,3.9752812
0.181232,3.9752812
0.181234,3.9752812
0.181236,3.9752812
0.181238,3.9752812
0.18123999,3.9752812
0.181242,3.9752812
0.181244,3.9752812
0.181246,3.9752812
0.181248,3.9752812
0.18125,3.9752812
0.181252,3.9752812
0.181254,3.9752812
0.181256,3.9752812
0.181258,3.9752812
0.18126,3.9752812
0.181262,3.9752812
0.181264,3.9752812
0.181266,3.9752812
0.181268,3.9752812
0.18127,3.9752812
0.181272,3.9752812
0.181274,3.9752812
0.181276,3.9752812
0.181278,3.9752812
0.18128,3.9752812
0.181282,3.9752812
0.181284,3.9752812
0.18128599,3.9752812
0.181288,3.9752812
0.18129,3.9752812
0.181292,3.9752812
0.181294,3.9752812
0.181296,3.9752812
0.181298,3.9752812
0.1813,3.9752812
0.181302,3.9752812
0.181304,3.9752812
0.181306,3.9752812
0.181308,3.9752812
0.18131,3.9752812
0.181312,3.9752812
0.181314,3.9752812
0.181316,3.9752812
0.181318,3.9752812
0.18132,3.9752812
0.181322,3.9752812
0.181324,3.9752812
0.181326,3.9752812
0.181328,3.9752812
0.18133,3.9752812
0.18133199,3.9752812
0.181334,3.9752812
0.181336,3.9752812
0.181338,3.9752812
0.18134,3.9752812
0.181342,3.9752812
0.181344,3.9752812
0.181346,3.9752812
0.181348,3.9752812
0.18135,3.9752812
0.181352,3.9752812
0.181354,3.9752812
0.181356,3.9752812
0.181358,3.9752812
0.18136,3.9752812
0.181362,3.9752812
0.181364,3.9752812
0.181366,3.9752812
0.181368,3.9752812
0.18137,3.9752812
0.181372,3.9752812
0.181374,3.9752812
0.181376,3.9752812
0.181378,3.9752812
0.18138,3.9752812
0.181382,3.9752812
0.181384,3.9752812
0.181386,3.9752812
0.181388,3.9752812
0.18139,3.9752812
0.181392,3.9752812
0.181394,3.9752812
0.181396,3.9752812
0.181398,3.9752812
0.1814,3.9752812
0.181402,3.9752812
0.181404,3.9752812
0.181406,3.9752812
0.181408,3.9752812
0.18141,3.9752812
0.181412,3.9752812
0.181414,3.9752812
0.181416,3.9752812
0.181418,3.9752812
0.18142,3.9752812
0.181422,3.9752812
0.181424,3.9752812
0.181426,3.9752812
0.181428,3.9752812
0.18143,3.9752812
0.181432,3.9752812
0.181434,3.9752812
0.181436,3.9752812
0.181438,3.9752812
0.18144,3.9752812
0.18144199,3.9752812
0.181444,3.9752812
0.181446,3.9752812
0.181448,3.9752812
0.18145,2.7732663
0.181452,2.727035
0.181454,2.727035
0.181456,2.727035
0.181458,2.727035
0.18146,2.727035
0.181462,2.727035
0.181464,2.727035
0.181466,2.727035
0.181468,2.6808028
0.18147,2.6808028
0.181472,2.6808028
0.181474,2.6808028
0.181476,2.6808028
0.181478,2.6808028
0.18148,2.6808028
0.181482,2.6808028
0.181484,2.6808028
0.181486,2.6808028
0.18148799,2.6808028
0.18149,2.6808028
0.181492,2.6808028
0.181494,2.6808028
0.181496,2.6808028
0.181498,2.6808028
0.1815,2.6808028
0.181502,2.6808028
0.181504,2.6808028
0.181506,2.6808028
0.181508,2.6808028
0.18151,2.6808028
0.181512,2.6808028
0.181514,2.6808028
0.181516,2.6808028
0.181518,2.6808028
0.18152,2.6808028
0.181522,2.6808028
0.181524,2.6808028
0.181526,2.6808028
0.181528,2.6808028
0.18153,2.6808028
0.181532,2.6808028
0.18153399,2.6808028
0.181536,2.6808028
0.181538,2.6808028
0.18154,2.6808028
0.181542,2.6808028
0.181544,2.6808028
0.181546,2.6808028
0.181548,2.6808028
0.18155,2.6808028
0.181552,2.6808028
0.181554,2.6808028
0.181556,2.6808028
0.181558,2.6808028
0.18156,2.6808028
0.181562,2.6808028
0.181564,2.6808028
0.181566,2.6808028
0.181568,2.6808028
0.18157,2.6808028
0.181572,2.6808028
0.181574,2.6808028
0.181576,2.6808028
0.181578,2.6808028
0.18157999,2.6808028
0.181582,2.6808028
0.181584,2.6808028
0.181586,2.6808028
0.181588,2.6808028
0.18159,2.6808028
0.181592,2.6808028
0.181594,2.6808028
0.181596,2.6808028
0.181598,2.6808028
0.1816,2.6808028
0.181602,2.6808028
0.181604,2.6808028
0.181606,2.6808028
0.181608,2.6808028
0.18161,2.6808028
0.181612,2.6808028
0.181614,2.6808028
0.181616,2.6808028
0.181618,2.6808028
0.18162,2.6808028
0.181622,2.6808028
0.181624,2.6808028
0.181626,2.6808028
0.181628,2.6808028
0.18163,2.6808028
0.181632,2.6808028
0.181634,2.6808028
0.181636,2.6808028
0.181638,2.6808028
0.18164,2.6808028
0.181642,2.6808028
0.181644,2.6808028
0.181646,2.6808028
0.181648,2.6808028
0.18165,2.6808028
0.181652,2.6808028
0.181654,2.6808028
0.181656,2.6808028
0.181658,2.6808028
0.18166,2.6808028
0.181662,2.6808028
0.181664,2.6808028
0.181666,2.6808028
0.181668,2.6808028
0.18167,2.6808028
0.181672,2.6808028
0.181674,2.6808028
0.181676,2.6808028
0.181678,2.6808028
0.18168,2.6808028
0.181682,2.6808028
0.181684,2.6808028
0.181686,2.6808028
0.181688,2.6808028
0.18168999,2.6808028
0.181692,2.6808028
0.181694,2.6808028
0.181696,2.6808028
0.181698,2.6808028
0.1817,2.6808028
0.181702,2.6808028
0.181704,2.6808028
0.181706,2.6808028
0.181708,2.6808028
0.18171,2.6808028
0.181712,2.6808028
0.181714,2.6808028
0.181716,2.6808028
0.181718,2.6808028
0.18172,2.6808028
0.181722,2.6808028
0.181724,2.6808028
0.181726,2.6808028
0.181728,2.6808028
0.18173,2.6808028
0.181732,2.6808028
0.181734,2.6808028
0.18173599,2.6808028
0.181738,2.6808028
0.18174,2.6808028
0.181742,2.6808028
0.181744,2.6808028
0.181746,2.6808028
0.181748,2.6808028
0.18175,2.6808028
0.181752,2.6808028
0.181754,2.6808028
0.181756,2.6808028
0.181758,2.6808028
0.18176,2.6808028
0.181762,2.6808028
0.181764,2.6808028
0.181766,2.6808028
0.181768,2.6808028
0.18177,2.6808028
0.181772,2.6808028
0.181774,2.6808028
0.181776,1.756176
0.181778,1.4787879
0.18178,1.4325566
0.18178199,1.4325566
0.181784,1.4325566
0.181786,1.4325566
0.181788,1.4325566
0.18179,1.4325566
0.181792,1.4325566
0.181794,1.4325566
0.181796,1.4325566
0.181798,1.4325566
0.1818,1.4325566
0.181802,1.4325566
0.181804,1.4325566
0.181806,1.4325566
0.181808,1.4325566
0.18181,1.4325566
0.181812,1.4325566
0.181814,1.4325566
0.181816,1.3863249
0.181818,1.3863249
0.18182,1.3863249
0.181822,1.3863249
0.181824,1.3863249
0.181826,1.3863249
0.18182799,1.3863249
0.18183,1.3863249
0.181832,1.3863249
0.181834,1.3863249
0.181836,1.3863249
0.181838,1.3863249
0.18184,1.3863249
0.181842,1.3863249
0.181844,1.3863249
0.181846,1.3863249
0.181848,1.3863249
0.18185,1.3863249
0.181852,1.3863249
0.181854,1.3863249
0.181856,1.3863249
0.181858,1.3863249
0.18186,1.3863249
0.181862,1.3863249
0.181864,1.3863249
0.181866,1.3863249
0.181868,1.3863249
0.18187,1.3863249
0.181872,1.3863249
0.181874,1.3863249
0.181876,1.3863249
0.181878,1.3863249
0.18188,1.3863249
0.181882,1.3863249
0.181884,1.3863249
0.181886,1.3863249
0.181888,1.3863249
0.18189,1.3863249
0.181892,1.3863249
0.181894,1.3863249
0.181896,1.3863249
0.181898,1.3863249
0.1819,1.3863249
0.181902,1.3863249
0.181904,1.3863249
0.181906,1.3863249
0.181908,1.3863249
0.18191,1.3863249
0.181912,1.3863249
0.181914,1.3863249
0.181916,1.3863249
0.181918,1.3863249
0.18192,1.3863249
0.181922,1.3863249
0.181924,1.3863249
0.181926,1.3863249
0.181928,1.3863249
0.18193,1.3863249
0.181932,1.3863249
0.181934,1.3863249
0.181936,1.3863249
0.181938,1.3863249
0.18194,1.3863249
0.181942,1.3863249
0.181944,1.3863249
0.181946,1.3863249
0.181948,1.3863249
0.18195,1.3863249
0.181952,1.3863249
0.181954,1.3863249
0.181956,1.3863249
0.181958,1.3863249
0.18196,1.3863249
0.181962,1.3863249
0.181964,1.3863249
0.181966,1.3863249
0.181968,1.3863249
0.18197,1.3863249
0.181972,1.3863249
0.181974,1.3863249
0.181976,1.3863249
0.181978,1.3863249
0.18198,1.3863249
0.181982,1.3863249
0.18198399,1.3863249
0.181986,1.3863249
0.181988,1.3863249
0.18199,1.3863249
0.181992,1.3863249
0.181994,1.3863249
0.181996,1.3863249
0.181998,1.3863249
0.182,1.3863249
0.182002,1.3863249
0.182004,1.3863249
0.182006,1.3863249
0.182008,1.3863249
0.18201,1.3863249
0.182012,1.3863249
0.182014,1.3863249
0.182016,1.3863249
0.182018,1.3863249
0.18202,1.3863249
0.182022,1.3863249
0.182024,1.3863249
0.182026,1.3863249
0.182028,1.3863249
0.18202999,1.3863249
0.182032,1.3863249
0.182034,1.3863249
0.182036,1.3863249
0.182038,1.3863249
0.18204,1.3863249
0.182042,1.3863249
0.182044,1.3863249
0.182046,1.3863249
0.182048,1.3863249
0.18205,1.3863249
0.182052,1.3863249
0.182054,1.3863249
0.182056,1.3863249
0.182058,1.3863249
0.18206,1.3863249
0.182062,1.3863249
0.182064,1.3863249
0.182066,1.3863249
0.182068,1.3863249
0.18207,1.3863249
0.182072,1.3863249
0.182074,1.3863249
0.18207599,1.3863249
0.182078,1.3863249
0.18208,1.3863249
0.182082,1.3863249
0.182084,1.3863249
0.182086,1.3863249
0.182088,1.3863249
0.18209,1.3863249
0.182092,1.3863249
0.182094,1.3863249
0.182096,1.3863249
0.182098,1.3863249
0.1821,1.3863249
0.182102,1.3863249
0.182104,1.3863249
0.182106,1.3863249
0.182108,1.3863249
0.18211,1.3863249
0.182112,1.3863249
0.182114,1.3863249
0.182116,1.3863249
0.182118,1.3863249
0.18212,1.3863249
0.18212199,1.3863249
0.182124,1.3863249
0.182126,1.3863249
0.182128,1.3863249
0.18213,1.3863249
0.182132,1.3863249
0.182134,1.3863249
0.182136,1.3863249
0.182138,1.3863249
0.18214,1.3863249
0.182142,1.3863249
0.182144,1.3863249
0.182146,1.3863249
0.182148,1.3863249
0.18215,1.3863249
0.182152,1.3863249
0.182154,1.3863249
0.182156,1.3863249
0.182158,0.23054075
0.18216,0.13807821
0.182162,0.13807821
0.182164,0.13807821
0.182166,0.13807821
0.182168,0.13807821
0.18217,0.13807821
0.182172,0.13807821
0.182174,0.13807821
0.182176,0.13807821
0.182178,0.13807821
0.18218,0.13807821
0.182182,0.13807821
0.182184,0.091846466
0.182186,0.091846466
0.182188,0.091846466
0.18219,0.091846466
0.182192,0.091846466
0.182194,0.091846466
0.182196,0.091846466
0.182198,0.091846466
0.1822,0.091846466
0.182202,0.091846466
0.182204,0.091846466
0.182206,0.091846466
0.182208,0.091846466
0.18221,0.091846466
0.182212,0.091846466
0.182214,0.091846466
0.182216,0.091846466
0.182218,0.091846466
0.18222,0.091846466
0.182222,0.091846466
0.182224,0.091846466
0.182226,0.091846466
0.182228,0.091846466
0.18223,0.091846466
0.18223199,0.091846466
0.182234,0.091846466
0.182236,0.091846466
0.182238,0.091846466
0.18224,0.091846466
0.182242,0.091846466
0.182244,0.091846466
0.182246,0.091846466
0.182248,0.091846466
0.18225,0.091846466
0.182252,0.091846466
0.182254,0.091846466
0.182256,0.091846466
0.182258,0.091846466
0.18226,0.091846466
0.182262,0.091846466
0.182264,0.091846466
0.182266,0.091846466
0.182268,0.091846466
0.18227,0.091846466
0.182272,0.091846466
0.182274,0.091846466
0.182276,0.091846466
0.18227799,0.091846466
0.18228,0.091846466
0.182282,0.091846466
0.182284,0.091846466
0.182286,0.091846466
0.182288,0.091846466
0.18229,0.091846466
0.182292,0.091846466
0.182294,0.091846466
0.182296,0.091846466
0.182298,0.091846466
0.1823,0.091846466
0.182302,0.091846466
0.182304,0.091846466
0.182306,0.091846466
0.182308,0.091846466
0.18231,0.091846466
0.182312,0.091846466
0.182314,0.091846466
0.182316,0.091846466
0.182318,0.091846466
0.18232,0.091846466
0.182322,0.091846466
0.18232399,0.091846466
0.182326,0.091846466
0.182328,0.091846466
0.18233,0.091846466
0.182332,0.091846466
0.182334,0.091846466
0.182336,0.091846466
0.182338,0.091846466
0.18234,0.091846466
0.182342,0.091846466
0.182344,0.091846466
0.182346,0.091846466
0.182348,0.091846466
0.18235,0.091846466
0.182352,0.091846466
0.182354,0.091846466
0.182356,0.091846466
0.182358,0.091846466
0.18236,0.091846466
0.182362,0.091846466
0.182364,0.091846466
0.182366,0.091846466
0.182368,0.091846466
0.18236999,0.091846466
0.182372,0.091846466
0.182374,0.091846466
0.182376,0.091846466
0.182378,0.091846466
0.18238,0.091846466
0.182382,0.091846466
0.182384,0.091846466
0.182386,0.091846466
0.182388,0.091846466
0.18239,0.091846466
0.182392,0.091846466
0.182394,0.091846466
0.182396,0.091846466
0.182398,0.091846466
0.1824,0.091846466
0.182402,0.091846466
0.182404,0.091846466
0.182406,0.091846466
0.182408,0.091846466
0.18241,0.091846466
0.182412,0.091846466
0.182414,0.091846466
0.182416,0.091846466
0.182418,0.091846466
0.18242,0.091846466
0.182422,0.091846466
0.182424,0.091846466
0.182426,0.091846466
0.182428,0.091846466
0.18243,0.091846466
0.182432,0.091846466
0.182434,0.091846466
0.182436,0.091846466
0.182438,0.091846466
0.18244,0.091846466
0.182442,0.091846466
0.182444,0.091846466
0.182446,0.091846466
0.182448,0.091846466
0.18245,0.091846466
0.182452,0.091846466
0.182454,0.091846466
0.182456,0.091846466
0.182458,0.091846466
0.18246,0.091846466
0.182462,0.091846466
0.182464,0.091846466
0.182466,0.091846466
0.182468,0.091846466
0.18247,0.091846466
0.182472,0.091846466
0.182474,0.091846466
0.182476,0.091846466
0.182478,0.091846466
0.18247999,0.091846466
0.182482,0.091846466
0.182484,0.091846466
0.182486,0.091846466
0.182488,0.091846466
0.18249,0.091846466
0.182492,0.091846466
0.182494,0.091846466
0.182496,0.091846466
0.182498,0.091846466
0.1825,0.091846466
0.182502,0.091846466
0.182504,0.091846466
0.182506,0.091846466
0.182508,0.091846466
0.18251,0.091846466
0.182512,0.091846466
0.182514,0.091846466
0.182516,0.091846466
0.182518,0.091846466
0.18252,0.091846466
0.182522,0.091846466
0.182524,0.091846466
0.18252599,0.091846466
0.182528,0.091846466
0.18253,0.091846466
0.182532,0.091846466
0.182534,0.091846466
0.182536,0.091846466
0.182538,0.091846466
0.18254,0.091846466
0.182542,0.091846466
0.182544,0.091846466
0.182546,0.091846466
0.182548,0.091846466
0.18255,0.091846466
0.182552,0.091846466
0.182554,0.091846466
0.182556,0.091846466
0.182558,0.091846466
0.18256,0.091846466
0.182562,0.091846466
0.182564,0.091846466
0.182566,0.091846466
0.182568,0.091846466
0.18257,0.091846466
0.18257199,0.091846466
0.182574,0.091846466
0.182576,0.091846466
0.182578,0.091846466
0.18258,0.091846466
0.182582,0.091846466
0.182584,0.091846466
0.182586,0.091846466
0.182588,0.091846466
0.18259,0.091846466
0.182592,0.091846466
0.182594,0.091846466
0.182596,0.091846466
0.182598,0.091846466
0.1826,0.091846466
0.182602,0.091846466
0.182604,0.091846466
0.182606,0.091846466
0.182608,0.091846466
0.18261,0.091846466
0.182612,0.091846466
0.182614,0.091846466
0.182616,0.091846466
0.18261799,0.091846466
0.18262,0.091846466
0.182622,0.091846466
0.182624,0.091846466
0.182626,0.091846466
0.182628,0.091846466
0.18263,0.091846466
0.182632,0.091846466
0.182634,0.091846466
0.182636,0.091846466
0.182638,0.091846466
0.18264,0.091846466
0.182642,0.091846466
0.182644,0.091846466
0.182646,0.091846466
0.182648,0.091846466
0.18265,0.091846466
0.182652,0.091846466
0.182654,0.091846466
0.182656,0.091846466
0.182658,0.091846466
0.18266,0.091846466
0.182662,0.091846466
0.182664,0.091846466
0.182666,0.091846466
0.182668,0.091846466
0.18267,0.091846466
0.182672,0.091846466
0.182674,0.091846466
0.182676,0.091846466
0.182678,0.091846466
0.18268,0.091846466
0.182682,0.091846466
0.182684,0.091846466
0.182686,0.091846466
0.182688,0.091846466
0.18269,0.091846466
0.182692,0.091846466
0.182694,0.091846466
0.182696,0.091846466
0.182698,0.091846466
0.1827,0.091846466
0.182702,0.091846466
0.182704,0.091846466
0.182706,0.091846466
0.182708,0.091846466
0.18271,0.091846466
0.182712,0.091846466
0.182714,0.091846466
0.182716,0.091846466
0.182718,0.091846466
0.18272,0.091846466
0.182722,0.091846466
0.182724,0.091846466
0.182726,0.091846466
0.18272799,0.091846466
0.18273,0.091846466
0.182732,0.091846466
0.182734,0.091846466
0.182736,0.091846466
0.182738,0.091846466
0.18274,0.091846466
0.182742,0.091846466
0.182744,0.091846466
0.182746,0.091846466
0.182748,0.091846466
0.18275,0.091846466
0.182752,0.091846466
0.182754,0.091846466
0.182756,0.091846466
0.182758,0.091846466
0.18276,0.091846466
0.182762,0.091846466
0.182764,0.091846466
0.182766,0.091846466
0.182768,0.091846466
0.18277,0.091846466
0.182772,0.091846466
0.18277399,0.091846466
0.182776,0.091846466
0.182778,0.091846466
0.18278,0.091846466
0.182782,0.091846466
0.182784,0.091846466
0.182786,0.091846466
0.182788,0.091846466
0.18279,0.091846466
0.182792,0.091846466
0.182794,0.091846466
0.182796,0.091846466
0.182798,0.091846466
0.1828,0.091846466
0.182802,0.091846466
0.182804,0.091846466
0.182806,0.091846466
0.182808,0.091846466
0.18281,0.091846466
0.182812,0.091846466
0.182814,0.091846466
0.182816,0.091846466
0.182818,0.091846466
0.18281999,0.091846466
0.182822,0.091846466
0.182824,0.091846466
0.182826,0.091846466
0.182828,0.091846466
0.18283,0.091846466
0.182832,0.091846466
0.182834,0.091846466
0.182836,0.091846466
0.182838,0.091846466
0.18284,0.091846466
0.182842,0.091846466
0.182844,0.091846466
0.182846,0.091846466
0.182848,0.091846466
0.18285,0.091846466
0.182852,0.091846466
0.182854,0.091846466
0.182856,0.091846466
0.182858,0.091846466
0.18286,0.091846466
0.182862,0.091846466
0.182864,0.091846466
0.18286599,0.091846466
0.182868,0.091846466
0.18287,0.091846466
0.182872,0.091846466
0.182874,0.091846466
0.182876,0.091846466
0.182878,0.091846466
0.18288,0.091846466
0.182882,0.091846466
0.182884,0.091846466
0.182886,0.091846466
0.182888,0.091846466
0.18289,0.091846466
0.182892,0.091846466
0.182894,0.091846466
0.182896,0.091846466
0.182898,0.091846466
0.1829,0.091846466
0.182902,0.091846466
0.182904,0.091846466
0.182906,0.091846466
0.182908,0.091846466
0.18291,0.091846466
0.182912,0.091846466
0.182914,0.091846466
0.182916,0.091846466
0.182918,0.091846466
0.18292,0.091846466
0.182922,0.091846466
0.182924,0.091846466
0.182926,0.091846466
0.182928,0.091846466
0.18293,0.091846466
0.182932,0.091846466
0.182934,0.091846466
0.182936,0.091846466
0.182938,0.091846466
0.18294,0.091846466
0.182942,0.091846466
0.182944,0.091846466
0.182946,0.091846466
0.182948,0.091846466
0.18295,0.091846466
0.182952,0.091846466
0.182954,0.091846466
0.182956,0.091846466
0.182958,0.091846466
0.18296,0.091846466
0.182962,0.091846466
0.182964,0.091846466
0.182966,0.091846466
0.182968,0.091846466
0.18297,0.091846466
0.182972,0.091846466
0.182974,1.2938623
0.182976,1.3400936
0.182978,1.3400936
0.18298,1.3863249
0.182982,1.3863249
0.182984,1.3863249
0.182986,1.3863249
0.182988,1.3863249
0.18299,1.3863249
0.182992,1.3863249
0.182994,1.3863249
0.182996,1.3863249
0.182998,1.3863249
0.183,1.3863249
0.183002,1.3863249
0.183004,1.3863249
0.183006,1.3863249
0.183008,1.3863249
0.18301,1.3863249
0.183012,1.3863249
0.183014,1.3863249
0.183016,1.3863249
0.183018,1.3863249
0.18302,1.3863249
0.18302199,1.3863249
0.183024,1.3863249
0.183026,1.3863249
0.183028,1.3863249
0.18303,1.3863249
0.183032,1.3863249
0.183034,1.3863249
0.183036,1.3863249
0.183038,1.3863249
0.18304,1.3863249
0.183042,1.3863249
0.183044,1.3863249
0.183046,1.3863249
0.183048,1.3863249
0.18305,1.3863249
0.183052,1.3863249
0.183054,1.3863249
0.183056,1.3863249
0.183058,1.3863249
0.18306,1.3863249
0.183062,1.3863249
0.183064,1.3863249
0.183066,1.3863249
0.18306799,1.3863249
0.18307,1.3863249
0.183072,1.3863249
0.183074,1.3863249
0.183076,1.3863249
0.183078,1.3863249
0.18308,1.3863249
0.183082,1.3863249
0.183084,1.3863249
0.183086,1.3863249
0.183088,1.3863249
0.18309,1.3863249
0.183092,1.3863249
0.183094,1.3863249
0.183096,1.3863249
0.183098,1.3863249
0.1831,1.3863249
0.183102,1.3863249
0.183104,1.3863249
0.183106,1.3863249
0.183108,1.3863249
0.18311,1.3863249
0.183112,1.3863249
0.18311399,1.3863249
0.183116,1.3863249
0.183118,1.3863249
0.18312,1.3863249
0.183122,1.3863249
0.183124,1.3863249
0.183126,1.3863249
0.183128,1.3863249
0.18313,1.3863249
0.183132,1.3863249
0.183134,1.3863249
0.183136,1.3863249
0.183138,1.3863249
0.18314,1.3863249
0.183142,1.3863249
0.183144,1.3863249
0.183146,1.3863249
0.183148,1.3863249
0.18315,1.3863249
0.183152,1.3863249
0.183154,1.3863249
0.183156,1.3863249
0.183158,1.3863249
0.18315999,1.3863249
0.183162,1.3863249
0.183164,1.3863249
0.183166,1.3863249
0.183168,1.3863249
0.18317,1.3863249
0.183172,1.3863249
0.183174,1.3863249
0.183176,1.3863249
0.183178,1.3863249
0.18318,1.3863249
0.183182,1.3863249
0.183184,1.3863249
0.183186,1.3863249
0.183188,1.3863249
0.18319,1.3863249
0.183192,1.3863249
0.183194,1.3863249
0.183196,1.3863249
0.183198,1.3863249
0.1832,1.3863249
0.183202,1.3863249
0.183204,1.3863249
0.183206,1.3863249
0.183208,1.3863249
0.18321,1.3863249
0.183212,1.3863249
0.183214,1.3863249
0.183216,1.3863249
0.183218,1.3863249
0.18322,1.3863249
0.183222,1.3863249
0.183224,1.3863249
0.183226,1.3863249
0.183228,1.3863249
0.18323,1.3863249
0.183232,1.3863249
0.183234,1.3863249
0.183236,1.3863249
0.183238,1.3863249
0.18324,1.3863249
0.183242,1.3863249
0.183244,1.3863249
0.183246,1.3863249
0.183248,1.3863249
0.18325,1.3863249
0.183252,1.3863249
0.183254,1.3863249
0.183256,1.3863249
0.183258,1.3863249
0.18326,1.3863249
0.183262,1.3863249
0.183264,1.3863249
0.183266,1.3863249
0.183268,1.3863249
0.18326999,1.3863249
0.183272,1.3863249
0.183274,1.3863249
0.183276,1.3863249
0.183278,1.3863249
0.18328,1.3863249
0.183282,1.3863249
0.183284,1.3863249
0.183286,1.3863249
0.183288,1.3863249
0.18329,1.3863249
0.183292,1.3863249
0.183294,1.3863249
0.183296,1.3863249
0.183298,1.3863249
0.1833,1.3863249
0.183302,1.3863249
0.183304,1.3863249
0.183306,1.3863249
0.183308,1.3863249
0.18331,1.3863249
0.183312,1.3863249
0.183314,1.3863249
0.18331599,1.3863249
0.183318,1.3863249
0.18332,1.3863249
0.183322,1.3863249
0.183324,1.3863249
0.183326,1.3863249
0.183328,2.542109
0.18333,2.6345725
0.183332,2.6345725
0.183334,2.6345725
0.183336,2.6345725
0.183338,2.6345725
0.18334,2.6345725
0.183342,2.6345725
0.183344,2.6808028
0.183346,2.6808028
0.183348,2.6808028
0.18335,2.6808028
0.183352,2.6808028
0.183354,2.6808028
0.183356,2.6808028
0.183358,2.6808028
0.18336,2.6808028
0.18336199,2.6808028
0.183364,2.6808028
0.183366,2.6808028
0.183368,2.6808028
0.18337,2.6808028
0.183372,2.6808028
0.183374,2.6808028
0.183376,2.6808028
0.183378,2.6808028
0.18338,2.6808028
0.183382,2.6808028
0.183384,2.6808028
0.183386,2.6808028
0.183388,2.6808028
0.18339,2.6808028
0.183392,2.6808028
0.183394,2.6808028
0.183396,2.6808028
0.183398,2.6808028
0.1834,2.6808028
0.183402,2.6808028
0.183404,2.6808028
0.183406,2.6808028
0.18340799,2.6808028
0.18341,2.6808028
0.183412,2.6808028
0.183414,2.6808028
0.183416,2.6808028
0.183418,2.6808028
0.18342,2.6808028
0.183422,2.6808028
0.183424,2.6808028
0.183426,2.6808028
0.183428,2.6808028
0.18343,2.6808028
0.183432,2.6808028
0.183434,2.6808028
0.183436,2.6808028
0.183438,2.6808028
0.18344,2.6808028
0.183442,2.6808028
0.183444,2.6808028
0.183446,2.6808028
0.183448,2.6808028
0.18345,2.6808028
0.183452,2.6808028
0.183454,2.6808028
0.183456,2.6808028
0.183458,2.6808028
0.18346,2.6808028
0.183462,2.6808028
0.183464,2.6808028
0.183466,2.6808028
0.183468,2.6808028
0.18347,2.6808028
0.183472,2.6808028
0.183474,2.6808028
0.183476,2.6808028
0.183478,2.6808028
0.18348,2.6808028
0.183482,2.6808028
0.183484,2.6808028
0.183486,2.6808028
0.183488,2.6808028
0.18349,2.6808028
0.183492,2.6808028
0.183494,2.6808028
0.183496,2.6808028
0.183498,2.6808028
0.1835,2.6808028
0.183502,2.6808028
0.183504,2.6808028
0.183506,2.6808028
0.183508,2.6808028
0.18351,2.6808028
0.183512,2.6808028
0.183514,2.6808028
0.183516,2.6808028
0.18351799,2.6808028
0.18352,2.6808028
0.183522,2.6808028
0.183524,2.6808028
0.183526,2.6808028
0.183528,2.6808028
0.18353,2.6808028
0.183532,2.6808028
0.183534,2.6808028
0.183536,2.6808028
0.183538,2.6808028
0.18354,2.6808028
0.183542,2.6808028
0.183544,2.6808028
0.183546,2.6808028
0.183548,2.6808028
0.18355,2.6808028
0.183552,2.6808028
0.183554,2.6808028
0.183556,2.6808028
0.183558,2.6808028
0.18356,2.6808028
0.183562,2.6808028
0.18356399,2.6808028
0.183566,2.6808028
0.183568,2.6808028
0.18357,2.6808028
0.183572,2.6808028
0.183574,2.6808028
0.183576,2.6808028
0.183578,2.6808028
0.18358,2.6808028
0.183582,2.6808028
0.183584,2.6808028
0.183586,2.6808028
0.183588,2.6808028
0.18359,2.6808028
0.183592,2.6808028
0.183594,2.6808028
0.183596,2.6808028
0.183598,2.6808028
0.1836,2.6808028
0.183602,2.6808028
0.183604,2.6808028
0.183606,2.6808028
0.183608,2.6808028
0.18360999,2.6808028
0.183612,2.6808028
0.183614,2.6808028
0.183616,2.6808028
0.183618,2.6808028
0.18362,2.6808028
0.183622,2.6808028
0.183624,2.6808028
0.183626,2.6808028
0.183628,2.6808028
0.18363,2.6808028
0.183632,2.6808028
0.183634,2.6808028
0.183636,2.6808028
0.183638,2.6808028
0.18364,2.6808028
0.183642,2.6808028
0.183644,2.6808028
0.183646,2.6808028
0.183648,2.6808028
0.18365,2.6808028
0.183652,2.6808028
0.183654,3.6516623
0.18365599,3.9752812
0.183658,3.92905
0.18366,3.92905
0.183662,3.9752812
0.183664,3.9752812
0.183666,3.9752812
0.183668,3.9752812
0.18367,3.9752812
0.183672,3.9752812
0.183674,3.9752812
0.183676,3.9752812
0.183678,3.9752812
0.18368,3.9752812
0.183682,3.9752812
0.183684,3.9752812
0.183686,3.9752812
0.183688,3.9752812
0.18369,3.9752812
0.183692,3.9752812
0.183694,3.9752812
0.183696,3.9752812
0.183698,3.9752812
0.1837,3.9752812
0.183702,3.9752812
0.183704,3.9752812
0.183706,3.9752812
0.183708,3.9752812
0.18371,3.9752812
0.183712,3.9752812
0.183714,3.9752812
0.183716,3.9752812
0.183718,3.9752812
0.18372,3.9752812
0.183722,3.9752812
0.183724,3.9752812
0.183726,3.9752812
0.183728,3.9752812
0.18373,3.9752812
0.183732,3.9752812
0.183734,3.9752812
0.183736,3.9752812
0.183738,3.9752812
0.18374,3.9752812
0.183742,3.9752812
0.183744,3.9752812
0.183746,3.9752812
0.183748,3.9752812
0.18375,3.9752812
0.183752,3.9752812
0.183754,3.9752812
0.183756,3.9752812
0.183758,3.9752812
0.18376,3.9752812
0.183762,3.9752812
0.183764,3.9752812
0.18376599,3.9752812
0.183768,3.9752812
0.18377,3.9752812
0.183772,3.9752812
0.183774,3.9752812
0.183776,3.9752812
0.183778,3.9752812
0.18378,3.9752812
0.183782,3.9752812
0.183784,3.9752812
0.183786,3.9752812
0.183788,3.9752812
0.18379,3.9752812
0.183792,3.9752812
0.183794,3.9752812
0.183796,3.9752812
0.183798,3.9752812
0.1838,3.9752812
0.183802,3.9752812
0.183804,3.9752812
0.183806,3.9752812
0.183808,3.9752812
0.18381,3.9752812
0.18381199,3.9752812
0.183814,3.9752812
0.183816,3.9752812
0.183818,3.9752812
0.18382,3.9752812
0.183822,3.9752812
0.183824,3.9752812
0.183826,3.9752812
0.183828,3.9752812
0.18383,3.9752812
0.183832,3.9752812
0.183834,3.9752812
0.183836,3.9752812
0.183838,3.9752812
0.18384,3.9752812
0.183842,3.9752812
0.183844,3.9752812
0.183846,3.9752812
0.183848,3.9752812
0.18385,3.9752812
0.183852,3.9752812
0.183854,3.9752812
0.183856,3.9752812
0.18385799,3.9752812
0.18386,3.9752812
0.183862,3.9752812
0.183864,3.9752812
0.183866,3.9752812
0.183868,3.9752812
0.18387,3.9752812
0.183872,3.9752812
0.183874,3.9752812
0.183876,3.9752812
0.183878,3.9752812
0.18388,3.9752812
0.183882,3.9752812
0.183884,3.9752812
0.183886,3.9752812
0.183888,3.9752812
0.18389,3.9752812
0.183892,3.9752812
0.183894,3.9752812
0.183896,3.9752812
0.183898,3.9752812
0.1839,3.9752812
0.183902,3.9752812
0.18390399,3.9752812
0.183906,3.9752812
0.183908,3.9752812
0.18391,3.9752812
0.183912,3.9752812
0.183914,3.9752812
0.183916,3.9752812
0.183918,3.9752812
0.18392,3.9752812
0.183922,3.9752812
0.183924,3.9752812
0.183926,3.9752812
0.183928,3.9752812
0.18393,3.9752812
0.183932,3.9752812
0.183934,3.9752812
0.183936,3.9752812
0.183938,3.9752812
0.18394,3.9752812
0.183942,3.9752812
0.183944,3.9752812
0.183946,3.9752812
0.183948,3.9752812
0.18395,3.9752812
0.183952,3.9752812
0.183954,3.9752812
0.183956,3.9752812
0.183958,3.9752812
0.18396,3.9752812
0.183962,3.9752812
0.183964,3.9752812
0.183966,3.9752812
0.183968,3.9752812
0.18397,3.9752812
0.183972,3.9752812
0.183974,3.9752812
0.183976,3.9752812
0.183978,3.9752812
0.18398,3.9752812
0.183982,3.9752812
0.183984,3.9752812
0.183986,3.9752812
0.183988,3.9752812
0.18399,3.9752812
0.183992,3.9752812
0.183994,3.9752812
0.183996,3.9752812
0.183998,3.9752812
0.184,3.9752812
0.184002,3.9752812
0.184004,3.9752812
0.184006,3.9752812
0.184008,3.9752812
0.18401,3.9752812
0.184012,3.9752812
0.18401399,3.9752812
0.184016,3.9752812
0.184018,3.9752812
0.18402,3.9752812
0.184022,3.9752812
0.184024,3.9752812
0.184026,3.9752812
0.184028,3.9752812
0.18403,3.9752812
0.184032,3.9752812
0.184034,3.9752812
0.184036,3.9752812
0.184038,3.9752812
0.18404,3.9752812
0.184042,3.9752812
0.184044,3.9752812
0.184046,3.9752812
0.184048,3.9752812
0.18405,3.9752812
0.184052,3.9752812
0.184054,3.9752812
0.184056,3.9752812
0.184058,3.9752812
0.18405999,3.9752812
0.184062,3.9752812
0.184064,3.9752812
0.184066,3.9752812
0.184068,3.9752812
0.18407,3.9752812
0.184072,3.9752812
0.184074,3.9752812
0.184076,3.9752812
0.184078,3.9752812
0.18408,3.9752812
0.184082,3.9752812
0.184084,3.9752812
0.184086,3.9752812
0.184088,3.9752812
0.18409,3.9752812
0.184092,3.9752812
0.184094,3.9752812
0.184096,3.9752812
0.184098,3.9752812
0.1841,3.9752812
0.184102,3.9752812
0.184104,3.9752812
0.18410599,3.9752812
0.184108,3.9752812
0.18411,3.9752812
0.184112,3.9752812
0.184114,3.9752812
0.184116,3.9752812
0.184118,3.9752812
0.18412,3.9752812
0.184122,3.9752812
0.184124,3.9752812
0.184126,3.9752812
0.184128,3.9752812
0.18413,3.9752812
0.184132,3.9752812
0.184134,3.9752812
0.184136,3.9752812
0.184138,3.9752812
0.18414,3.9752812
0.184142,3.9752812
0.184144,3.9752812
0.184146,3.9752812
0.184148,3.9752812
0.18415,3.9752812
0.18415199,3.9752812
0.184154,3.9752812
0.184156,3.9752812
0.184158,3.9752812
0.18416,3.9752812
0.184162,3.9752812
0.184164,3.9752812
0.184166,3.9752812
0.184168,3.9752812
0.18417,3.9752812
0.184172,3.9752812
0.184174,3.9752812
0.184176,3.9752812
0.184178,3.9752812
0.18418,3.9752812
0.184182,3.9752812
0.184184,3.9752812
0.184186,3.9752812
0.184188,3.9752812
0.18419,3.9752812
0.184192,3.9752812
0.184194,3.9752812
0.184196,3.9752812
0.18419799,3.9752812
0.1842,3.9752812
0.184202,3.9752812
0.184204,3.9752812
0.184206,3.9752812
0.184208,3.9752812
0.18421,3.9752812
0.184212,3.9752812
0.184214,3.9752812
0.184216,3.9752812
0.184218,3.9752812
0.18422,3.9752812
0.184222,3.9752812
0.184224,3.9752812
0.184226,3.9752812
0.184228,3.9752812
0.18423,3.9752812
0.184232,3.9752812
0.184234,3.9752812
0.184236,3.9752812
0.184238,3.9752812
0.18424,3.9752812
0.184242,3.9752812
0.184244,3.9752812
0.184246,3.9752812
0.184248,3.9752812
0.18425,3.9752812
0.184252,3.9752812
0.184254,3.9752812
0.184256,3.9752812
0.184258,3.9752812
0.18426,3.9752812
0.184262,3.9752812
0.184264,3.9752812
0.184266,3.9752812
0.184268,3.9752812
0.18427,3.9752812
0.184272,3.9752812
0.184274,3.9752812
0.184276,3.9752812
0.184278,3.9752812
0.18428,3.9752812
0.184282,3.9752812
0.184284,3.9752812
0.184286,3.9752812
0.184288,3.9752812
0.18429,3.9752812
0.184292,3.9752812
0.184294,3.9752812
0.184296,3.9752812
0.184298,3.9752812
0.1843,3.9752812
0.184302,3.9752812
0.184304,3.9752812
0.184306,3.9752812
0.18430799,3.9752812
0.18431,3.9752812
0.184312,3.9752812
0.184314,3.9752812
0.184316,3.9752812
0.184318,3.9752812
0.18432,3.9752812
0.184322,3.9752812
0.184324,3.9752812
0.184326,3.9752812
0.184328,3.9752812
0.18433,3.9752812
0.184332,3.9752812
0.184334,3.9752812
0.184336,3.9752812
0.184338,3.9752812
0.18434,3.9752812
0.184342,3.9752812
0.184344,3.9752812
0.184346,3.9752812
0.184348,3.9752812
0.18435,3.9752812
0.184352,3.9752812
0.18435399,3.9752812
0.184356,3.9752812
0.184358,3.9752812
0.18436,3.9752812
0.184362,3.9752812
0.184364,3.9752812
0.184366,3.9752812
0.184368,3.9752812
0.18437,3.9752812
0.184372,3.9752812
0.184374,3.9752812
0.184376,3.9752812
0.184378,3.9752812
0.18438,3.9752812
0.184382,3.9752812
0.184384,3.9752812
0.184386,3.9752812
0.184388,3.9752812
0.18439,3.9752812
0.184392,3.9752812
0.184394,3.9752812
0.184396,3.9752812
0.184398,3.9752812
0.18439999,3.9752812
0.184402,3.9752812
0.184404,3.9752812
0.184406,3.9752812
0.184408,3.9752812
0.18441,3.9752812
0.184412,3.9752812
0.184414,3.9752812
0.184416,3.9752812
0.184418,3.9752812
0.18442,3.9752812
0.184422,3.9752812
0.184424,3.9752812
0.184426,3.9752812
0.184428,3.9752812
0.18443,3.9752812
0.184432,3.9752812
0.184434,3.9752812
0.184436,3.9752812
0.184438,3.9752812
0.18444,3.9752812
0.184442,3.9752812
0.184444,3.9752812
0.18444599,3.9752812
0.184448,3.9752812
0.18445,3.9752812
0.184452,3.9752812
0.184454,3.9752812
0.184456,3.9752812
0.184458,3.9752812
0.18446,3.9752812
0.184462,3.9752812
0.184464,3.9752812
0.184466,3.9752812
0.184468,3.9752812
0.18447,3.9752812
0.184472,3.9752812
0.184474,3.9752812
0.184476,3.9752812
0.184478,3.9752812
0.18448,3.9752812
0.184482,3.9752812
0.184484,3.9752812
0.184486,3.9752812
0.184488,3.9752812
0.18449,3.9752812
0.184492,3.9752812
0.184494,3.9752812
0.184496,3.9752812
0.184498,3.9752812
0.1845,3.9752812
0.184502,3.9752812
0.184504,3.9752812
0.184506,3.9752812
0.184508,3.9752812
0.18451,3.9752812
0.184512,3.9752812
0.184514,3.9752812
0.184516,3.9752812
0.184518,3.9752812
0.18452,3.9752812
0.184522,3.9752812
0.184524,3.9752812
0.184526,3.9752812
0.184528,3.9752812
0.18453,3.9752812
0.184532,3.9752812
0.184534,3.9752812
0.184536,3.9752812
0.184538,3.9752812
0.18454,3.9752812
0.184542,3.9752812
0.184544,3.9752812
0.184546,3.9752812
0.184548,3.9752812
0.18455,3.9752812
0.184552,3.9752812
0.184554,3.9752812
0.18455599,3.9752812
0.184558,3.9752812
0.18456,3.9752812
0.184562,3.9752812
0.184564,3.9752812
0.184566,3.9752812
0.184568,3.9752812
0.18457,3.9752812
0.184572,3.9752812
0.184574,3.9752812
0.184576,3.9752812
0.184578,3.9752812
0.18458,3.9752812
0.184582,3.9752812
0.184584,3.9752812
0.184586,3.9752812
0.184588,3.9752812
0.18459,3.9752812
0.184592,3.9752812
0.184594,3.9752812
0.184596,3.9752812
0.184598,3.9752812
0.1846,3.9752812
0.18460199,3.9752812
0.184604,3.9752812
0.184606,3.9752812
0.184608,3.9752812
0.18461,3.9752812
0.184612,3.9752812
0.184614,3.9752812
0.184616,3.9752812
0.184618,3.9752812
0.18462,3.9752812
0.184622,3.9752812
0.184624,3.9752812
0.184626,3.9752812
0.184628,3.9752812
0.18463,3.9752812
0.184632,3.9752812
0.184634,3.9752812
0.184636,3.9752812
0.184638,3.9752812
0.18464,3.9752812
0.184642,3.9752812
0.184644,3.9752812
0.184646,3.9752812
0.18464799,3.9752812
0.18465,3.9752812
0.184652,3.9752812
0.184654,3.9752812
0.184656,3.9752812
0.184658,3.9752812
0.18466,3.9752812
0.184662,3.9752812
0.184664,3.9752812
0.184666,3.9752812
0.184668,3.9752812
0.18467,3.9752812
0.184672,3.9752812
0.184674,3.9752812
0.184676,3.9752812
0.184678,3.9752812
0.18468,3.9752812
0.184682,3.9752812
0.184684,3.9752812
0.184686,3.9752812
0.184688,3.9752812
0.18469,3.9752812
0.184692,3.9752812
0.18469399,3.9752812
0.184696,3.9752812
0.184698,3.9752812
0.1847,3.9752812
0.184702,3.9752812
0.184704,3.9752812
0.184706,3.9752812
0.184708,3.9752812
0.18471,3.9752812
0.184712,3.9752812
0.184714,3.9752812
0.184716,3.9752812
0.184718,3.9752812
0.18472,3.9752812
0.184722,3.9752812
0.184724,3.9752812
0.184726,3.9752812
0.184728,3.9752812
0.18473,3.9752812
0.184732,3.9752812
0.184734,3.9752812
0.184736,3.9752812
0.184738,3.9752812
0.18474,3.9752812
0.184742,3.9752812
0.184744,3.9752812
0.184746,3.9752812
0.184748,3.9752812
0.18475,3.9752812
0.184752,3.9752812
0.184754,3.9752812
0.184756,3.9752812
0.184758,3.9752812
0.18476,3.9752812
0.184762,3.9752812
0.184764,3.9752812
0.184766,3.9752812
0.184768,3.9752812
0.18477,3.9752812
0.184772,3.9752812
0.184774,3.9752812
0.184776,3.9752812
0.184778,3.9752812
0.18478,3.9752812
0.184782,3.9752812
0.184784,3.9752812
0.184786,3.9752812
0.184788,3.9752812
0.18479,3.9752812
0.184792,3.9752812
0.184794,3.9752812
0.184796,3.744125
0.184798,2.727035
0.1848,2.727035
0.184802,2.727035
0.18480399,2.727035
0.184806,2.727035
0.184808,2.727035
0.18481,2.727035
0.184812,2.727035
0.184814,2.6808028
0.184816,2.6808028
0.184818,2.6808028
0.18482,2.6808028
0.184822,2.6808028
0.184824,2.6808028
0.184826,2.6808028
0.184828,2.6808028
0.18483,2.6808028
0.184832,2.6808028
0.184834,2.6808028
0.184836,2.6808028
0.184838,2.6808028
0.18484,2.6808028
0.184842,2.6808028
0.184844,2.6808028
0.184846,2.6808028
0.184848,2.6808028
0.18484999,2.6808028
0.184852,2.6808028
0.184854,2.6808028
0.184856,2.6808028
0.184858,2.6808028
0.18486,2.6808028
0.184862,2.6808028
0.184864,2.6808028
0.184866,2.6808028
0.184868,2.6808028
0.18487,2.6808028
0.184872,2.6808028
0.184874,2.6808028
0.184876,2.6808028
0.184878,2.6808028
0.18488,2.6808028
0.184882,2.6808028
0.184884,2.6808028
0.184886,2.6808028
0.184888,2.6808028
0.18489,2.6808028
0.184892,2.6808028
0.184894,2.6808028
0.18489599,2.6808028
0.184898,2.6808028
0.1849,2.6808028
0.184902,2.6808028
0.184904,2.6808028
0.184906,2.6808028
0.184908,2.6808028
0.18491,2.6808028
0.184912,2.6808028
0.184914,2.6808028
0.184916,2.6808028
0.184918,2.6808028
0.18492,2.6808028
0.184922,2.6808028
0.184924,2.6808028
0.184926,2.6808028
0.184928,2.6808028
0.18493,2.6808028
0.184932,2.6808028
0.184934,2.6808028
0.184936,2.6808028
0.184938,2.6808028
0.18494,2.6808028
0.18494199,2.6808028
0.184944,2.6808028
0.184946,2.6808028
0.184948,2.6808028
0.18495,2.6808028
0.184952,2.6808028
0.184954,2.6808028
0.184956,2.6808028
0.184958,2.6808028
0.18496,2.6808028
0.184962,2.6808028
0.184964,2.6808028
0.184966,2.6808028
0.184968,2.6808028
0.18497,2.6808028
0.184972,2.6808028
0.184974,2.6808028
0.184976,2.6808028
0.184978,2.6808028
0.18498,2.6808028
0.184982,2.6808028
0.184984,2.6808028
0.184986,2.6808028
0.184988,2.6808028
0.18499,2.6808028
0.184992,2.6808028
0.184994,2.6808028
0.184996,2.6808028
0.184998,2.6808028
0.185,2.6808028
0.185002,2.6808028
0.185004,2.6808028
0.185006,2.6808028
0.185008,2.6808028
0.18501,2.6808028
0.185012,2.6808028
0.185014,2.6808028
0.185016,2.6808028
0.185018,2.6808028
0.18502,2.6808028
0.185022,2.6808028
0.185024,2.6808028
0.185026,2.6808028
0.185028,2.6808028
0.18503,2.6808028
0.185032,2.6808028
0.185034,2.6808028
0.185036,2.6808028
0.185038,2.6808028
0.18504,2.6808028
0.185042,2.6808028
0.185044,2.6808028
0.185046,2.6808028
0.185048,2.6808028
0.18505,2.6808028
0.18505199,2.6808028
0.185054,2.6808028
0.185056,2.6808028
0.185058,2.6808028
0.18506,2.6808028
0.185062,2.6808028
0.185064,2.6808028
0.185066,2.6808028
0.185068,2.6808028
0.18507,2.6808028
0.185072,2.6808028
0.185074,2.6808028
0.185076,2.6808028
0.185078,2.6808028
0.18508,2.6808028
0.185082,2.6808028
0.185084,2.6808028
0.185086,2.6808028
0.185088,2.6808028
0.18509,2.6808028
0.185092,2.6808028
0.185094,2.6808028
0.185096,2.6808028
0.18509799,2.6808028
0.1851,2.6808028
0.185102,2.6808028
0.185104,2.6808028
0.185106,2.6808028
0.185108,2.6808028
0.18511,2.6808028
0.185112,2.6808028
0.185114,2.6808028
0.185116,2.6808028
0.185118,2.6808028
0.18512,2.6808028
0.185122,2.6808028
0.185124,1.4787879
0.185126,1.4325566
0.185128,1.4325566
0.18513,1.4325566
0.185132,1.4325566
0.185134,1.4325566
0.185136,1.4325566
0.185138,1.4325566
0.18514,1.4325566
0.185142,1.4325566
0.18514399,1.4325566
0.185146,1.4325566
0.185148,1.4325566
0.18515,1.4325566
0.185152,1.4325566
0.185154,1.4325566
0.185156,1.4325566
0.185158,1.4325566
0.18516,1.4325566
0.185162,1.3863249
0.185164,1.3863249
0.185166,1.3863249
0.185168,1.3863249
0.18517,1.4325566
0.185172,1.3863249
0.185174,1.3863249
0.185176,1.3863249
0.185178,1.3863249
0.18518,1.3863249
0.185182,1.3863249
0.185184,1.3863249
0.185186,1.3863249
0.185188,1.3863249
0.18518999,1.3863249
0.185192,1.3863249
0.185194,1.3863249
0.185196,1.3863249
0.185198,1.3863249
0.1852,1.3863249
0.185202,1.3863249
0.185204,1.3863249
0.185206,1.3863249
0.185208,1.3863249
0.18521,1.3863249
0.185212,1.3863249
0.185214,1.3863249
0.185216,1.3863249
0.185218,1.3863249
0.18522,1.3863249
0.185222,1.3863249
0.185224,1.3863249
0.185226,1.3863249
0.185228,1.3863249
0.18523,1.3863249
0.185232,1.3863249
0.185234,1.3863249
0.185236,1.3863249
0.185238,1.3863249
0.18524,1.3863249
0.185242,1.3863249
0.185244,1.3863249
0.185246,1.3863249
0.185248,1.3863249
0.18525,1.3863249
0.185252,1.3863249
0.185254,1.3863249
0.185256,1.3863249
0.185258,1.3863249
0.18526,1.3863249
0.185262,1.3863249
0.185264,1.3863249
0.185266,1.3863249
0.185268,1.3863249
0.18527,1.3863249
0.185272,1.3863249
0.185274,1.3863249
0.185276,1.3863249
0.185278,1.3863249
0.18528,1.3863249
0.185282,1.3863249
0.185284,1.3863249
0.185286,1.3863249
0.185288,1.3863249
0.18529,1.3863249
0.185292,1.3863249
0.185294,1.3863249
0.185296,1.3863249
0.185298,1.3863249
0.1853,1.3863249
0.185302,1.3863249
0.185304,1.3863249
0.185306,1.3863249
0.185308,1.3863249
0.18531,1.3863249
0.185312,1.3863249
0.185314,1.3863249
0.185316,1.3863249
0.185318,1.3863249
0.18532,1.3863249
0.185322,1.3863249
0.185324,1.3863249
0.185326,1.3863249
0.185328,1.3863249
0.18533,1.3863249
0.185332,1.3863249
0.185334,1.3863249
0.185336,1.3863249
0.185338,1.3863249
0.18534,1.3863249
0.185342,1.3863249
0.185344,1.3863249
0.18534599,1.3863249
0.185348,1.3863249
0.18535,1.3863249
0.185352,1.3863249
0.185354,1.3863249
0.185356,1.3863249
0.185358,1.3863249
0.18536,1.3863249
0.185362,1.3863249
0.185364,1.3863249
0.185366,1.3863249
0.185368,1.3863249
0.18537,1.3863249
0.185372,1.3863249
0.185374,1.3863249
0.185376,1.3863249
0.185378,1.3863249
0.18538,1.3863249
0.185382,1.3863249
0.185384,1.3863249
0.185386,1.3863249
0.185388,1.3863249
0.18539,1.3863249
0.18539199,1.3863249
0.185394,1.3863249
0.185396,1.3863249
0.185398,1.3863249
0.1854,1.3863249
0.185402,1.3863249
0.185404,1.3863249
0.185406,1.3863249
0.185408,1.3863249
0.18541,1.3863249
0.185412,1.3863249
0.185414,1.3863249
0.185416,1.3863249
0.185418,1.3863249
0.18542,1.3863249
0.185422,1.3863249
0.185424,1.3863249
0.185426,1.3863249
0.185428,1.3863249
0.18543,1.3863249
0.185432,1.3863249
0.185434,1.3863249
0.185436,1.3863249
0.18543799,1.3863249
0.18544,1.3863249
0.185442,1.3863249
0.185444,1.3863249
0.185446,1.3863249
0.185448,1.3863249
0.18545,1.3863249
0.185452,1.3863249
0.185454,1.3863249
0.185456,1.3863249
0.185458,1.3863249
0.18546,1.3863249
0.185462,1.3863249
0.185464,1.3863249
0.185466,1.3863249
0.185468,1.3863249
0.18547,1.3863249
0.185472,1.3863249
0.185474,1.3863249
0.185476,1.3863249
0.185478,0.23054075
0.18548,0.13807821
0.185482,0.13807821
0.18548399,0.13807821
0.185486,0.13807821
0.185488,0.13807821
0.18549,0.13807821
0.185492,0.13807821
0.185494,0.13807821
0.185496,0.13807821
0.185498,0.13807821
0.1855,0.13807821
0.185502,0.091846466
0.185504,0.091846466
0.185506,0.091846466
0.185508,0.091846466
0.18551,0.091846466
0.185512,0.091846466
0.185514,0.091846466
0.185516,0.091846466
0.185518,0.091846466
0.18552,0.091846466
0.185522,0.091846466
0.185524,0.091846466
0.185526,0.091846466
0.185528,0.091846466
0.18553,0.091846466
0.185532,0.091846466
0.185534,0.091846466
0.185536,0.091846466
0.185538,0.091846466
0.18554,0.091846466
0.185542,0.091846466
0.185544,0.091846466
0.185546,0.091846466
0.185548,0.091846466
0.18555,0.091846466
0.185552,0.091846466
0.185554,0.091846466
0.185556,0.091846466
0.185558,0.091846466
0.18556,0.091846466
0.185562,0.091846466
0.185564,0.091846466
0.185566,0.091846466
0.185568,0.091846466
0.18557,0.091846466
0.185572,0.091846466
0.185574,0.091846466
0.185576,0.091846466
0.185578,0.091846466
0.18558,0.091846466
0.185582,0.091846466
0.185584,0.091846466
0.185586,0.091846466
0.185588,0.091846466
0.18559,0.091846466
0.185592,0.091846466
0.18559399,0.091846466
0.185596,0.091846466
0.185598,0.091846466
0.1856,0.091846466
0.185602,0.091846466
0.185604,0.091846466
0.185606,0.091846466
0.185608,0.091846466
0.18561,0.091846466
0.185612,0.091846466
0.185614,0.091846466
0.185616,0.091846466
0.185618,0.091846466
0.18562,0.091846466
0.185622,0.091846466
0.185624,0.091846466
0.185626,0.091846466
0.185628,0.091846466
0.18563,0.091846466
0.185632,0.091846466
0.185634,0.091846466
0.185636,0.091846466
0.185638,0.091846466
0.18563999,0.091846466
0.185642,0.091846466
0.185644,0.091846466
0.185646,0.091846466
0.185648,0.091846466
0.18565,0.091846466
0.185652,0.091846466
0.185654,0.091846466
0.185656,0.091846466
0.185658,0.091846466
0.18566,0.091846466
0.185662,0.091846466
0.185664,0.091846466
0.185666,0.091846466
0.185668,0.091846466
0.18567,0.091846466
0.185672,0.091846466
0.185674,0.091846466
0.185676,0.091846466
0.185678,0.091846466
0.18568,0.091846466
0.185682,0.091846466
0.185684,0.091846466
0.18568599,0.091846466
0.185688,0.091846466
0.18569,0.091846466
0.185692,0.091846466
0.185694,0.091846466
0.185696,0.091846466
0.185698,0.091846466
0.1857,0.091846466
0.185702,0.091846466
0.185704,0.091846466
0.185706,0.091846466
0.185708,0.091846466
0.18571,0.091846466
0.185712,0.091846466
0.185714,0.091846466
0.185716,0.091846466
0.185718,0.091846466
0.18572,0.091846466
0.185722,0.091846466
0.185724,0.091846466
0.185726,0.091846466
0.185728,0.091846466
0.18573,0.091846466
0.18573199,0.091846466
0.185734,0.091846466
0.185736,0.091846466
0.185738,0.091846466
0.18574,0.091846466
0.185742,0.091846466
0.185744,0.091846466
0.185746,0.091846466
0.185748,0.091846466
0.18575,0.091846466
0.185752,0.091846466
0.185754,0.091846466
0.185756,0.091846466
0.185758,0.091846466
0.18576,0.091846466
0.185762,0.091846466
0.185764,0.091846466
0.185766,0.091846466
0.185768,0.091846466
0.18577,0.091846466
0.185772,0.091846466
0.185774,0.091846466
0.185776,0.091846466
0.185778,0.091846466
0.18578,0.091846466
0.185782,0.091846466
0.185784,0.091846466
0.185786,0.091846466
0.185788,0.091846466
0.18579,0.091846466
0.185792,0.091846466
0.185794,0.091846466
0.185796,0.091846466
0.185798,0.091846466
0.1858,0.091846466
0.185802,0.091846466
0.185804,0.091846466
0.185806,0.091846466
0.185808,0.091846466
0.18581,0.091846466
0.185812,0.091846466
0.185814,0.091846466
0.185816,0.091846466
0.185818,0.091846466
0.18582,0.091846466
0.185822,0.091846466
0.185824,0.091846466
0.185826,0.091846466
0.185828,0.091846466
0.18583,0.091846466
0.185832,0.091846466
0.185834,0.091846466
0.185836,0.091846466
0.185838,0.091846466
0.18584,0.091846466
0.18584199,0.091846466
0.185844,0.091846466
0.185846,0.091846466
0.185848,0.091846466
0.18585,0.091846466
0.185852,0.091846466
0.185854,0.091846466
0.185856,0.091846466
0.185858,0.091846466
0.18586,0.091846466
0.185862,0.091846466
0.185864,0.091846466
0.185866,0.091846466
0.185868,0.091846466
0.18587,0.091846466
0.185872,0.091846466
0.185874,0.091846466
0.185876,0.091846466
0.185878,0.091846466
0.18588,0.091846466
0.185882,0.091846466
0.185884,0.091846466
0.185886,0.091846466
0.18588799,0.091846466
0.18589,0.091846466
0.185892,0.091846466
0.185894,0.091846466
0.185896,0.091846466
0.185898,0.091846466
0.1859,0.091846466
0.185902,0.091846466
0.185904,0.091846466
0.185906,0.091846466
0.185908,0.091846466
0.18591,0.091846466
0.185912,0.091846466
0.185914,0.091846466
0.185916,0.091846466
0.185918,0.091846466
0.18592,0.091846466
0.185922,0.091846466
0.185924,0.091846466
0.185926,0.091846466
0.185928,0.091846466
0.18593,0.091846466
0.185932,0.091846466
0.18593399,0.091846466
0.185936,0.091846466
0.185938,0.091846466
0.18594,0.091846466
0.185942,0.091846466
0.185944,0.091846466
0.185946,0.091846466
0.185948,0.091846466
0.18595,0.091846466
0.185952,0.091846466
0.185954,0.091846466
0.185956,0.091846466
0.185958,0.091846466
0.18596,0.091846466
0.185962,0.091846466
0.185964,0.091846466
0.185966,0.091846466
0.185968,0.091846466
0.18597,0.091846466
0.185972,0.091846466
0.185974,0.091846466
0.185976,0.091846466
0.185978,0.091846466
0.18597999,0.091846466
0.185982,0.091846466
0.185984,0.091846466
0.185986,0.091846466
0.185988,0.091846466
0.18599,0.091846466
0.185992,0.091846466
0.185994,0.091846466
0.185996,0.091846466
0.185998,0.091846466
0.186,0.091846466
0.186002,0.091846466
0.186004,0.091846466
0.186006,0.091846466
0.186008,0.091846466
0.18601,0.091846466
0.186012,0.091846466
0.186014,0.091846466
0.186016,0.091846466
0.186018,0.091846466
0.18602,0.091846466
0.186022,0.091846466
0.186024,0.091846466
0.186026,0.091846466
0.186028,0.091846466
0.18603,0.091846466
0.186032,0.091846466
0.186034,0.091846466
0.186036,0.091846466
0.186038,0.091846466
0.18604,0.091846466
0.186042,0.091846466
0.186044,0.091846466
0.186046,0.091846466
0.186048,0.091846466
0.18605,0.091846466
0.186052,0.091846466
0.186054,0.091846466
0.186056,0.091846466
0.186058,0.091846466
0.18606,0.091846466
0.186062,0.091846466
0.186064,0.091846466
0.186066,0.091846466
0.186068,0.091846466
0.18607,0.091846466
0.186072,0.091846466
0.186074,0.091846466
0.186076,0.091846466
0.186078,0.091846466
0.18608,0.091846466
0.186082,0.091846466
0.186084,0.091846466
0.186086,0.091846466
0.186088,0.091846466
0.18608999,0.091846466
0.186092,0.091846466
0.186094,0.091846466
0.186096,0.091846466
0.186098,0.091846466
0.1861,0.091846466
0.186102,0.091846466
0.186104,0.091846466
0.186106,0.091846466
0.186108,0.091846466
0.18611,0.091846466
0.186112,0.091846466
0.186114,0.091846466
0.186116,0.091846466
0.186118,0.091846466
0.18612,0.091846466
0.186122,0.091846466
0.186124,0.091846466
0.186126,0.091846466
0.186128,0.091846466
0.18613,0.091846466
0.186132,0.091846466
0.186134,0.091846466
0.18613599,0.091846466
0.186138,0.091846466
0.18614,0.091846466
0.186142,0.091846466
0.186144,0.091846466
0.186146,0.091846466
0.186148,0.091846466
0.18615,0.091846466
0.186152,0.091846466
0.186154,0.091846466
0.186156,0.091846466
0.186158,0.091846466
0.18616,0.091846466
0.186162,0.091846466
0.186164,0.091846466
0.186166,0.091846466
0.186168,0.091846466
0.18617,0.091846466
0.186172,0.091846466
0.186174,0.091846466
0.186176,0.091846466
0.186178,0.091846466
0.18618,0.091846466
0.18618199,0.091846466
0.186184,0.091846466
0.186186,0.091846466
0.186188,0.091846466
0.18619,0.091846466
0.186192,0.091846466
0.186194,0.091846466
0.186196,0.091846466
0.186198,0.091846466
0.1862,0.091846466
0.186202,0.091846466
0.186204,0.091846466
0.186206,0.091846466
0.186208,0.091846466
0.18621,0.091846466
0.186212,0.091846466
0.186214,0.091846466
0.186216,0.091846466
0.186218,0.091846466
0.18622,0.091846466
0.186222,0.091846466
0.186224,0.091846466
0.186226,0.091846466
0.18622799,0.091846466
0.18623,0.091846466
0.186232,0.091846466
0.186234,0.091846466
0.186236,0.091846466
0.186238,0.091846466
0.18624,0.091846466
0.186242,0.091846466
0.186244,0.091846466
0.186246,0.091846466
0.186248,0.091846466
0.18625,0.091846466
0.186252,0.091846466
0.186254,0.091846466
0.186256,0.091846466
0.186258,0.091846466
0.18626,0.091846466
0.186262,0.091846466
0.186264,0.091846466
0.186266,0.091846466
0.186268,0.091846466
0.18627,0.091846466
0.186272,0.091846466
0.186274,0.091846466
0.186276,0.091846466
0.186278,0.091846466
0.18628,0.091846466
0.186282,0.091846466
0.186284,0.091846466
0.186286,0.091846466
0.186288,0.091846466
0.18629,0.091846466
0.186292,0.091846466
0.186294,1.2938623
0.186296,1.3400936
0.186298,1.3400936
0.1863,1.3863249
0.186302,1.3863249
0.186304,1.3863249
0.186306,1.3863249
0.186308,1.3863249
0.18631,1.3863249
0.186312,1.3863249
0.186314,1.3863249
0.186316,1.3863249
0.186318,1.3863249
0.18632,1.3863249
0.186322,1.3863249
0.186324,1.3863249
0.186326,1.3863249
0.186328,1.3863249
0.18633,1.3863249
0.186332,1.3863249
0.186334,1.3863249
0.186336,1.3863249
0.18633799,1.3863249
0.18634,1.3863249
0.186342,1.3863249
0.186344,1.3863249
0.186346,1.3863249
0.186348,1.3863249
0.18635,1.3863249
0.186352,1.3863249
0.186354,1.3863249
0.186356,1.3863249
0.186358,1.3863249
0.18636,1.3863249
0.186362,1.3863249
0.186364,1.3863249
0.186366,1.3863249
0.186368,1.3863249
0.18637,1.3863249
0.186372,1.3863249
0.186374,1.3863249
0.186376,1.3863249
0.186378,1.3863249
0.18638,1.3863249
0.186382,1.3863249
0.18638399,1.3863249
0.186386,1.3863249
0.186388,1.3863249
0.18639,1.3863249
0.186392,1.3863249
0.186394,1.3863249
0.186396,1.3863249
0.186398,1.3863249
0.1864,1.3863249
0.186402,1.3863249
0.186404,1.3863249
0.186406,1.3863249
0.186408,1.3863249
0.18641,1.3863249
0.186412,1.3863249
0.186414,1.3863249
0.186416,1.3863249
0.186418,1.3863249
0.18642,1.3863249
0.186422,1.3863249
0.186424,1.3863249
0.186426,1.3863249
0.186428,1.3863249
0.18642999,1.3863249
0.186432,1.3863249
0.186434,1.3863249
0.186436,1.3863249
0.186438,1.3863249
0.18644,1.3863249
0.186442,1.3863249
0.186444,1.3863249
0.186446,1.3863249
0.186448,1.3863249
0.18645,1.3863249
0.186452,1.3863249
0.186454,1.3863249
0.186456,1.3863249
0.186458,1.3863249
0.18646,1.3863249
0.186462,1.3863249
0.186464,1.3863249
0.186466,1.3863249
0.186468,1.3863249
0.18647,1.3863249
0.186472,1.3863249
0.186474,1.3863249
0.18647599,1.3863249
0.186478,1.3863249
0.18648,1.3863249
0.186482,1.3863249
0.186484,1.3863249
0.186486,1.3863249
0.186488,1.3863249
0.18649,1.3863249
0.186492,1.3863249
0.186494,1.3863249
0.186496,1.3863249
0.186498,1.3863249
0.1865,1.3863249
0.186502,1.3863249
0.186504,1.3863249
0.186506,1.3863249
0.186508,1.3863249
0.18651,1.3863249
0.186512,1.3863249
0.186514,1.3863249
0.186516,1.3863249
0.186518,1.3863249
0.18652,1.3863249
0.18652199,1.3863249
0.186524,1.3863249
0.186526,1.3863249
0.186528,1.3863249
0.18653,1.3863249
0.186532,1.3863249
0.186534,1.3863249
0.186536,1.3863249
0.186538,1.3863249
0.18654,1.3863249
0.186542,1.3863249
0.186544,1.3863249
0.186546,1.3863249
0.186548,1.3863249
0.18655,1.3863249
0.186552,1.3863249
0.186554,1.3863249
0.186556,1.3863249
0.186558,1.3863249
0.18656,1.3863249
0.186562,1.3863249
0.186564,1.3863249
0.186566,1.3863249
0.186568,1.3863249
0.18657,1.3863249
0.186572,1.3863249
0.186574,1.3863249
0.186576,1.3863249
0.186578,1.3863249
0.18658,1.3863249
0.186582,1.3863249
0.186584,1.3863249
0.186586,1.3863249
0.186588,1.3863249
0.18659,1.3863249
0.186592,1.3863249
0.186594,1.3863249
0.186596,1.3863249
0.186598,1.3863249
0.1866,1.3863249
0.186602,1.3863249
0.186604,1.3863249
0.186606,1.3863249
0.186608,1.3863249
0.18661,1.3863249
0.186612,1.3863249
0.186614,1.3863249
0.186616,1.3863249
0.186618,1.3863249
0.18662,1.3863249
0.186622,1.3863249
0.186624,1.3863249
0.186626,1.3863249
0.186628,1.3863249
0.18663,1.3863249
0.18663199,1.3863249
0.186634,1.3863249
0.186636,1.3863249
0.186638,1.3863249
0.18664,1.3863249
0.186642,1.3863249
0.186644,1.3863249
0.186646,1.3863249
0.186648,1.3863249
0.18665,1.3863249
0.186652,1.3863249
0.186654,1.3863249
0.186656,1.3863249
0.186658,1.3863249
0.18666,1.3863249
0.186662,1.3863249
0.186664,1.3863249
0.186666,1.3863249
0.186668,1.3863249
0.18667,1.3863249
0.186672,1.3863249
0.186674,1.9873328
0.186676,2.6345725
0.18667799,2.6345725
0.18668,2.6345725
0.186682,2.6345725
0.186684,2.6345725
0.186686,2.6345725
0.186688,2.6345725
0.18669,2.6345725
0.186692,2.6808028
0.186694,2.6808028
0.186696,2.6808028
0.186698,2.6808028
0.1867,2.6808028
0.186702,2.6808028
0.186704,2.6808028
0.186706,2.6808028
0.186708,2.6808028
0.18671,2.6808028
0.186712,2.6808028
0.186714,2.6808028
0.186716,2.6808028
0.186718,2.6808028
0.18672,2.6808028
0.186722,2.6808028
0.18672399,2.6808028
0.186726,2.6808028
0.186728,2.6808028
0.18673,2.6808028
0.186732,2.6808028
0.186734,2.6808028
0.186736,2.6808028
0.186738,2.6808028
0.18674,2.6808028
0.186742,2.6808028
0.186744,2.6808028
0.186746,2.6808028
0.186748,2.6808028
0.18675,2.6808028
0.186752,2.6808028
0.186754,2.6808028
0.186756,2.6808028
0.186758,2.6808028
0.18676,2.6808028
0.186762,2.6808028
0.186764,2.6808028
0.186766,2.6808028
0.186768,2.6808028
0.18676999,2.6808028
0.186772,2.6808028
0.186774,2.6808028
0.186776,2.6808028
0.186778,2.6808028
0.18678,2.6808028
0.186782,2.6808028
0.186784,2.6808028
0.186786,2.6808028
0.186788,2.6808028
0.18679,2.6808028
0.186792,2.6808028
0.186794,2.6808028
0.186796,2.6808028
0.186798,2.6808028
0.1868,2.6808028
0.186802,2.6808028
0.186804,2.6808028
0.186806,2.6808028
0.186808,2.6808028
0.18681,2.6808028
0.186812,2.6808028
0.186814,2.6808028
0.186816,2.6808028
0.186818,2.6808028
0.18682,2.6808028
0.186822,2.6808028
0.186824,2.6808028
0.186826,2.6808028
0.186828,2.6808028
0.18683,2.6808028
0.186832,2.6808028
0.186834,2.6808028
0.186836,2.6808028
0.186838,2.6808028
0.18684,2.6808028
0.186842,2.6808028
0.186844,2.6808028
0.186846,2.6808028
0.186848,2.6808028
0.18685,2.6808028
0.186852,2.6808028
0.186854,2.6808028
0.186856,2.6808028
0.186858,2.6808028
0.18686,2.6808028
0.186862,2.6808028
0.186864,2.6808028
0.186866,2.6808028
0.186868,2.6808028
0.18687,2.6808028
0.186872,2.6808028
0.186874,2.6808028
0.186876,2.6808028
0.186878,2.6808028
0.18687999,2.6808028
0.186882,2.6808028
0.186884,2.6808028
0.186886,2.6808028
0.186888,2.6808028
0.18689,2.6808028
0.186892,2.6808028
0.186894,2.6808028
0.186896,2.6808028
0.186898,2.6808028
0.1869,2.6808028
0.186902,2.6808028
0.186904,2.6808028
0.186906,2.6808028
0.186908,2.6808028
0.18691,2.6808028
0.186912,2.6808028
0.186914,2.6808028
0.186916,2.6808028
0.186918,2.6808028
0.18692,2.6808028
0.186922,2.6808028
0.186924,2.6808028
0.18692599,2.6808028
0.186928,2.6808028
0.18693,2.6808028
0.186932,2.6808028
0.186934,2.6808028
0.186936,2.6808028
0.186938,2.6808028
0.18694,2.6808028
0.186942,2.6808028
0.186944,2.6808028
0.186946,2.6808028
0.186948,2.6808028
0.18695,2.6808028
0.186952,2.6808028
0.186954,2.6808028
0.186956,2.6808028
0.186958,2.6808028
0.18696,2.6808028
0.186962,2.6808028
0.186964,2.6808028
0.186966,2.6808028
0.186968,2.6808028
0.18697,2.6808028
0.18697199,2.6808028
0.186974,2.6808028
0.186976,2.6808028
0.186978,2.6808028
0.18698,2.6808028
0.186982,2.6808028
0.186984,2.6808028
0.186986,2.6808028
0.186988,2.6808028
0.18699,2.6808028
0.186992,2.6808028
0.186994,2.6808028
0.186996,2.6808028
0.186998,2.6808028
0.187,2.6808028
0.187002,3.8828197
0.187004,3.92905
0.187006,3.92905
0.187008,3.92905
0.18701,3.9752812
0.187012,3.9752812
0.187014,3.9752812
0.187016,3.9752812
0.18701799,3.9752812
0.18702,3.9752812
0.187022,3.9752812
0.187024,3.9752812
0.187026,3.9752812
0.187028,3.9752812
0.18703,3.9752812
0.187032,3.9752812
0.187034,3.9752812
0.187036,3.9752812
0.187038,3.9752812
0.18704,3.9752812
0.187042,3.9752812
0.187044,3.9752812
0.187046,3.9752812
0.187048,3.9752812
0.18705,3.9752812
0.187052,3.9752812
0.187054,3.9752812
0.187056,3.9752812
0.187058,3.9752812
0.18706,3.9752812
0.187062,3.9752812
0.187064,3.9752812
0.187066,3.9752812
0.187068,3.9752812
0.18707,3.9752812
0.187072,3.9752812
0.187074,3.9752812
0.187076,3.9752812
0.187078,3.9752812
0.18708,3.9752812
0.187082,3.9752812
0.187084,3.9752812
0.187086,3.9752812
0.187088,3.9752812
0.18709,3.9752812
0.187092,3.9752812
0.187094,3.9752812
0.187096,3.9752812
0.187098,3.9752812
0.1871,3.9752812
0.187102,3.9752812
0.187104,3.9752812
0.187106,3.9752812
0.187108,3.9752812
0.18711,3.9752812
0.187112,3.9752812
0.187114,3.9752812
0.187116,3.9752812
0.187118,3.9752812
0.18712,3.9752812
0.187122,3.9752812
0.187124,3.9752812
0.187126,3.9752812
0.18712799,3.9752812
0.18713,3.9752812
0.187132,3.9752812
0.187134,3.9752812
0.187136,3.9752812
0.187138,3.9752812
0.18714,3.9752812
0.187142,3.9752812
0.187144,3.9752812
0.187146,3.9752812
0.187148,3.9752812
0.18715,3.9752812
0.187152,3.9752812
0.187154,3.9752812
0.187156,3.9752812
0.187158,3.9752812
0.18716,3.9752812
0.187162,3.9752812
0.187164,3.9752812
0.187166,3.9752812
0.187168,3.9752812
0.18717,3.9752812
0.187172,3.9752812
0.18717399,3.9752812
0.187176,3.9752812
0.187178,3.9752812
0.18718,3.9752812
0.187182,3.9752812
0.187184,3.9752812
0.187186,3.9752812
0.187188,3.9752812
0.18719,3.9752812
0.187192,3.9752812
0.187194,3.9752812
0.187196,3.9752812
0.187198,3.9752812
0.1872,3.9752812
0.187202,3.9752812
0.187204,3.9752812
0.187206,3.9752812
0.187208,3.9752812
0.18721,3.9752812
0.187212,3.9752812
0.187214,3.9752812
0.187216,3.9752812
0.187218,3.9752812
0.18721999,3.9752812
0.187222,3.9752812
0.187224,3.9752812
0.187226,3.9752812
0.187228,3.9752812
0.18723,3.9752812
0.187232,3.9752812
0.187234,3.9752812
0.187236,3.9752812
0.187238,3.9752812
0.18724,3.9752812
0.187242,3.9752812
0.187244,3.9752812
0.187246,3.9752812
0.187248,3.9752812
0.18725,3.9752812
0.187252,3.9752812
0.187254,3.9752812
0.187256,3.9752812
0.187258,3.9752812
0.18726,3.9752812
0.187262,3.9752812
0.187264,3.9752812
0.18726599,3.9752812
0.187268,3.9752812
0.18727,3.9752812
0.187272,3.9752812
0.187274,3.9752812
0.187276,3.9752812
0.187278,3.9752812
0.18728,3.9752812
0.187282,3.9752812
0.187284,3.9752812
0.187286,3.9752812
0.187288,3.9752812
0.18729,3.9752812
0.187292,3.9752812
0.187294,3.9752812
0.187296,3.9752812
0.187298,3.9752812
0.1873,3.9752812
0.187302,3.9752812
0.187304,3.9752812
0.187306,3.9752812
0.187308,3.9752812
0.18731,3.9752812
0.187312,3.9752812
0.187314,3.9752812
0.187316,3.9752812
0.187318,3.9752812
0.18732,3.9752812
0.187322,3.9752812
0.187324,3.9752812
0.187326,3.9752812
0.187328,3.9752812
0.18733,3.9752812
0.187332,3.9752812
0.187334,3.9752812
0.187336,3.9752812
0.187338,3.9752812
0.18734,3.9752812
0.187342,3.9752812
0.187344,3.9752812
0.187346,3.9752812
0.187348,3.9752812
0.18735,3.9752812
0.187352,3.9752812
0.187354,3.9752812
0.187356,3.9752812
0.187358,3.9752812
0.18736,3.9752812
0.187362,3.9752812
0.187364,3.9752812
0.187366,3.9752812
0.187368,3.9752812
0.18737,3.9752812
0.187372,3.9752812
0.187374,3.9752812
0.18737599,3.9752812
0.187378,3.9752812
0.18738,3.9752812
0.187382,3.9752812
0.187384,3.9752812
0.187386,3.9752812
0.187388,3.9752812
0.18739,3.9752812
0.187392,3.9752812
0.187394,3.9752812
0.187396,3.9752812
0.187398,3.9752812
0.1874,3.9752812
0.187402,3.9752812
0.187404,3.9752812
0.187406,3.9752812
0.187408,3.9752812
0.18741,3.9752812
0.187412,3.9752812
0.187414,3.9752812
0.187416,3.9752812
0.187418,3.9752812
0.18742,3.9752812
0.18742199,3.9752812
0.187424,3.9752812
0.187426,3.9752812
0.187428,3.9752812
0.18743,3.9752812
0.187432,3.9752812
0.187434,3.9752812
0.187436,3.9752812
0.187438,3.9752812
0.18744,3.9752812
0.187442,3.9752812
0.187444,3.9752812
0.187446,3.9752812
0.187448,3.9752812
0.18745,3.9752812
0.187452,3.9752812
0.187454,3.9752812
0.187456,3.9752812
0.187458,3.9752812
0.18746,3.9752812
0.187462,3.9752812
0.187464,3.9752812
0.187466,3.9752812
0.18746799,3.9752812
0.18747,3.9752812
0.187472,3.9752812
0.187474,3.9752812
0.187476,3.9752812
0.187478,3.9752812
0.18748,3.9752812
0.187482,3.9752812
0.187484,3.9752812
0.187486,3.9752812
0.187488,3.9752812
0.18749,3.9752812
0.187492,3.9752812
0.187494,3.9752812
0.187496,3.9752812
0.187498,3.9752812
0.1875,3.9752812
0.187502,3.9752812
0.187504,3.9752812
0.187506,3.9752812
0.187508,3.9752812
0.18751,3.9752812
0.187512,3.9752812
0.18751399,3.9752812
0.187516,3.9752812
0.187518,3.9752812
0.18752,3.9752812
0.187522,3.9752812
0.187524,3.9752812
0.187526,3.9752812
0.187528,3.9752812
0.18753,3.9752812
0.187532,3.9752812
0.187534,3.9752812
0.187536,3.9752812
0.187538,3.9752812
0.18754,3.9752812
0.187542,3.9752812
0.187544,3.9752812
0.187546,3.9752812
0.187548,3.9752812
0.18755,3.9752812
0.187552,3.9752812
0.187554,3.9752812
0.187556,3.9752812
0.187558,3.9752812
0.18756,3.9752812
0.187562,3.9752812
0.187564,3.9752812
0.187566,3.9752812
0.187568,3.9752812
0.18757,3.9752812
0.187572,3.9752812
0.187574,3.9752812
0.187576,3.9752812
0.187578,3.9752812
0.18758,3.9752812
0.187582,3.9752812
0.187584,3.9752812
0.187586,3.9752812
0.187588,3.9752812
0.18759,3.9752812
0.187592,3.9752812
0.187594,3.9752812
0.187596,3.9752812
0.187598,3.9752812
0.1876,3.9752812
0.187602,3.9752812
0.187604,3.9752812
0.187606,3.9752812
0.187608,3.9752812
0.18761,3.9752812
0.187612,3.9752812
0.187614,3.9752812
0.187616,3.9752812
0.187618,3.9752812
0.18762,3.9752812
0.187622,3.9752812
0.187624,3.9752812
0.187626,3.9752812
0.187628,3.9752812
0.18763,3.9752812
0.187632,3.9752812
0.187634,3.9752812
0.187636,3.9752812
0.187638,3.9752812
0.18764,3.9752812
0.187642,3.9752812
0.187644,3.9752812
0.187646,3.9752812
0.187648,3.9752812
0.18765,3.9752812
0.187652,3.9752812
0.187654,3.9752812
0.187656,3.9752812
0.187658,3.9752812
0.18766,3.9752812
0.187662,3.9752812
0.187664,3.9752812
0.187666,3.9752812
0.187668,3.9752812
0.18766999,3.9752812
0.187672,3.9752812
0.187674,3.9752812
0.187676,3.9752812
0.187678,3.9752812
0.18768,3.9752812
0.187682,3.9752812
0.187684,3.9752812
0.187686,3.9752812
0.187688,3.9752812
0.18769,3.9752812
0.187692,3.9752812
0.187694,3.9752812
0.187696,3.9752812
0.187698,3.9752812
0.1877,3.9752812
0.187702,3.9752812
0.187704,3.9752812
0.187706,3.9752812
0.187708,3.9752812
0.18771,3.9752812
0.187712,3.9752812
0.187714,3.9752812
0.18771599,3.9752812
0.187718,3.9752812
0.18772,3.9752812
0.187722,3.9752812
0.187724,3.9752812
0.187726,3.9752812
0.187728,3.9752812
0.18773,3.9752812
0.187732,3.9752812
0.187734,3.9752812
0.187736,3.9752812
0.187738,3.9752812
0.18774,3.9752812
0.187742,3.9752812
0.187744,3.9752812
0.187746,3.9752812
0.187748,3.9752812
0.18775,3.9752812
0.187752,3.9752812
0.187754,3.9752812
0.187756,3.9752812
0.187758,3.9752812
0.18776,3.9752812
0.18776199,3.9752812
0.187764,3.9752812
0.187766,3.9752812
0.187768,3.9752812
0.18777,3.9752812
0.187772,3.9752812
0.187774,3.9752812
0.187776,3.9752812
0.187778,3.9752812
0.18778,3.9752812
0.187782,3.9752812
0.187784,3.9752812
0.187786,3.9752812
0.187788,3.9752812
0.18779,3.9752812
0.187792,3.9752812
0.187794,3.9752812
0.187796,3.9752812
0.187798,3.9752812
0.1878,3.9752812
0.187802,3.9752812
0.187804,3.9752812
0.187806,3.9752812
0.18780799,3.9752812
0.18781,3.9752812
0.187812,3.9752812
0.187814,3.9752812
0.187816,3.9752812
0.187818,3.9752812
0.18782,3.9752812
0.187822,3.9752812
0.187824,3.9752812
0.187826,3.9752812
0.187828,3.9752812
0.18783,3.9752812
0.187832,3.9752812
0.187834,3.9752812
0.187836,3.9752812
0.187838,3.9752812
0.18784,3.9752812
0.187842,3.9752812
0.187844,3.9752812
0.187846,3.9752812
0.187848,3.9752812
0.18785,3.9752812
0.187852,3.9752812
0.187854,3.9752812
0.187856,3.9752812
0.187858,3.9752812
0.18786,3.9752812
0.187862,3.9752812
0.187864,3.9752812
0.187866,3.9752812
0.187868,3.9752812
0.18787,3.9752812
0.187872,3.9752812
0.187874,3.9752812
0.187876,3.9752812
0.187878,3.9752812
0.18788,3.9752812
0.187882,3.9752812
0.187884,3.9752812
0.187886,3.9752812
0.187888,3.9752812
0.18789,3.9752812
0.187892,3.9752812
0.187894,3.9752812
0.187896,3.9752812
0.187898,3.9752812
0.1879,3.9752812
0.187902,3.9752812
0.187904,3.9752812
0.187906,3.9752812
0.187908,3.9752812
0.18791,3.9752812
0.187912,3.9752812
0.187914,3.9752812
0.187916,3.9752812
0.18791799,3.9752812
0.18792,3.9752812
0.187922,3.9752812
0.187924,3.9752812
0.187926,3.9752812
0.187928,3.9752812
0.18793,3.9752812
0.187932,3.9752812
0.187934,3.9752812
0.187936,3.9752812
0.187938,3.9752812
0.18794,3.9752812
0.187942,3.9752812
0.187944,3.9752812
0.187946,3.9752812
0.187948,3.9752812
0.18795,3.9752812
0.187952,3.9752812
0.187954,3.9752812
0.187956,3.9752812
0.187958,3.9752812
0.18796,3.9752812
0.187962,3.9752812
0.18796399,3.9752812
0.187966,3.9752812
0.187968,3.9752812
0.18797,3.9752812
0.187972,3.9752812
0.187974,3.9752812
0.187976,3.9752812
0.187978,3.9752812
0.18798,3.9752812
0.187982,3.9752812
0.187984,3.9752812
0.187986,3.9752812
0.187988,3.9752812
0.18799,3.9752812
0.187992,3.9752812
0.187994,3.9752812
0.187996,3.9752812
0.187998,3.9752812
0.188,3.9752812
0.188002,3.9752812
0.188004,3.9752812
0.188006,3.9752812
0.188008,3.9752812
0.18800999,3.9752812
0.188012,3.9752812
0.188014,3.9752812
0.188016,3.9752812
0.188018,3.9752812
0.18802,3.9752812
0.188022,3.9752812
0.188024,3.9752812
0.188026,3.9752812
0.188028,3.9752812
0.18803,3.9752812
0.188032,3.9752812
0.188034,3.9752812
0.188036,3.9752812
0.188038,3.9752812
0.18804,3.9752812
0.188042,3.9752812
0.188044,3.9752812
0.188046,3.9752812
0.188048,3.9752812
0.18805,3.9752812
0.188052,3.9752812
0.188054,3.9752812
0.18805599,3.9752812
0.188058,3.9752812
0.18806,3.9752812
0.188062,3.9752812
0.188064,3.9752812
0.188066,3.9752812
0.188068,3.9752812
0.18807,3.9752812
0.188072,3.9752812
0.188074,3.9752812
0.188076,3.9752812
0.188078,3.9752812
0.18808,3.9752812
0.188082,3.9752812
0.188084,3.9752812
0.188086,3.9752812
0.188088,3.9752812
0.18809,3.9752812
0.188092,3.9752812
0.188094,3.9752812
0.188096,3.9752812
0.188098,3.9752812
0.1881,3.9752812
0.188102,3.9752812
0.188104,3.9752812
0.188106,3.9752812
0.188108,3.9752812
0.18811,3.9752812
0.188112,3.9752812
0.188114,3.9752812
0.188116,3.7903562
0.188118,2.727035
0.18812,2.727035
0.188122,2.727035
0.188124,2.727035
0.188126,2.727035
0.188128,2.727035
0.18813,2.727035
0.188132,2.727035
0.188134,2.6808028
0.188136,2.6808028
0.188138,2.6808028
0.18814,2.6808028
0.188142,2.6808028
0.188144,2.6808028
0.188146,2.6808028
0.188148,2.6808028
0.18815,2.6808028
0.188152,2.6808028
0.188154,2.6808028
0.188156,2.6808028
0.188158,2.6808028
0.18816,2.6808028
0.188162,2.6808028
0.188164,2.6808028
0.18816599,2.6808028
0.188168,2.6808028
0.18817,2.6808028
0.188172,2.6808028
0.188174,2.6808028
0.188176,2.6808028
0.188178,2.6808028
0.18818,2.6808028
0.188182,2.6808028
0.188184,2.6808028
0.188186,2.6808028
0.188188,2.6808028
0.18819,2.6808028
0.188192,2.6808028
0.188194,2.6808028
0.188196,2.6808028
0.188198,2.6808028
0.1882,2.6808028
0.188202,2.6808028
0.188204,2.6808028
0.188206,2.6808028
0.188208,2.6808028
0.18821,2.6808028
0.18821199,2.6808028
0.188214,2.6808028
0.188216,2.6808028
0.188218,2.6808028
0.18822,2.6808028
0.188222,2.6808028
0.188224,2.6808028
0.188226,2.6808028
0.188228,2.6808028
0.18823,2.6808028
0.188232,2.6808028
0.188234,2.6808028
0.188236,2.6808028
0.188238,2.6808028
0.18824,2.6808028
0.188242,2.6808028
0.188244,2.6808028
0.188246,2.6808028
0.188248,2.6808028
0.18825,2.6808028
0.188252,2.6808028
0.188254,2.6808028
0.188256,2.6808028
0.18825799,2.6808028
0.18826,2.6808028
0.188262,2.6808028
0.188264,2.6808028
0.188266,2.6808028
0.188268,2.6808028
0.18827,2.6808028
0.188272,2.6808028
0.188274,2.6808028
0.188276,2.6808028
0.188278,2.6808028
0.18828,2.6808028
0.188282,2.6808028
0.188284,2.6808028
0.188286,2.6808028
0.188288,2.6808028
0.18829,2.6808028
0.188292,2.6808028
0.188294,2.6808028
0.188296,2.6808028
0.188298,2.6808028
0.1883,2.6808028
0.188302,2.6808028
0.18830399,2.6808028
0.188306,2.6808028
0.188308,2.6808028
0.18831,2.6808028
0.188312,2.6808028
0.188314,2.6808028
0.188316,2.6808028
0.188318,2.6808028
0.18832,2.6808028
0.188322,2.6808028
0.188324,2.6808028
0.188326,2.6808028
0.188328,2.6808028
0.18833,2.6808028
0.188332,2.6808028
0.188334,2.6808028
0.188336,2.6808028
0.188338,2.6808028
0.18834,2.6808028
0.188342,2.6808028
0.188344,2.6808028
0.188346,2.6808028
0.188348,2.6808028
0.18835,2.6808028
0.188352,2.6808028
0.188354,2.6808028
0.188356,2.6808028
0.188358,2.6808028
0.18836,2.6808028
0.188362,2.6808028
0.188364,2.6808028
0.188366,2.6808028
0.188368,2.6808028
0.18837,2.6808028
0.188372,2.6808028
0.188374,2.6808028
0.188376,2.6808028
0.188378,2.6808028
0.18838,2.6808028
0.188382,2.6808028
0.188384,2.6808028
0.188386,2.6808028
0.188388,2.6808028
0.18839,2.6808028
0.188392,2.6808028
0.188394,2.6808028
0.188396,2.6808028
0.188398,2.6808028
0.1884,2.6808028
0.188402,2.6808028
0.188404,2.6808028
0.188406,2.6808028
0.188408,2.6808028
0.18841,2.6808028
0.188412,2.6808028
0.18841399,2.6808028
0.188416,2.6808028
0.188418,2.6808028
0.18842,2.6808028
0.188422,2.6808028
0.188424,2.6808028
0.188426,2.6808028
0.188428,2.6808028
0.18843,2.6808028
0.188432,2.6808028
0.188434,2.6808028
0.188436,2.6808028
0.188438,2.6808028
0.18844,2.6808028
0.188442,2.6808028
0.188444,1.4787879
0.188446,1.4325566
0.188448,1.4325566
0.18845,1.4325566
0.188452,1.4325566
0.188454,1.4325566
0.188456,1.4325566
0.188458,1.4325566
0.18845999,1.4325566
0.188462,1.4325566
0.188464,1.4325566
0.188466,1.4325566
0.188468,1.4325566
0.18847,1.4325566
0.188472,1.4325566
0.188474,1.4325566
0.188476,1.4325566
0.188478,1.4325566
0.18848,1.4325566
0.188482,1.4325566
0.188484,1.3863249
0.188486,1.3863249
0.188488,1.3863249
0.18849,1.3863249
0.188492,1.3863249
0.188494,1.3863249
0.188496,1.3863249
0.188498,1.3863249
0.1885,1.3863249
0.188502,1.3863249
0.188504,1.3863249
0.18850599,1.3863249
0.188508,1.3863249
0.18851,1.3863249
0.188512,1.3863249
0.188514,1.3863249
0.188516,1.3863249
0.188518,1.3863249
0.18852,1.3863249
0.188522,1.3863249
0.188524,1.3863249
0.188526,1.3863249
0.188528,1.3863249
0.18853,1.3863249
0.188532,1.3863249
0.188534,1.3863249
0.188536,1.3863249
0.188538,1.3863249
0.18854,1.3863249
0.188542,1.3863249
0.188544,1.3863249
0.188546,1.3863249
0.188548,1.3863249
0.18855,1.3863249
0.18855199,1.3863249
0.188554,1.3863249
0.188556,1.3863249
0.188558,1.3863249
0.18856,1.3863249
0.188562,1.3863249
0.188564,1.3863249
0.188566,1.3863249
0.188568,1.3863249
0.18857,1.3863249
0.188572,1.3863249
0.188574,1.3863249
0.188576,1.3863249
0.188578,1.3863249
0.18858,1.3863249
0.188582,1.3863249
0.188584,1.3863249
0.188586,1.3863249
0.188588,1.3863249
0.18859,1.3863249
0.188592,1.3863249
0.188594,1.3863249
0.188596,1.3863249
0.188598,1.3863249
0.1886,1.3863249
0.188602,1.3863249
0.188604,1.3863249
0.188606,1.3863249
0.188608,1.3863249
0.18861,1.3863249
0.188612,1.3863249
0.188614,1.3863249
0.188616,1.3863249
0.188618,1.3863249
0.18862,1.3863249
0.188622,1.3863249
0.188624,1.3863249
0.188626,1.3863249
0.188628,1.3863249
0.18863,1.3863249
0.188632,1.3863249
0.188634,1.3863249
0.188636,1.3863249
0.188638,1.3863249
0.18864,1.3863249
0.188642,1.3863249
0.188644,1.3863249
0.188646,1.3863249
0.188648,1.3863249
0.18865,1.3863249
0.188652,1.3863249
0.188654,1.3863249
0.188656,1.3863249
0.188658,1.3863249
0.18866,1.3863249
0.188662,1.3863249
0.188664,1.3863249
0.188666,1.3863249
0.188668,1.3863249
0.18867,1.3863249
0.188672,1.3863249
0.188674,1.3863249
0.188676,1.3863249
0.188678,1.3863249
0.18868,1.3863249
0.188682,1.3863249
0.188684,1.3863249
0.188686,1.3863249
0.188688,1.3863249
0.18869,1.3863249
0.188692,1.3863249
0.188694,1.3863249
0.188696,1.3863249
0.188698,1.3863249
0.1887,1.3863249
0.188702,1.3863249
0.188704,1.3863249
0.188706,1.3863249
0.18870799,1.3863249
0.18871,1.3863249
0.188712,1.3863249
0.188714,1.3863249
0.188716,1.3863249
0.188718,1.3863249
0.18872,1.3863249
0.188722,1.3863249
0.188724,1.3863249
0.188726,1.3863249
0.188728,1.3863249
0.18873,1.3863249
0.188732,1.3863249
0.188734,1.3863249
0.188736,1.3863249
0.188738,1.3863249
0.18874,1.3863249
0.188742,1.3863249
0.188744,1.3863249
0.188746,1.3863249
0.188748,1.3863249
0.18875,1.3863249
0.188752,1.3863249
0.18875399,1.3863249
0.188756,1.3863249
0.188758,1.3863249
0.18876,1.3863249
0.188762,1.3863249
0.188764,1.3863249
0.188766,1.3863249
0.188768,1.3863249
0.18877,1.3863249
0.188772,1.3863249
0.188774,1.3863249
0.188776,1.3863249
0.188778,1.3863249
0.18878,1.3863249
0.188782,1.3863249
0.188784,1.3863249
0.188786,1.3863249
0.188788,1.3863249
0.18879,1.3863249
0.188792,1.3863249
0.188794,1.3863249
0.188796,1.3863249
0.188798,1.3863249
0.18879999,1.3863249
0.188802,1.3863249
0.188804,1.3863249
0.188806,1.3863249
0.188808,1.3863249
0.18881,1.3863249
0.188812,1.3863249
0.188814,1.3863249
0.188816,1.3863249
0.188818,1.3863249
0.18882,1.3863249
0.188822,1.3863249
0.188824,0.87777996
0.188826,0.13807821
0.188828,0.13807821
0.18883,0.13807821
0.188832,0.13807821
0.188834,0.13807821
0.188836,0.13807821
0.188838,0.13807821
0.18884,0.13807821
0.188842,0.13807821
0.188844,0.13807821
0.18884599,0.13807821
0.188848,0.13807821
0.18885,0.091846466
0.188852,0.091846466
0.188854,0.091846466
0.188856,0.091846466
0.188858,0.091846466
0.18886,0.091846466
0.188862,0.091846466
0.188864,0.091846466
0.188866,0.091846466
0.188868,0.091846466
0.18887,0.091846466
0.188872,0.091846466
0.188874,0.091846466
0.188876,0.091846466
0.188878,0.091846466
0.18888,0.091846466
0.188882,0.091846466
0.188884,0.091846466
0.188886,0.091846466
0.188888,0.091846466
0.18889,0.091846466
0.188892,0.091846466
0.188894,0.091846466
0.188896,0.091846466
0.188898,0.091846466
0.1889,0.091846466
0.188902,0.091846466
0.188904,0.091846466
0.188906,0.091846466
0.188908,0.091846466
0.18891,0.091846466
0.188912,0.091846466
0.188914,0.091846466
0.188916,0.091846466
0.188918,0.091846466
0.18892,0.091846466
0.188922,0.091846466
0.188924,0.091846466
0.188926,0.091846466
0.188928,0.091846466
0.18893,0.091846466
0.188932,0.091846466
0.188934,0.091846466
0.188936,0.091846466
0.188938,0.091846466
0.18894,0.091846466
0.188942,0.091846466
0.188944,0.091846466
0.188946,0.091846466
0.188948,0.091846466
0.18895,0.091846466
0.188952,0.091846466
0.188954,0.091846466
0.18895599,0.091846466
0.188958,0.091846466
0.18896,0.091846466
0.188962,0.091846466
0.188964,0.091846466
0.188966,0.091846466
0.188968,0.091846466
0.18897,0.091846466
0.188972,0.091846466
0.188974,0.091846466
0.188976,0.091846466
0.188978,0.091846466
0.18898,0.091846466
0.188982,0.091846466
0.188984,0.091846466
0.188986,0.091846466
0.188988,0.091846466
0.18899,0.091846466
0.188992,0.091846466
0.188994,0.091846466
0.188996,0.091846466
0.188998,0.091846466
0.189,0.091846466
0.18900199,0.091846466
0.189004,0.091846466
0.189006,0.091846466
0.189008,0.091846466
0.18901,0.091846466
0.189012,0.091846466
0.189014,0.091846466
0.189016,0.091846466
0.189018,0.091846466
0.18902,0.091846466
0.189022,0.091846466
0.189024,0.091846466
0.189026,0.091846466
0.189028,0.091846466
0.18903,0.091846466
0.189032,0.091846466
0.189034,0.091846466
0.189036,0.091846466
0.189038,0.091846466
0.18904,0.091846466
0.189042,0.091846466
0.189044,0.091846466
0.189046,0.091846466
0.18904799,0.091846466
0.18905,0.091846466
0.189052,0.091846466
0.189054,0.091846466
0.189056,0.091846466
0.189058,0.091846466
0.18906,0.091846466
0.189062,0.091846466
0.189064,0.091846466
0.189066,0.091846466
0.189068,0.091846466
0.18907,0.091846466
0.189072,0.091846466
0.189074,0.091846466
0.189076,0.091846466
0.189078,0.091846466
0.18908,0.091846466
0.189082,0.091846466
0.189084,0.091846466
0.189086,0.091846466
0.189088,0.091846466
0.18909,0.091846466
0.189092,0.091846466
0.18909399,0.091846466
0.189096,0.091846466
0.189098,0.091846466
0.1891,0.091846466
0.189102,0.091846466
0.189104,0.091846466
0.189106,0.091846466
0.189108,0.091846466
0.18911,0.091846466
0.189112,0.091846466
0.189114,0.091846466
0.189116,0.091846466
0.189118,0.091846466
0.18912,0.091846466
0.189122,0.091846466
0.189124,0.091846466
0.189126,0.091846466
0.189128,0.091846466
0.18913,0.091846466
0.189132,0.091846466
0.189134,0.091846466
0.189136,0.091846466
0.189138,0.091846466
0.18914,0.091846466
0.189142,0.091846466
0.189144,0.091846466
0.189146,0.091846466
0.189148,0.091846466
0.18915,0.091846466
0.189152,0.091846466
0.189154,0.091846466
0.189156,0.091846466
0.189158,0.091846466
0.18916,0.091846466
0.189162,0.091846466
0.189164,0.091846466
0.189166,0.091846466
0.189168,0.091846466
0.18917,0.091846466
0.189172,0.091846466
0.189174,0.091846466
0.189176,0.091846466
0.189178,0.091846466
0.18918,0.091846466
0.189182,0.091846466
0.189184,0.091846466
0.189186,0.091846466
0.189188,0.091846466
0.18919,0.091846466
0.189192,0.091846466
0.189194,0.091846466
0.189196,0.091846466
0.189198,0.091846466
0.1892,0.091846466
0.189202,0.091846466
0.18920399,0.091846466
0.189206,0.091846466
0.189208,0.091846466
0.18921,0.091846466
0.189212,0.091846466
0.189214,0.091846466
0.189216,0.091846466
0.189218,0.091846466
0.18922,0.091846466
0.189222,0.091846466
0.189224,0.091846466
0.189226,0.091846466
0.189228,0.091846466
0.18923,0.091846466
0.189232,0.091846466
0.189234,0.091846466
0.189236,0.091846466
0.189238,0.091846466
0.18924,0.091846466
0.189242,0.091846466
0.189244,0.091846466
0.189246,0.091846466
0.189248,0.091846466
0.18924999,0.091846466
0.189252,0.091846466
0.189254,0.091846466
0.189256,0.091846466
0.189258,0.091846466
0.18926,0.091846466
0.189262,0.091846466
0.189264,0.091846466
0.189266,0.091846466
0.189268,0.091846466
0.18927,0.091846466
0.189272,0.091846466
0.189274,0.091846466
0.189276,0.091846466
0.189278,0.091846466
0.18928,0.091846466
0.189282,0.091846466
0.189284,0.091846466
0.189286,0.091846466
0.189288,0.091846466
0.18929,0.091846466
0.189292,0.091846466
0.189294,0.091846466
0.18929599,0.091846466
0.189298,0.091846466
0.1893,0.091846466
0.189302,0.091846466
0.189304,0.091846466
0.189306,0.091846466
0.189308,0.091846466
0.18931,0.091846466
0.189312,0.091846466
0.189314,0.091846466
0.189316,0.091846466
0.189318,0.091846466
0.18932,0.091846466
0.189322,0.091846466
0.189324,0.091846466
0.189326,0.091846466
0.189328,0.091846466
0.18933,0.091846466
0.189332,0.091846466
0.189334,0.091846466
0.189336,0.091846466
0.189338,0.091846466
0.18934,0.091846466
0.18934199,0.091846466
0.189344,0.091846466
0.189346,0.091846466
0.189348,0.091846466
0.18935,0.091846466
0.189352,0.091846466
0.189354,0.091846466
0.189356,0.091846466
0.189358,0.091846466
0.18936,0.091846466
0.189362,0.091846466
0.189364,0.091846466
0.189366,0.091846466
0.189368,0.091846466
0.18937,0.091846466
0.189372,0.091846466
0.189374,0.091846466
0.189376,0.091846466
0.189378,0.091846466
0.18938,0.091846466
0.189382,0.091846466
0.189384,0.091846466
0.189386,0.091846466
0.189388,0.091846466
0.18939,0.091846466
0.189392,0.091846466
0.189394,0.091846466
0.189396,0.091846466
0.189398,0.091846466
0.1894,0.091846466
0.189402,0.091846466
0.189404,0.091846466
0.189406,0.091846466
0.189408,0.091846466
0.18941,0.091846466
0.189412,0.091846466
0.189414,0.091846466
0.189416,0.091846466
0.189418,0.091846466
0.18942,0.091846466
0.189422,0.091846466
0.189424,0.091846466
0.189426,0.091846466
0.189428,0.091846466
0.18943,0.091846466
0.189432,0.091846466
0.189434,0.091846466
0.189436,0.091846466
0.189438,0.091846466
0.18944,0.091846466
0.189442,0.091846466
0.189444,0.091846466
0.189446,0.091846466
0.189448,0.091846466
0.18945,0.091846466
0.18945199,0.091846466
0.189454,0.091846466
0.189456,0.091846466
0.189458,0.091846466
0.18946,0.091846466
0.189462,0.091846466
0.189464,0.091846466
0.189466,0.091846466
0.189468,0.091846466
0.18947,0.091846466
0.189472,0.091846466
0.189474,0.091846466
0.189476,0.091846466
0.189478,0.091846466
0.18948,0.091846466
0.189482,0.091846466
0.189484,0.091846466
0.189486,0.091846466
0.189488,0.091846466
0.18949,0.091846466
0.189492,0.091846466
0.189494,0.091846466
0.189496,0.091846466
0.18949799,0.091846466
0.1895,0.091846466
0.189502,0.091846466
0.189504,0.091846466
0.189506,0.091846466
0.189508,0.091846466
0.18951,0.091846466
0.189512,0.091846466
0.189514,0.091846466
0.189516,0.091846466
0.189518,0.091846466
0.18952,0.091846466
0.189522,0.091846466
0.189524,0.091846466
0.189526,0.091846466
0.189528,0.091846466
0.18953,0.091846466
0.189532,0.091846466
0.189534,0.091846466
0.189536,0.091846466
0.189538,0.091846466
0.18954,0.091846466
0.189542,0.091846466
0.18954399,0.091846466
0.189546,0.091846466
0.189548,0.091846466
0.18955,0.091846466
0.189552,0.091846466
0.189554,0.091846466
0.189556,0.091846466
0.189558,0.091846466
0.18956,0.091846466
0.189562,0.091846466
0.189564,0.091846466
0.189566,0.091846466
0.189568,0.091846466
0.18957,0.091846466
0.189572,0.091846466
0.189574,0.091846466
0.189576,0.091846466
0.189578,0.091846466
0.18958,0.091846466
0.189582,0.091846466
0.189584,0.091846466
0.189586,0.091846466
0.189588,0.091846466
0.18958999,0.091846466
0.189592,0.091846466
0.189594,0.091846466
0.189596,0.091846466
0.189598,0.091846466
0.1896,0.091846466
0.189602,0.091846466
0.189604,0.091846466
0.189606,0.091846466
0.189608,0.091846466
0.18961,0.091846466
0.189612,0.091846466
0.189614,0.091846466
0.189616,0.091846466
0.189618,0.091846466
0.18962,0.091846466
0.189622,0.091846466
0.189624,0.091846466
0.189626,0.091846466
0.189628,0.091846466
0.18963,0.091846466
0.189632,0.091846466
0.189634,0.091846466
0.189636,0.091846466
0.189638,0.091846466
0.18964,0.3230033
0.189642,1.3400936
0.189644,1.3400936
0.189646,1.3400936
0.189648,1.3863249
0.18965,1.3863249
0.189652,1.3863249
0.189654,1.3863249
0.189656,1.3863249
0.189658,1.3863249
0.18966,1.3863249
0.189662,1.3863249
0.189664,1.3863249
0.189666,1.3863249
0.189668,1.3863249
0.18967,1.3863249
0.189672,1.3863249
0.189674,1.3863249
0.189676,1.3863249
0.189678,1.3863249
0.18968,1.3863249
0.189682,1.3863249
0.189684,1.3863249
0.189686,1.3863249
0.189688,1.3863249
0.18969,1.3863249
0.189692,1.3863249
0.189694,1.3863249
0.189696,1.3863249
0.189698,1.3863249
0.18969999,1.3863249
0.189702,1.3863249
0.189704,1.3863249
0.189706,1.3863249
0.189708,1.3863249
0.18971,1.3863249
0.189712,1.3863249
0.189714,1.3863249
0.189716,1.3863249
0.189718,1.3863249
0.18972,1.3863249
0.189722,1.3863249
0.189724,1.3863249
0.189726,1.3863249
0.189728,1.3863249
0.18973,1.3863249
0.189732,1.3863249
0.189734,1.3863249
0.189736,1.3863249
0.189738,1.3863249
0.18974,1.3863249
0.189742,1.3863249
0.189744,1.3863249
0.18974599,1.3863249
0.189748,1.3863249
0.18975,1.3863249
0.189752,1.3863249
0.189754,1.3863249
0.189756,1.3863249
0.189758,1.3863249
0.18976,1.3863249
0.189762,1.3863249
0.189764,1.3863249
0.189766,1.3863249
0.189768,1.3863249
0.18977,1.3863249
0.189772,1.3863249
0.189774,1.3863249
0.189776,1.3863249
0.189778,1.3863249
0.18978,1.3863249
0.189782,1.3863249
0.189784,1.3863249
0.189786,1.3863249
0.189788,1.3863249
0.18979,1.3863249
0.18979199,1.3863249
0.189794,1.3863249
0.189796,1.3863249
0.189798,1.3863249
0.1898,1.3863249
0.189802,1.3863249
0.189804,1.3863249
0.189806,1.3863249
0.189808,1.3863249
0.18981,1.3863249
0.189812,1.3863249
0.189814,1.3863249
0.189816,1.3863249
0.189818,1.3863249
0.18982,1.3863249
0.189822,1.3863249
0.189824,1.3863249
0.189826,1.3863249
0.189828,1.3863249
0.18983,1.3863249
0.189832,1.3863249
0.189834,1.3863249
0.189836,1.3863249
0.18983799,1.3863249
0.18984,1.3863249
0.189842,1.3863249
0.189844,1.3863249
0.189846,1.3863249
0.189848,1.3863249
0.18985,1.3863249
0.189852,1.3863249
0.189854,1.3863249
0.189856,1.3863249
0.189858,1.3863249
0.18986,1.3863249
0.189862,1.3863249
0.189864,1.3863249
0.189866,1.3863249
0.189868,1.3863249
0.18987,1.3863249
0.189872,1.3863249
0.189874,1.3863249
0.189876,1.3863249
0.189878,1.3863249
0.18988,1.3863249
0.189882,1.3863249
0.18988399,1.3863249
0.189886,1.3863249
0.189888,1.3863249
0.18989,1.3863249
0.189892,1.3863249
0.189894,1.3863249
0.189896,1.3863249
0.189898,1.3863249
0.1899,1.3863249
0.189902,1.3863249
0.189904,1.3863249
0.189906,1.3863249
0.189908,1.3863249
0.18991,1.3863249
0.189912,1.3863249
0.189914,1.3863249
0.189916,1.3863249
0.189918,1.3863249
0.18992,1.3863249
0.189922,1.3863249
0.189924,1.3863249
0.189926,1.3863249
0.189928,1.3863249
0.18993,1.3863249
0.189932,1.3863249
0.189934,1.3863249
0.189936,1.3863249
0.189938,1.3863249
0.18994,1.3863249
0.189942,1.3863249
0.189944,1.3863249
0.189946,1.3863249
0.189948,1.3863249
0.18995,1.3863249
0.189952,1.3863249
0.189954,1.3863249
0.189956,1.3863249
0.189958,1.3863249
0.18996,1.3863249
0.189962,1.3863249
0.189964,1.3863249
0.189966,1.3863249
0.189968,1.3863249
0.18997,1.3863249
0.189972,1.3863249
0.189974,1.3863249
0.189976,1.3863249
0.189978,1.3863249
0.18998,1.3863249
0.189982,1.3863249
0.189984,1.3863249
0.189986,1.3863249
0.189988,1.3863249
0.18999,1.3863249
0.189992,1.3863249
0.18999399,1.9873328
0.189996,2.6345725
0.189998,2.6345725
0.19,2.6345725
0.190002,2.6345725
0.190004,2.6345725
0.190006,2.6345725
0.190008,2.6345725
0.19001,2.6345725
0.190012,2.6808028
0.190014,2.6808028
0.190016,2.6808028
0.190018,2.6808028
0.19002,2.6808028
0.190022,2.6808028
0.190024,2.6808028
0.190026,2.6808028
0.190028,2.6808028
0.19003,2.6808028
0.190032,2.6808028
0.190034,2.6808028
0.190036,2.6808028
0.190038,2.6808028
0.19003999,2.6808028
0.190042,2.6808028
0.190044,2.6808028
0.190046,2.6808028
0.190048,2.6808028
0.19005,2.6808028
0.190052,2.6808028
0.190054,2.6808028
0.190056,2.6808028
0.190058,2.6808028
0.19006,2.6808028
0.190062,2.6808028
0.190064,2.6808028
0.190066,2.6808028
0.190068,2.6808028
0.19007,2.6808028
0.190072,2.6808028
0.190074,2.6808028
0.190076,2.6808028
0.190078,2.6808028
0.19008,2.6808028
0.190082,2.6808028
0.190084,2.6808028
0.19008599,2.6808028
0.190088,2.6808028
0.19009,2.6808028
0.190092,2.6808028
0.190094,2.6808028
0.190096,2.6808028
0.190098,2.6808028
0.1901,2.6808028
0.190102,2.6808028
0.190104,2.6808028
0.190106,2.6808028
0.190108,2.6808028
0.19011,2.6808028
0.190112,2.6808028
0.190114,2.6808028
0.190116,2.6808028
0.190118,2.6808028
0.19012,2.6808028
0.190122,2.6808028
0.190124,2.6808028
0.190126,2.6808028
0.190128,2.6808028
0.19013,2.6808028
0.19013199,2.6808028
0.190134,2.6808028
0.190136,2.6808028
0.190138,2.6808028
0.19014,2.6808028
0.190142,2.6808028
0.190144,2.6808028
0.190146,2.6808028
0.190148,2.6808028
0.19015,2.6808028
0.190152,2.6808028
0.190154,2.6808028
0.190156,2.6808028
0.190158,2.6808028
0.19016,2.6808028
0.190162,2.6808028
0.190164,2.6808028
0.190166,2.6808028
0.190168,2.6808028
0.19017,2.6808028
0.190172,2.6808028
0.190174,2.6808028
0.190176,2.6808028
0.190178,2.6808028
0.19018,2.6808028
0.190182,2.6808028
0.190184,2.6808028
0.190186,2.6808028
0.190188,2.6808028
0.19019,2.6808028
0.190192,2.6808028
0.190194,2.6808028
0.190196,2.6808028
0.190198,2.6808028
0.1902,2.6808028
0.190202,2.6808028
0.190204,2.6808028
0.190206,2.6808028
0.190208,2.6808028
0.19021,2.6808028
0.190212,2.6808028
0.190214,2.6808028
0.190216,2.6808028
0.190218,2.6808028
0.19022,2.6808028
0.190222,2.6808028
0.190224,2.6808028
0.190226,2.6808028
0.190228,2.6808028
0.19023,2.6808028
0.190232,2.6808028
0.190234,2.6808028
0.190236,2.6808028
0.190238,2.6808028
0.19024,2.6808028
0.19024199,2.6808028
0.190244,2.6808028
0.190246,2.6808028
0.190248,2.6808028
0.19025,2.6808028
0.190252,2.6808028
0.190254,2.6808028
0.190256,2.6808028
0.190258,2.6808028
0.19026,2.6808028
0.190262,2.6808028
0.190264,2.6808028
0.190266,2.6808028
0.190268,2.6808028
0.19027,2.6808028
0.190272,2.6808028
0.190274,2.6808028
0.190276,2.6808028
0.190278,2.6808028
0.19028,2.6808028
0.190282,2.6808028
0.190284,2.6808028
0.190286,2.6808028
0.19028799,2.6808028
0.19029,2.6808028
0.190292,2.6808028
0.190294,2.6808028
0.190296,2.6808028
0.190298,2.6808028
0.1903,2.6808028
0.190302,2.6808028
0.190304,2.6808028
0.190306,2.6808028
0.190308,2.6808028
0.19031,2.6808028
0.190312,2.6808028
0.190314,2.6808028
0.190316,2.6808028
0.190318,2.6808028
0.19032,2.6808028
0.190322,3.8828197
0.190324,3.92905
0.190326,3.92905
0.190328,3.92905
0.19033,3.9752812
0.190332,3.9752812
0.19033399,3.9752812
0.190336,3.9752812
0.190338,3.9752812
0.19034,3.9752812
0.190342,3.9752812
0.190344,3.9752812
0.190346,3.9752812
0.190348,3.9752812
0.19035,3.9752812
0.190352,3.9752812
0.190354,3.9752812
0.190356,3.9752812
0.190358,3.9752812
0.19036,3.9752812
0.190362,3.9752812
0.190364,3.9752812
0.190366,3.9752812
0.190368,3.9752812
0.19037,3.9752812
0.190372,3.9752812
0.190374,3.9752812
0.190376,3.9752812
0.190378,3.9752812
0.19037999,3.9752812
0.190382,3.9752812
0.190384,3.9752812
0.190386,3.9752812
0.190388,3.9752812
0.19039,3.9752812
0.190392,3.9752812
0.190394,3.9752812
0.190396,3.9752812
0.190398,3.9752812
0.1904,3.9752812
0.190402,3.9752812
0.190404,3.9752812
0.190406,3.9752812
0.190408,3.9752812
0.19041,3.9752812
0.190412,3.9752812
0.190414,3.9752812
0.190416,3.9752812
0.190418,3.9752812
0.19042,3.9752812
0.190422,3.9752812
0.190424,3.9752812
0.190426,3.9752812
0.190428,3.9752812
0.19043,3.9752812
0.190432,3.9752812
0.190434,3.9752812
0.190436,3.9752812
0.190438,3.9752812
0.19044,3.9752812
0.190442,3.9752812
0.190444,3.9752812
0.190446,3.9752812
0.190448,3.9752812
0.19045,3.9752812
0.190452,3.9752812
0.190454,3.9752812
0.190456,3.9752812
0.190458,3.9752812
0.19046,3.9752812
0.190462,3.9752812
0.190464,3.9752812
0.190466,3.9752812
0.190468,3.9752812
0.19047,3.9752812
0.190472,3.9752812
0.190474,3.9752812
0.190476,3.9752812
0.190478,3.9752812
0.19048,3.9752812
0.190482,3.9752812
0.190484,3.9752812
0.190486,3.9752812
0.190488,3.9752812
0.19048999,3.9752812
0.190492,3.9752812
0.190494,3.9752812
0.190496,3.9752812
0.190498,3.9752812
0.1905,3.9752812
0.190502,3.9752812
0.190504,3.9752812
0.190506,3.9752812
0.190508,3.9752812
0.19051,3.9752812
0.190512,3.9752812
0.190514,3.9752812
0.190516,3.9752812
0.190518,3.9752812
0.19052,3.9752812
0.190522,3.9752812
0.190524,3.9752812
0.190526,3.9752812
0.190528,3.9752812
0.19053,3.9752812
0.190532,3.9752812
0.190534,3.9752812
0.19053599,3.9752812
0.190538,3.9752812
0.19054,3.9752812
0.190542,3.9752812
0.190544,3.9752812
0.190546,3.9752812
0.190548,3.9752812
0.19055,3.9752812
0.190552,3.9752812
0.190554,3.9752812
0.190556,3.9752812
0.190558,3.9752812
0.19056,3.9752812
0.190562,3.9752812
0.190564,3.9752812
0.190566,3.9752812
0.190568,3.9752812
0.19057,3.9752812
0.190572,3.9752812
0.190574,3.9752812
0.190576,3.9752812
0.190578,3.9752812
0.19058,3.9752812
0.19058199,3.9752812
0.190584,3.9752812
0.190586,3.9752812
0.190588,3.9752812
0.19059,3.9752812
0.190592,3.9752812
0.190594,3.9752812
0.190596,3.9752812
0.190598,3.9752812
0.1906,3.9752812
0.190602,3.9752812
0.190604,3.9752812
0.190606,3.9752812
0.190608,3.9752812
0.19061,3.9752812
0.190612,3.9752812
0.190614,3.9752812
0.190616,3.9752812
0.190618,3.9752812
0.19062,3.9752812
0.190622,3.9752812
0.190624,3.9752812
0.190626,3.9752812
0.19062799,3.9752812
0.19063,3.9752812
0.190632,3.9752812
0.190634,3.9752812
0.190636,3.9752812
0.190638,3.9752812
0.19064,3.9752812
0.190642,3.9752812
0.190644,3.9752812
0.190646,3.9752812
0.190648,3.9752812
0.19065,3.9752812
0.190652,3.9752812
0.190654,3.9752812
0.190656,3.9752812
0.190658,3.9752812
0.19066,3.9752812
0.190662,3.9752812
0.190664,3.9752812
0.190666,3.9752812
0.190668,3.9752812
0.19067,3.9752812
0.190672,3.9752812
0.190674,3.9752812
0.190676,3.9752812
0.190678,3.9752812
0.19068,3.9752812
0.190682,3.9752812
0.190684,3.9752812
0.190686,3.9752812
0.190688,3.9752812
0.19069,3.9752812
0.190692,3.9752812
0.190694,3.9752812
0.190696,3.9752812
0.190698,3.9752812
0.1907,3.9752812
0.190702,3.9752812
0.190704,3.9752812
0.190706,3.9752812
0.190708,3.9752812
0.19071,3.9752812
0.190712,3.9752812
0.190714,3.9752812
0.190716,3.9752812
0.190718,3.9752812
0.19072,3.9752812
0.190722,3.9752812
0.190724,3.9752812
0.190726,3.9752812
0.190728,3.9752812
0.19073,3.9752812
0.190732,3.9752812
0.190734,3.9752812
0.190736,3.9752812
0.19073799,3.9752812
0.19074,3.9752812
0.190742,3.9752812
0.190744,3.9752812
0.190746,3.9752812
0.190748,3.9752812
0.19075,3.9752812
0.190752,3.9752812
0.190754,3.9752812
0.190756,3.9752812
0.190758,3.9752812
0.19076,3.9752812
0.190762,3.9752812
0.190764,3.9752812
0.190766,3.9752812
0.190768,3.9752812
0.19077,3.9752812
0.190772,3.9752812
0.190774,3.9752812
0.190776,3.9752812
0.190778,3.9752812
0.19078,3.9752812
0.190782,3.9752812
0.19078399,3.9752812
0.190786,3.9752812
0.190788,3.9752812
0.19079,3.9752812
0.190792,3.9752812
0.190794,3.9752812
0.190796,3.9752812
0.190798,3.9752812
0.1908,3.9752812
0.190802,3.9752812
0.190804,3.9752812
0.190806,3.9752812
0.190808,3.9752812
0.19081,3.9752812
0.190812,3.9752812
0.190814,3.9752812
0.190816,3.9752812
0.190818,3.9752812
0.19082,3.9752812
0.190822,3.9752812
0.190824,3.9752812
0.190826,3.9752812
0.190828,3.9752812
0.19082999,3.9752812
0.190832,3.9752812
0.190834,3.9752812
0.190836,3.9752812
0.190838,3.9752812
0.19084,3.9752812
0.190842,3.9752812
0.190844,3.9752812
0.190846,3.9752812
0.190848,3.9752812
0.19085,3.9752812
0.190852,3.9752812
0.190854,3.9752812
0.190856,3.9752812
0.190858,3.9752812
0.19086,3.9752812
0.190862,3.9752812
0.190864,3.9752812
0.190866,3.9752812
0.190868,3.9752812
0.19087,3.9752812
0.190872,3.9752812
0.190874,3.9752812
0.19087599,3.9752812
0.190878,3.9752812
0.19088,3.9752812
0.190882,3.9752812
0.190884,3.9752812
0.190886,3.9752812
0.190888,3.9752812
0.19089,3.9752812
0.190892,3.9752812
0.190894,3.9752812
0.190896,3.9752812
0.190898,3.9752812
0.1909,3.9752812
0.190902,3.9752812
0.190904,3.9752812
0.190906,3.9752812
0.190908,3.9752812
0.19091,3.9752812
0.190912,3.9752812
0.190914,3.9752812
0.190916,3.9752812
0.190918,3.9752812
0.19092,3.9752812
0.190922,3.9752812
0.190924,3.9752812
0.190926,3.9752812
0.190928,3.9752812
0.19093,3.9752812
0.190932,3.9752812
0.190934,3.9752812
0.190936,3.9752812
0.190938,3.9752812
0.19094,3.9752812
0.190942,3.9752812
0.190944,3.9752812
0.190946,3.9752812
0.190948,3.9752812
0.19095,3.9752812
0.190952,3.9752812
0.190954,3.9752812
0.190956,3.9752812
0.190958,3.9752812
0.19096,3.9752812
0.190962,3.9752812
0.190964,3.9752812
0.190966,3.9752812
0.190968,3.9752812
0.19097,3.9752812
0.190972,3.9752812
0.190974,3.9752812
0.190976,3.9752812
0.190978,3.9752812
0.19098,3.9752812
0.190982,3.9752812
0.190984,3.9752812
0.190986,3.9752812
0.190988,3.9752812
0.19099,3.9752812
0.190992,3.9752812
0.190994,3.9752812
0.190996,3.9752812
0.190998,3.9752812
0.191,3.9752812
0.191002,3.9752812
0.191004,3.9752812
0.191006,3.9752812
0.191008,3.9752812
0.19101,3.9752812
0.191012,3.9752812
0.191014,3.9752812
0.191016,3.9752812
0.191018,3.9752812
0.19102,3.9752812
0.191022,3.9752812
0.191024,3.9752812
0.191026,3.9752812
0.191028,3.9752812
0.19103,3.9752812
0.19103199,3.9752812
0.191034,3.9752812
0.191036,3.9752812
0.191038,3.9752812
0.19104,3.9752812
0.191042,3.9752812
0.191044,3.9752812
0.191046,3.9752812
0.191048,3.9752812
0.19105,3.9752812
0.191052,3.9752812
0.191054,3.9752812
0.191056,3.9752812
0.191058,3.9752812
0.19106,3.9752812
0.191062,3.9752812
0.191064,3.9752812
0.191066,3.9752812
0.191068,3.9752812
0.19107,3.9752812
0.191072,3.9752812
0.191074,3.9752812
0.191076,3.9752812
0.19107799,3.9752812
0.19108,3.9752812
0.191082,3.9752812
0.191084,3.9752812
0.191086,3.9752812
0.191088,3.9752812
0.19109,3.9752812
0.191092,3.9752812
0.191094,3.9752812
0.191096,3.9752812
0.191098,3.9752812
0.1911,3.9752812
0.191102,3.9752812
0.191104,3.9752812
0.191106,3.9752812
0.191108,3.9752812
0.19111,3.9752812
0.191112,3.9752812
0.191114,3.9752812
0.191116,3.9752812
0.191118,3.9752812
0.19112,3.9752812
0.191122,3.9752812
0.19112399,3.9752812
0.191126,3.9752812
0.191128,3.9752812
0.19113,3.9752812
0.191132,3.9752812
0.191134,3.9752812
0.191136,3.9752812
0.191138,3.9752812
0.19114,3.9752812
0.191142,3.9752812
0.191144,3.9752812
0.191146,3.9752812
0.191148,3.9752812
0.19115,3.9752812
0.191152,3.9752812
0.191154,3.9752812
0.191156,3.9752812
0.191158,3.9752812
0.19116,3.9752812
0.191162,3.9752812
0.191164,3.9752812
0.191166,3.9752812
0.191168,3.9752812
0.19116999,3.9752812
0.191172,3.9752812
0.191174,3.9752812
0.191176,3.9752812
0.191178,3.9752812
0.19118,3.9752812
0.191182,3.9752812
0.191184,3.9752812
0.191186,3.9752812
0.191188,3.9752812
0.19119,3.9752812
0.191192,3.9752812
0.191194,3.9752812
0.191196,3.9752812
0.191198,3.9752812
0.1912,3.9752812
0.191202,3.9752812
0.191204,3.9752812
0.191206,3.9752812
0.191208,3.9752812
0.19121,3.9752812
0.191212,3.9752812
0.191214,3.9752812
0.191216,3.9752812
0.191218,3.9752812
0.19122,3.9752812
0.191222,3.9752812
0.191224,3.9752812
0.191226,3.9752812
0.191228,3.9752812
0.19123,3.9752812
0.191232,3.9752812
0.191234,3.9752812
0.191236,3.9752812
0.191238,3.9752812
0.19124,3.9752812
0.191242,3.9752812
0.191244,3.9752812
0.191246,3.9752812
0.191248,3.9752812
0.19125,3.9752812
0.191252,3.9752812
0.191254,3.9752812
0.191256,3.9752812
0.191258,3.9752812
0.19126,3.9752812
0.191262,3.9752812
0.191264,3.9752812
0.191266,3.9752812
0.191268,3.9752812
0.19127,3.9752812
0.191272,3.9752812
0.191274,3.9752812
0.191276,3.9752812
0.191278,3.9752812
0.19127999,3.9752812
0.191282,3.9752812
0.191284,3.9752812
0.191286,3.9752812
0.191288,3.9752812
0.19129,3.9752812
0.191292,3.9752812
0.191294,3.9752812
0.191296,3.9752812
0.191298,3.9752812
0.1913,3.9752812
0.191302,3.9752812
0.191304,3.9752812
0.191306,3.9752812
0.191308,3.9752812
0.19131,3.9752812
0.191312,3.9752812
0.191314,3.9752812
0.191316,3.9752812
0.191318,3.9752812
0.19132,3.9752812
0.191322,3.9752812
0.191324,3.9752812
0.19132599,3.9752812
0.191328,3.9752812
0.19133,3.9752812
0.191332,3.9752812
0.191334,3.9752812
0.191336,3.9752812
0.191338,3.9752812
0.19134,3.9752812
0.191342,3.9752812
0.191344,3.9752812
0.191346,3.9752812
0.191348,3.9752812
0.19135,3.9752812
0.191352,3.9752812
0.191354,3.9752812
0.191356,3.9752812
0.191358,3.9752812
0.19136,3.9752812
0.191362,3.9752812
0.191364,3.9752812
0.191366,3.9752812
0.191368,3.9752812
0.19137,3.9752812
0.19137199,3.9752812
0.191374,3.9752812
0.191376,3.9752812
0.191378,3.9752812
0.19138,3.9752812
0.191382,3.9752812
0.191384,3.9752812
0.191386,3.9752812
0.191388,3.9752812
0.19139,3.9752812
0.191392,3.9752812
0.191394,3.9752812
0.191396,3.9752812
0.191398,3.9752812
0.1914,3.9752812
0.191402,3.9752812
0.191404,3.9752812
0.191406,3.9752812
0.191408,3.9752812
0.19141,3.9752812
0.191412,3.9752812
0.191414,3.9752812
0.191416,3.9752812
0.19141799,3.9752812
0.19142,3.9752812
0.191422,3.9752812
0.191424,3.9752812
0.191426,3.9752812
0.191428,3.9752812
0.19143,3.9752812
0.191432,3.9752812
0.191434,3.9752812
0.191436,3.9752812
0.191438,3.9752812
0.19144,3.9752812
0.191442,3.9752812
0.191444,3.9752812
0.191446,3.9752812
0.191448,3.9752812
0.19145,3.9752812
0.191452,3.9752812
0.191454,3.9752812
0.191456,3.9752812
0.191458,3.9752812
0.19146,3.9752812
0.191462,3.9752812
0.191464,2.9119601
0.191466,2.727035
0.191468,2.727035
0.19147,2.727035
0.191472,2.727035
0.191474,2.727035
0.191476,2.727035
0.191478,2.727035
0.19148,2.727035
0.191482,2.6808028
0.191484,2.727035
0.191486,2.6808028
0.191488,2.6808028
0.19149,2.6808028
0.191492,2.6808028
0.191494,2.6808028
0.191496,2.6808028
0.191498,2.6808028
0.1915,2.6808028
0.191502,2.6808028
0.191504,2.6808028
0.191506,2.6808028
0.191508,2.6808028
0.19151,2.6808028
0.191512,2.6808028
0.191514,2.6808028
0.191516,2.6808028
0.191518,2.6808028
0.19152,2.6808028
0.191522,2.6808028
0.191524,2.6808028
0.191526,2.6808028
0.19152799,2.6808028
0.19153,2.6808028
0.191532,2.6808028
0.191534,2.6808028
0.191536,2.6808028
0.191538,2.6808028
0.19154,2.6808028
0.191542,2.6808028
0.191544,2.6808028
0.191546,2.6808028
0.191548,2.6808028
0.19155,2.6808028
0.191552,2.6808028
0.191554,2.6808028
0.191556,2.6808028
0.191558,2.6808028
0.19156,2.6808028
0.191562,2.6808028
0.191564,2.6808028
0.191566,2.6808028
0.191568,2.6808028
0.19157,2.6808028
0.191572,2.6808028
0.19157399,2.6808028
0.191576,2.6808028
0.191578,2.6808028
0.19158,2.6808028
0.191582,2.6808028
0.191584,2.6808028
0.191586,2.6808028
0.191588,2.6808028
0.19159,2.6808028
0.191592,2.6808028
0.191594,2.6808028
0.191596,2.6808028
0.191598,2.6808028
0.1916,2.6808028
0.191602,2.6808028
0.191604,2.6808028
0.191606,2.6808028
0.191608,2.6808028
0.19161,2.6808028
0.191612,2.6808028
0.191614,2.6808028
0.191616,2.6808028
0.191618,2.6808028
0.19161999,2.6808028
0.191622,2.6808028
0.191624,2.6808028
0.191626,2.6808028
0.191628,2.6808028
0.19163,2.6808028
0.191632,2.6808028
0.191634,2.6808028
0.191636,2.6808028
0.191638,2.6808028
0.19164,2.6808028
0.191642,2.6808028
0.191644,2.6808028
0.191646,2.6808028
0.191648,2.6808028
0.19165,2.6808028
0.191652,2.6808028
0.191654,2.6808028
0.191656,2.6808028
0.191658,2.6808028
0.19166,2.6808028
0.191662,2.6808028
0.191664,2.6808028
0.19166599,2.6808028
0.191668,2.6808028
0.19167,2.6808028
0.191672,2.6808028
0.191674,2.6808028
0.191676,2.6808028
0.191678,2.6808028
0.19168,2.6808028
0.191682,2.6808028
0.191684,2.6808028
0.191686,2.6808028
0.191688,2.6808028
0.19169,2.6808028
0.191692,2.6808028
0.191694,2.6808028
0.191696,2.6808028
0.191698,2.6808028
0.1917,2.6808028
0.191702,2.6808028
0.191704,2.6808028
0.191706,2.6808028
0.191708,2.6808028
0.19171,2.6808028
0.191712,2.6808028
0.191714,2.6808028
0.191716,2.6808028
0.191718,2.6808028
0.19172,2.6808028
0.191722,2.6808028
0.191724,2.6808028
0.191726,2.6808028
0.191728,2.6808028
0.19173,2.6808028
0.191732,2.6808028
0.191734,2.6808028
0.191736,2.6808028
0.191738,2.6808028
0.19174,2.6808028
0.191742,2.6808028
0.191744,2.6808028
0.191746,2.6808028
0.191748,2.6808028
0.19175,2.6808028
0.191752,2.6808028
0.191754,2.6808028
0.191756,2.6808028
0.191758,2.6808028
0.19176,2.6808028
0.191762,2.6808028
0.191764,2.6808028
0.191766,2.6808028
0.191768,2.6808028
0.19177,2.6808028
0.191772,2.6808028
0.191774,2.6808028
0.19177599,2.6808028
0.191778,2.6808028
0.19178,2.6808028
0.191782,2.6808028
0.191784,2.6808028
0.191786,2.6808028
0.191788,2.6808028
0.19179,2.0797954
0.191792,1.4787879
0.191794,1.4325566
0.191796,1.4325566
0.191798,1.4325566
0.1918,1.4325566
0.191802,1.4325566
0.191804,1.4325566
0.191806,1.4325566
0.191808,1.4325566
0.19181,1.4325566
0.191812,1.4325566
0.191814,1.4325566
0.191816,1.4325566
0.191818,1.4325566
0.19182,1.4325566
0.19182199,1.4325566
0.191824,1.4325566
0.191826,1.4325566
0.191828,1.4325566
0.19183,1.4325566
0.191832,1.3863249
0.191834,1.3863249
0.191836,1.3863249
0.191838,1.3863249
0.19184,1.3863249
0.191842,1.3863249
0.191844,1.3863249
0.191846,1.3863249
0.191848,1.3863249
0.19185,1.3863249
0.191852,1.3863249
0.191854,1.3863249
0.191856,1.3863249
0.191858,1.3863249
0.19186,1.3863249
0.191862,1.3863249
0.191864,1.3863249
0.191866,1.3863249
0.19186799,1.3863249
0.19187,1.3863249
0.191872,1.3863249
0.191874,1.3863249
0.191876,1.3863249
0.191878,1.3863249
0.19188,1.3863249
0.191882,1.3863249
0.191884,1.3863249
0.191886,1.3863249
0.191888,1.3863249
0.19189,1.3863249
0.191892,1.3863249
0.191894,1.3863249
0.191896,1.3863249
0.191898,1.3863249
0.1919,1.3863249
0.191902,1.3863249
0.191904,1.3863249
0.191906,1.3863249
0.191908,1.3863249
0.19191,1.3863249
0.191912,1.3863249
0.19191399,1.3863249
0.191916,1.3863249
0.191918,1.3863249
0.19192,1.3863249
0.191922,1.3863249
0.191924,1.3863249
0.191926,1.3863249
0.191928,1.3863249
0.19193,1.3863249
0.191932,1.3863249
0.191934,1.3863249
0.191936,1.3863249
0.191938,1.3863249
0.19194,1.3863249
0.191942,1.3863249
0.191944,1.3863249
0.191946,1.3863249
0.191948,1.3863249
0.19195,1.3863249
0.191952,1.3863249
0.191954,1.3863249
0.191956,1.3863249
0.191958,1.3863249
0.19196,1.3863249
0.191962,1.3863249
0.191964,1.3863249
0.191966,1.3863249
0.191968,1.3863249
0.19197,1.3863249
0.191972,1.3863249
0.191974,1.3863249
0.191976,1.3863249
0.191978,1.3863249
0.19198,1.3863249
0.191982,1.3863249
0.191984,1.3863249
0.191986,1.3863249
0.191988,1.3863249
0.19199,1.3863249
0.191992,1.3863249
0.191994,1.3863249
0.191996,1.3863249
0.191998,1.3863249
0.192,1.3863249
0.192002,1.3863249
0.192004,1.3863249
0.192006,1.3863249
0.192008,1.3863249
0.19201,1.3863249
0.192012,1.3863249
0.192014,1.3863249
0.192016,1.3863249
0.192018,1.3863249
0.19202,1.3863249
0.192022,1.3863249
0.19202399,1.3863249
0.192026,1.3863249
0.192028,1.3863249
0.19203,1.3863249
0.192032,1.3863249
0.192034,1.3863249
0.192036,1.3863249
0.192038,1.3863249
0.19204,1.3863249
0.192042,1.3863249
0.192044,1.3863249
0.192046,1.3863249
0.192048,1.3863249
0.19205,1.3863249
0.192052,1.3863249
0.192054,1.3863249
0.192056,1.3863249
0.192058,1.3863249
0.19206,1.3863249
0.192062,1.3863249
0.192064,1.3863249
0.192066,1.3863249
0.192068,1.3863249
0.19206999,1.3863249
0.192072,1.3863249
0.192074,1.3863249
0.192076,1.3863249
0.192078,1.3863249
0.19208,1.3863249
0.192082,1.3863249
0.192084,1.3863249
0.192086,1.3863249
0.192088,1.3863249
0.19209,1.3863249
0.192092,1.3863249
0.192094,1.3863249
0.192096,1.3863249
0.192098,1.3863249
0.1921,1.3863249
0.192102,1.3863249
0.192104,1.3863249
0.192106,1.3863249
0.192108,1.3863249
0.19211,1.3863249
0.192112,1.3863249
0.192114,1.3863249
0.19211599,1.3863249
0.192118,1.3863249
0.19212,1.3863249
0.192122,1.3863249
0.192124,1.3863249
0.192126,1.3863249
0.192128,1.3863249
0.19213,1.3863249
0.192132,1.3863249
0.192134,1.3863249
0.192136,1.3863249
0.192138,1.3863249
0.19214,1.3863249
0.192142,1.3863249
0.192144,0.87777996
0.192146,0.13807821
0.192148,0.13807821
0.19215,0.13807821
0.192152,0.13807821
0.192154,0.13807821
0.192156,0.13807821
0.192158,0.13807821
0.19216,0.13807821
0.19216199,0.13807821
0.192164,0.13807821
0.192166,0.13807821
0.192168,0.13807821
0.19217,0.091846466
0.192172,0.091846466
0.192174,0.091846466
0.192176,0.091846466
0.192178,0.091846466
0.19218,0.091846466
0.192182,0.091846466
0.192184,0.091846466
0.192186,0.091846466
0.192188,0.091846466
0.19219,0.091846466
0.192192,0.091846466
0.192194,0.091846466
0.192196,0.091846466
0.192198,0.091846466
0.1922,0.091846466
0.192202,0.091846466
0.192204,0.091846466
0.192206,0.091846466
0.19220799,0.091846466
0.19221,0.091846466
0.192212,0.091846466
0.192214,0.091846466
0.192216,0.091846466
0.192218,0.091846466
0.19222,0.091846466
0.192222,0.091846466
0.192224,0.091846466
0.192226,0.091846466
0.192228,0.091846466
0.19223,0.091846466
0.192232,0.091846466
0.192234,0.091846466
0.192236,0.091846466
0.192238,0.091846466
0.19224,0.091846466
0.192242,0.091846466
0.192244,0.091846466
0.192246,0.091846466
0.192248,0.091846466
0.19225,0.091846466
0.192252,0.091846466
0.192254,0.091846466
0.192256,0.091846466
0.192258,0.091846466
0.19226,0.091846466
0.192262,0.091846466
0.192264,0.091846466
0.192266,0.091846466
0.192268,0.091846466
0.19227,0.091846466
0.192272,0.091846466
0.192274,0.091846466
0.192276,0.091846466
0.192278,0.091846466
0.19228,0.091846466
0.192282,0.091846466
0.192284,0.091846466
0.192286,0.091846466
0.192288,0.091846466
0.19229,0.091846466
0.192292,0.091846466
0.192294,0.091846466
0.192296,0.091846466
0.192298,0.091846466
0.1923,0.091846466
0.192302,0.091846466
0.192304,0.091846466
0.192306,0.091846466
0.192308,0.091846466
0.19231,0.091846466
0.192312,0.091846466
0.192314,0.091846466
0.192316,0.091846466
0.19231799,0.091846466
0.19232,0.091846466
0.192322,0.091846466
0.192324,0.091846466
0.192326,0.091846466
0.192328,0.091846466
0.19233,0.091846466
0.192332,0.091846466
0.192334,0.091846466
0.192336,0.091846466
0.192338,0.091846466
0.19234,0.091846466
0.192342,0.091846466
0.192344,0.091846466
0.192346,0.091846466
0.192348,0.091846466
0.19235,0.091846466
0.192352,0.091846466
0.192354,0.091846466
0.192356,0.091846466
0.192358,0.091846466
0.19236,0.091846466
0.192362,0.091846466
0.19236399,0.091846466
0.192366,0.091846466
0.192368,0.091846466
0.19237,0.091846466
0.192372,0.091846466
0.192374,0.091846466
0.192376,0.091846466
0.192378,0.091846466
0.19238,0.091846466
0.192382,0.091846466
0.192384,0.091846466
0.192386,0.091846466
0.192388,0.091846466
0.19239,0.091846466
0.192392,0.091846466
0.192394,0.091846466
0.192396,0.091846466
0.192398,0.091846466
0.1924,0.091846466
0.192402,0.091846466
0.192404,0.091846466
0.192406,0.091846466
0.192408,0.091846466
0.19240999,0.091846466
0.192412,0.091846466
0.192414,0.091846466
0.192416,0.091846466
0.192418,0.091846466
0.19242,0.091846466
0.192422,0.091846466
0.192424,0.091846466
0.192426,0.091846466
0.192428,0.091846466
0.19243,0.091846466
0.192432,0.091846466
0.192434,0.091846466
0.192436,0.091846466
0.192438,0.091846466
0.19244,0.091846466
0.192442,0.091846466
0.192444,0.091846466
0.192446,0.091846466
0.192448,0.091846466
0.19245,0.091846466
0.192452,0.091846466
0.192454,0.091846466
0.19245599,0.091846466
0.192458,0.091846466
0.19246,0.091846466
0.192462,0.091846466
0.192464,0.091846466
0.192466,0.091846466
0.192468,0.091846466
0.19247,0.091846466
0.192472,0.091846466
0.192474,0.091846466
0.192476,0.091846466
0.192478,0.091846466
0.19248,0.091846466
0.192482,0.091846466
0.192484,0.091846466
0.192486,0.091846466
0.192488,0.091846466
0.19249,0.091846466
0.192492,0.091846466
0.192494,0.091846466
0.192496,0.091846466
0.192498,0.091846466
0.1925,0.091846466
0.192502,0.091846466
0.192504,0.091846466
0.192506,0.091846466
0.192508,0.091846466
0.19251,0.091846466
0.192512,0.091846466
0.192514,0.091846466
0.192516,0.091846466
0.192518,0.091846466
0.19252,0.091846466
0.192522,0.091846466
0.192524,0.091846466
0.192526,0.091846466
0.192528,0.091846466
0.19253,0.091846466
0.192532,0.091846466
0.192534,0.091846466
0.192536,0.091846466
0.192538,0.091846466
0.19254,0.091846466
0.192542,0.091846466
0.192544,0.091846466
0.192546,0.091846466
0.192548,0.091846466
0.19255,0.091846466
0.192552,0.091846466
0.192554,0.091846466
0.192556,0.091846466
0.192558,0.091846466
0.19256,0.091846466
0.192562,0.091846466
0.192564,0.091846466
0.19256599,0.091846466
0.192568,0.091846466
0.19257,0.091846466
0.192572,0.091846466
0.192574,0.091846466
0.192576,0.091846466
0.192578,0.091846466
0.19258,0.091846466
0.192582,0.091846466
0.192584,0.091846466
0.192586,0.091846466
0.192588,0.091846466
0.19259,0.091846466
0.192592,0.091846466
0.192594,0.091846466
0.192596,0.091846466
0.192598,0.091846466
0.1926,0.091846466
0.192602,0.091846466
0.192604,0.091846466
0.192606,0.091846466
0.192608,0.091846466
0.19261,0.091846466
0.19261199,0.091846466
0.192614,0.091846466
0.192616,0.091846466
0.192618,0.091846466
0.19262,0.091846466
0.192622,0.091846466
0.192624,0.091846466
0.192626,0.091846466
0.192628,0.091846466
0.19263,0.091846466
0.192632,0.091846466
0.192634,0.091846466
0.192636,0.091846466
0.192638,0.091846466
0.19264,0.091846466
0.192642,0.091846466
0.192644,0.091846466
0.192646,0.091846466
0.192648,0.091846466
0.19265,0.091846466
0.192652,0.091846466
0.192654,0.091846466
0.192656,0.091846466
0.19265799,0.091846466
0.19266,0.091846466
0.192662,0.091846466
0.192664,0.091846466
0.192666,0.091846466
0.192668,0.091846466
0.19267,0.091846466
0.192672,0.091846466
0.192674,0.091846466
0.192676,0.091846466
0.192678,0.091846466
0.19268,0.091846466
0.192682,0.091846466
0.192684,0.091846466
0.192686,0.091846466
0.192688,0.091846466
0.19269,0.091846466
0.192692,0.091846466
0.192694,0.091846466
0.192696,0.091846466
0.192698,0.091846466
0.1927,0.091846466
0.192702,0.091846466
0.19270399,0.091846466
0.192706,0.091846466
0.192708,0.091846466
0.19271,0.091846466
0.192712,0.091846466
0.192714,0.091846466
0.192716,0.091846466
0.192718,0.091846466
0.19272,0.091846466
0.192722,0.091846466
0.192724,0.091846466
0.192726,0.091846466
0.192728,0.091846466
0.19273,0.091846466
0.192732,0.091846466
0.192734,0.091846466
0.192736,0.091846466
0.192738,0.091846466
0.19274,0.091846466
0.192742,0.091846466
0.192744,0.091846466
0.192746,0.091846466
0.192748,0.091846466
0.19275,0.091846466
0.192752,0.091846466
0.192754,0.091846466
0.192756,0.091846466
0.192758,0.091846466
0.19276,0.091846466
0.192762,0.091846466
0.192764,0.091846466
0.192766,0.091846466
0.192768,0.091846466
0.19277,0.091846466
0.192772,0.091846466
0.192774,0.091846466
0.192776,0.091846466
0.192778,0.091846466
0.19278,0.091846466
0.192782,0.091846466
0.192784,0.091846466
0.192786,0.091846466
0.192788,0.091846466
0.19279,0.091846466
0.192792,0.091846466
0.192794,0.091846466
0.192796,0.091846466
0.192798,0.091846466
0.1928,0.091846466
0.192802,0.091846466
0.192804,0.091846466
0.192806,0.091846466
0.192808,0.091846466
0.19281,0.091846466
0.192812,0.091846466
0.19281399,0.091846466
0.192816,0.091846466
0.192818,0.091846466
0.19282,0.091846466
0.192822,0.091846466
0.192824,0.091846466
0.192826,0.091846466
0.192828,0.091846466
0.19283,0.091846466
0.192832,0.091846466
0.192834,0.091846466
0.192836,0.091846466
0.192838,0.091846466
0.19284,0.091846466
0.192842,0.091846466
0.192844,0.091846466
0.192846,0.091846466
0.192848,0.091846466
0.19285,0.091846466
0.192852,0.091846466
0.192854,0.091846466
0.192856,0.091846466
0.192858,0.091846466
0.19285999,0.091846466
0.192862,0.091846466
0.192864,0.091846466
0.192866,0.091846466
0.192868,0.091846466
0.19287,0.091846466
0.192872,0.091846466
0.192874,0.091846466
0.192876,0.091846466
0.192878,0.091846466
0.19288,0.091846466
0.192882,0.091846466
0.192884,0.091846466
0.192886,0.091846466
0.192888,0.091846466
0.19289,0.091846466
0.192892,0.091846466
0.192894,0.091846466
0.192896,0.091846466
0.192898,0.091846466
0.1929,0.091846466
0.192902,0.091846466
0.192904,0.091846466
0.19290599,0.091846466
0.192908,0.091846466
0.19291,0.091846466
0.192912,0.091846466
0.192914,0.091846466
0.192916,0.091846466
0.192918,0.091846466
0.19292,0.091846466
0.192922,0.091846466
0.192924,0.091846466
0.192926,0.091846466
0.192928,0.091846466
0.19293,0.091846466
0.192932,0.091846466
0.192934,0.091846466
0.192936,0.091846466
0.192938,0.091846466
0.19294,0.091846466
0.192942,0.091846466
0.192944,0.091846466
0.192946,0.091846466
0.192948,0.091846466
0.19295,0.091846466
0.19295199,0.091846466
0.192954,0.091846466
0.192956,0.091846466
0.192958,0.091846466
0.19296,0.27677202
0.192962,1.3400936
0.192964,1.3400936
0.192966,1.3400936
0.192968,1.3863249
0.19297,1.3863249
0.192972,1.3863249
0.192974,1.3863249
0.192976,1.3863249
0.192978,1.3863249
0.19298,1.3863249
0.192982,1.3863249
0.192984,1.3863249
0.192986,1.3863249
0.192988,1.3863249
0.19299,1.3863249
0.192992,1.3863249
0.192994,1.3863249
0.192996,1.3863249
0.192998,1.3863249
0.193,1.3863249
0.193002,1.3863249
0.193004,1.3863249
0.193006,1.3863249
0.193008,1.3863249
0.19301,1.3863249
0.193012,1.3863249
0.193014,1.3863249
0.193016,1.3863249
0.193018,1.3863249
0.19302,1.3863249
0.193022,1.3863249
0.193024,1.3863249
0.193026,1.3863249
0.193028,1.3863249
0.19303,1.3863249
0.193032,1.3863249
0.193034,1.3863249
0.193036,1.3863249
0.193038,1.3863249
0.19304,1.3863249
0.193042,1.3863249
0.193044,1.3863249
0.193046,1.3863249
0.193048,1.3863249
0.19305,1.3863249
0.193052,1.3863249
0.193054,1.3863249
0.193056,1.3863249
0.193058,1.3863249
0.19306,1.3863249
0.19306199,1.3863249
0.193064,1.3863249
0.193066,1.3863249
0.193068,1.3863249
0.19307,1.3863249
0.193072,1.3863249
0.193074,1.3863249
0.193076,1.3863249
0.193078,1.3863249
0.19308,1.3863249
0.193082,1.3863249
0.193084,1.3863249
0.193086,1.3863249
0.193088,1.3863249
0.19309,1.3863249
0.193092,1.3863249
0.193094,1.3863249
0.193096,1.3863249
0.193098,1.3863249
0.1931,1.3863249
0.193102,1.3863249
0.193104,1.3863249
0.193106,1.3863249
0.19310799,1.3863249
0.19311,1.3863249
0.193112,1.3863249
0.193114,1.3863249
0.193116,1.3863249
0.193118,1.3863249
0.19312,1.3863249
0.193122,1.3863249
0.193124,1.3863249
0.193126,1.3863249
0.193128,1.3863249
0.19313,1.3863249
0.193132,1.3863249
0.193134,1.3863249
0.193136,1.3863249
0.193138,1.3863249
0.19314,1.3863249
0.193142,1.3863249
0.193144,1.3863249
0.193146,1.3863249
0.193148,1.3863249
0.19315,1.3863249
0.193152,1.3863249
0.19315399,1.3863249
0.193156,1.3863249
0.193158,1.3863249
0.19316,1.3863249
0.193162,1.3863249
0.193164,1.3863249
0.193166,1.3863249
0.193168,1.3863249
0.19317,1.3863249
0.193172,1.3863249
0.193174,1.3863249
0.193176,1.3863249
0.193178,1.3863249
0.19318,1.3863249
0.193182,1.3863249
0.193184,1.3863249
0.193186,1.3863249
0.193188,1.3863249
0.19319,1.3863249
0.193192,1.3863249
0.193194,1.3863249
0.193196,1.3863249
0.193198,1.3863249
0.19319999,1.3863249
0.193202,1.3863249
0.193204,1.3863249
0.193206,1.3863249
0.193208,1.3863249
0.19321,1.3863249
0.193212,1.3863249
0.193214,1.3863249
0.193216,1.3863249
0.193218,1.3863249
0.19322,1.3863249
0.193222,1.3863249
0.193224,1.3863249
0.193226,1.3863249
0.193228,1.3863249
0.19323,1.3863249
0.193232,1.3863249
0.193234,1.3863249
0.193236,1.3863249
0.193238,1.3863249
0.19324,1.3863249
0.193242,1.3863249
0.193244,1.3863249
0.19324599,1.3863249
0.193248,1.3863249
0.19325,1.3863249
0.193252,1.3863249
0.193254,1.3863249
0.193256,1.3863249
0.193258,1.3863249
0.19326,1.3863249
0.193262,1.3863249
0.193264,1.3863249
0.193266,1.3863249
0.193268,1.3863249
0.19327,1.3863249
0.193272,1.3863249
0.193274,1.3863249
0.193276,1.3863249
0.193278,1.3863249
0.19328,1.3863249
0.193282,1.3863249
0.193284,1.3863249
0.193286,1.3863249
0.193288,1.3863249
0.19329,1.3863249
0.193292,1.3863249
0.193294,1.3863249
0.193296,1.3863249
0.193298,1.3863249
0.1933,1.3863249
0.193302,1.3863249
0.193304,1.3863249
0.193306,1.3863249
0.193308,1.3863249
0.19331,1.3863249
0.193312,1.3863249
0.193314,1.9873328
0.193316,2.6345725
0.193318,2.6345725
0.19332,2.6345725
0.193322,2.6345725
0.193324,2.6345725
0.193326,2.6345725
0.193328,2.6345725
0.19333,2.6345725
0.193332,2.6808028
0.193334,2.6808028
0.193336,2.6808028
0.193338,2.6808028
0.19334,2.6808028
0.193342,2.6808028
0.193344,2.6808028
0.193346,2.6808028
0.193348,2.6808028
0.19335,2.6808028
0.193352,2.6808028
0.193354,2.6808028
0.19335599,2.6808028
0.193358,2.6808028
0.19336,2.6808028
0.193362,2.6808028
0.193364,2.6808028
0.193366,2.6808028
0.193368,2.6808028
0.19337,2.6808028
0.193372,2.6808028
0.193374,2.6808028
0.193376,2.6808028
0.193378,2.6808028
0.19338,2.6808028
0.193382,2.6808028
0.193384,2.6808028
0.193386,2.6808028
0.193388,2.6808028
0.19339,2.6808028
0.193392,2.6808028
0.193394,2.6808028
0.193396,2.6808028
0.193398,2.6808028
0.1934,2.6808028
0.19340199,2.6808028
0.193404,2.6808028
0.193406,2.6808028
0.193408,2.6808028
0.19341,2.6808028
0.193412,2.6808028
0.193414,2.6808028
0.193416,2.6808028
0.193418,2.6808028
0.19342,2.6808028
0.193422,2.6808028
0.193424,2.6808028
0.193426,2.6808028
0.193428,2.6808028
0.19343,2.6808028
0.193432,2.6808028
0.193434,2.6808028
0.193436,2.6808028
0.193438,2.6808028
0.19344,2.6808028
0.193442,2.6808028
0.193444,2.6808028
0.193446,2.6808028
0.19344799,2.6808028
0.19345,2.6808028
0.193452,2.6808028
0.193454,2.6808028
0.193456,2.6808028
0.193458,2.6808028
0.19346,2.6808028
0.193462,2.6808028
0.193464,2.6808028
0.193466,2.6808028
0.193468,2.6808028
0.19347,2.6808028
0.193472,2.6808028
0.193474,2.6808028
0.193476,2.6808028
0.193478,2.6808028
0.19348,2.6808028
0.193482,2.6808028
0.193484,2.6808028
0.193486,2.6808028
0.193488,2.6808028
0.19349,2.6808028
0.193492,2.6808028
0.19349399,2.6808028
0.193496,2.6808028
0.193498,2.6808028
0.1935,2.6808028
0.193502,2.6808028
0.193504,2.6808028
0.193506,2.6808028
0.193508,2.6808028
0.19351,2.6808028
0.193512,2.6808028
0.193514,2.6808028
0.193516,2.6808028
0.193518,2.6808028
0.19352,2.6808028
0.193522,2.6808028
0.193524,2.6808028
0.193526,2.6808028
0.193528,2.6808028
0.19353,2.6808028
0.193532,2.6808028
0.193534,2.6808028
0.193536,2.6808028
0.193538,2.6808028
0.19354,2.6808028
0.193542,2.6808028
0.193544,2.6808028
0.193546,2.6808028
0.193548,2.6808028
0.19355,2.6808028
0.193552,2.6808028
0.193554,2.6808028
0.193556,2.6808028
0.193558,2.6808028
0.19356,2.6808028
0.193562,2.6808028
0.193564,2.6808028
0.193566,2.6808028
0.193568,2.6808028
0.19357,2.6808028
0.193572,2.6808028
0.193574,2.6808028
0.193576,2.6808028
0.193578,2.6808028
0.19358,2.6808028
0.193582,2.6808028
0.193584,2.6808028
0.193586,2.6808028
0.193588,2.6808028
0.19359,2.6808028
0.193592,2.6808028
0.193594,2.6808028
0.193596,2.6808028
0.193598,2.6808028
0.1936,2.6808028
0.193602,2.6808028
0.19360399,2.6808028
0.193606,2.6808028
0.193608,2.6808028
0.19361,2.6808028
0.193612,2.6808028
0.193614,2.6808028
0.193616,2.6808028
0.193618,2.6808028
0.19362,2.6808028
0.193622,2.6808028
0.193624,2.6808028
0.193626,2.6808028
0.193628,2.6808028
0.19363,2.6808028
0.193632,2.6808028
0.193634,2.6808028
0.193636,2.6808028
0.193638,2.6808028
0.19364,2.6808028
0.193642,2.6808028
0.193644,2.6808028
0.193646,2.6808028
0.193648,2.6808028
0.19364999,2.6808028
0.193652,2.6808028
0.193654,2.6808028
0.193656,2.6808028
0.193658,2.6808028
0.19366,2.6808028
0.193662,2.6808028
0.193664,2.6808028
0.193666,2.6808028
0.193668,3.3280425
0.19367,3.92905
0.193672,3.92905
0.193674,3.92905
0.193676,3.92905
0.193678,3.9752812
0.19368,3.9752812
0.193682,3.9752812
0.193684,3.9752812
0.193686,3.9752812
0.193688,3.9752812
0.19369,3.9752812
0.193692,3.9752812
0.193694,3.9752812
0.19369599,3.9752812
0.193698,3.9752812
0.1937,3.9752812
0.193702,3.9752812
0.193704,3.9752812
0.193706,3.9752812
0.193708,3.9752812
0.19371,3.9752812
0.193712,3.9752812
0.193714,3.9752812
0.193716,3.9752812
0.193718,3.9752812
0.19372,3.9752812
0.193722,3.9752812
0.193724,3.9752812
0.193726,3.9752812
0.193728,3.9752812
0.19373,3.9752812
0.193732,3.9752812
0.193734,3.9752812
0.193736,3.9752812
0.193738,3.9752812
0.19374,3.9752812
0.19374199,3.9752812
0.193744,3.9752812
0.193746,3.9752812
0.193748,3.9752812
0.19375,3.9752812
0.193752,3.9752812
0.193754,3.9752812
0.193756,3.9752812
0.193758,3.9752812
0.19376,3.9752812
0.193762,3.9752812
0.193764,3.9752812
0.193766,3.9752812
0.193768,3.9752812
0.19377,3.9752812
0.193772,3.9752812
0.193774,3.9752812
0.193776,3.9752812
0.193778,3.9752812
0.19378,3.9752812
0.193782,3.9752812
0.193784,3.9752812
0.193786,3.9752812
0.193788,3.9752812
0.19379,3.9752812
0.193792,3.9752812
0.193794,3.9752812
0.193796,3.9752812
0.193798,3.9752812
0.1938,3.9752812
0.193802,3.9752812
0.193804,3.9752812
0.193806,3.9752812
0.193808,3.9752812
0.19381,3.9752812
0.193812,3.9752812
0.193814,3.9752812
0.193816,3.9752812
0.193818,3.9752812
0.19382,3.9752812
0.193822,3.9752812
0.193824,3.9752812
0.193826,3.9752812
0.193828,3.9752812
0.19383,3.9752812
0.193832,3.9752812
0.193834,3.9752812
0.193836,3.9752812
0.193838,3.9752812
0.19384,3.9752812
0.193842,3.9752812
0.193844,3.9752812
0.193846,3.9752812
0.193848,3.9752812
0.19385,3.9752812
0.19385199,3.9752812
0.193854,3.9752812
0.193856,3.9752812
0.193858,3.9752812
0.19386,3.9752812
0.193862,3.9752812
0.193864,3.9752812
0.193866,3.9752812
0.193868,3.9752812
0.19387,3.9752812
0.193872,3.9752812
0.193874,3.9752812
0.193876,3.9752812
0.193878,3.9752812
0.19388,3.9752812
0.193882,3.9752812
0.193884,3.9752812
0.193886,3.9752812
0.193888,3.9752812
0.19389,3.9752812
0.193892,3.9752812
0.193894,3.9752812
0.193896,3.9752812
0.19389799,3.9752812
0.1939,3.9752812
0.193902,3.9752812
0.193904,3.9752812
0.193906,3.9752812
0.193908,3.9752812
0.19391,3.9752812
0.193912,3.9752812
0.193914,3.9752812
0.193916,3.9752812
0.193918,3.9752812
0.19392,3.9752812
0.193922,3.9752812
0.193924,3.9752812
0.193926,3.9752812
0.193928,3.9752812
0.19393,3.9752812
0.193932,3.9752812
0.193934,3.9752812
0.193936,3.9752812
0.193938,3.9752812
0.19394,3.9752812
0.193942,3.9752812
0.19394399,3.9752812
0.193946,3.9752812
0.193948,3.9752812
0.19395,3.9752812
0.193952,3.9752812
0.193954,3.9752812
0.193956,3.9752812
0.193958,3.9752812
0.19396,3.9752812
0.193962,3.9752812
0.193964,3.9752812
0.193966,3.9752812
0.193968,3.9752812
0.19397,3.9752812
0.193972,3.9752812
0.193974,3.9752812
0.193976,3.9752812
0.193978,3.9752812
0.19398,3.9752812
0.193982,3.9752812
0.193984,3.9752812
0.193986,3.9752812
0.193988,3.9752812
0.19398999,3.9752812
0.193992,3.9752812
0.193994,3.9752812
0.193996,3.9752812
0.193998,3.9752812
0.194,3.9752812
0.194002,3.9752812
0.194004,3.9752812
0.194006,3.9752812
0.194008,3.9752812
0.19401,3.9752812
0.194012,3.9752812
0.194014,3.9752812
0.194016,3.9752812
0.194018,3.9752812
0.19402,3.9752812
0.194022,3.9752812
0.194024,3.9752812
0.194026,3.9752812
0.194028,3.9752812
0.19403,3.9752812
0.194032,3.9752812
0.194034,3.9752812
0.194036,3.9752812
0.194038,3.9752812
0.19404,3.9752812
0.194042,3.9752812
0.194044,3.9752812
0.194046,3.9752812
0.194048,3.9752812
0.19405,3.9752812
0.194052,3.9752812
0.194054,3.9752812
0.194056,3.9752812
0.194058,3.9752812
0.19406,3.9752812
0.194062,3.9752812
0.194064,3.9752812
0.194066,3.9752812
0.194068,3.9752812
0.19407,3.9752812
0.194072,3.9752812
0.194074,3.9752812
0.194076,3.9752812
0.194078,3.9752812
0.19408,3.9752812
0.194082,3.9752812
0.194084,3.9752812
0.194086,3.9752812
0.194088,3.9752812
0.19409,3.9752812
0.194092,3.9752812
0.194094,3.9752812
0.194096,3.9752812
0.194098,3.9752812
0.19409999,3.9752812
0.194102,3.9752812
0.194104,3.9752812
0.194106,3.9752812
0.194108,3.9752812
0.19411,3.9752812
0.194112,3.9752812
0.194114,3.9752812
0.194116,3.9752812
0.194118,3.9752812
0.19412,3.9752812
0.194122,3.9752812
0.194124,3.9752812
0.194126,3.9752812
0.194128,3.9752812
0.19413,3.9752812
0.194132,3.9752812
0.194134,3.9752812
0.194136,3.9752812
0.194138,3.9752812
0.19414,3.9752812
0.194142,3.9752812
0.194144,3.9752812
0.19414599,3.9752812
0.194148,3.9752812
0.19415,3.9752812
0.194152,3.9752812
0.194154,3.9752812
0.194156,3.9752812
0.194158,3.9752812
0.19416,3.9752812
0.194162,3.9752812
0.194164,3.9752812
0.194166,3.9752812
0.194168,3.9752812
0.19417,3.9752812
0.194172,3.9752812
0.194174,3.9752812
0.194176,3.9752812
0.194178,3.9752812
0.19418,3.9752812
0.194182,3.9752812
0.194184,3.9752812
0.194186,3.9752812
0.194188,3.9752812
0.19419,3.9752812
0.19419199,3.9752812
0.194194,3.9752812
0.194196,3.9752812
0.194198,3.9752812
0.1942,3.9752812
0.194202,3.9752812
0.194204,3.9752812
0.194206,3.9752812
0.194208,3.9752812
0.19421,3.9752812
0.194212,3.9752812
0.194214,3.9752812
0.194216,3.9752812
0.194218,3.9752812
0.19422,3.9752812
0.194222,3.9752812
0.194224,3.9752812
0.194226,3.9752812
0.194228,3.9752812
0.19423,3.9752812
0.194232,3.9752812
0.194234,3.9752812
0.194236,3.9752812
0.19423799,3.9752812
0.19424,3.9752812
0.194242,3.9752812
0.194244,3.9752812
0.194246,3.9752812
0.194248,3.9752812
0.19425,3.9752812
0.194252,3.9752812
0.194254,3.9752812
0.194256,3.9752812
0.194258,3.9752812
0.19426,3.9752812
0.194262,3.9752812
0.194264,3.9752812
0.194266,3.9752812
0.194268,3.9752812
0.19427,3.9752812
0.194272,3.9752812
0.194274,3.9752812
0.194276,3.9752812
0.194278,3.9752812
0.19428,3.9752812
0.194282,3.9752812
0.194284,3.9752812
0.194286,3.9752812
0.194288,3.9752812
0.19429,3.9752812
0.194292,3.9752812
0.194294,3.9752812
0.194296,3.9752812
0.194298,3.9752812
0.1943,3.9752812
0.194302,3.9752812
0.194304,3.9752812
0.194306,3.9752812
0.194308,3.9752812
0.19431,3.9752812
0.194312,3.9752812
0.194314,3.9752812
0.194316,3.9752812
0.194318,3.9752812
0.19432,3.9752812
0.194322,3.9752812
0.194324,3.9752812
0.194326,3.9752812
0.194328,3.9752812
0.19433,3.9752812
0.194332,3.9752812
0.194334,3.9752812
0.194336,3.9752812
0.194338,3.9752812
0.19434,3.9752812
0.194342,3.9752812
0.194344,3.9752812
0.194346,3.9752812
0.19434799,3.9752812
0.19435,3.9752812
0.194352,3.9752812
0.194354,3.9752812
0.194356,3.9752812
0.194358,3.9752812
0.19436,3.9752812
0.194362,3.9752812
0.194364,3.9752812
0.194366,3.9752812
0.194368,3.9752812
0.19437,3.9752812
0.194372,3.9752812
0.194374,3.9752812
0.194376,3.9752812
0.194378,3.9752812
0.19438,3.9752812
0.194382,3.9752812
0.194384,3.9752812
0.194386,3.9752812
0.194388,3.9752812
0.19439,3.9752812
0.194392,3.9752812
0.19439399,3.9752812
0.194396,3.9752812
0.194398,3.9752812
0.1944,3.9752812
0.194402,3.9752812
0.194404,3.9752812
0.194406,3.9752812
0.194408,3.9752812
0.19441,3.9752812
0.194412,3.9752812
0.194414,3.9752812
0.194416,3.9752812
0.194418,3.9752812
0.19442,3.9752812
0.194422,3.9752812
0.194424,3.9752812
0.194426,3.9752812
0.194428,3.9752812
0.19443,3.9752812
0.194432,3.9752812
0.194434,3.9752812
0.194436,3.9752812
0.194438,3.9752812
0.19443999,3.9752812
0.194442,3.9752812
0.194444,3.9752812
0.194446,3.9752812
0.194448,3.9752812
0.19445,3.9752812
0.194452,3.9752812
0.194454,3.9752812
0.194456,3.9752812
0.194458,3.9752812
0.19446,3.9752812
0.194462,3.9752812
0.194464,3.9752812
0.194466,3.9752812
0.194468,3.9752812
0.19447,3.9752812
0.194472,3.9752812
0.194474,3.9752812
0.194476,3.9752812
0.194478,3.9752812
0.19448,3.9752812
0.194482,3.9752812
0.194484,3.9752812
0.19448599,3.9752812
0.194488,3.9752812
0.19449,3.9752812
0.194492,3.9752812
0.194494,3.9752812
0.194496,3.9752812
0.194498,3.9752812
0.1945,3.9752812
0.194502,3.9752812
0.194504,3.9752812
0.194506,3.9752812
0.194508,3.9752812
0.19451,3.9752812
0.194512,3.9752812
0.194514,3.9752812
0.194516,3.9752812
0.194518,3.9752812
0.19452,3.9752812
0.194522,3.9752812
0.194524,3.9752812
0.194526,3.9752812
0.194528,3.9752812
0.19453,3.9752812
0.19453199,3.9752812
0.194534,3.9752812
0.194536,3.9752812
0.194538,3.9752812
0.19454,3.9752812
0.194542,3.9752812
0.194544,3.9752812
0.194546,3.9752812
0.194548,3.9752812
0.19455,3.9752812
0.194552,3.9752812
0.194554,3.9752812
0.194556,3.9752812
0.194558,3.9752812
0.19456,3.9752812
0.194562,3.9752812
0.194564,3.9752812
0.194566,3.9752812
0.194568,3.9752812
0.19457,3.9752812
0.194572,3.9752812
0.194574,3.9752812
0.194576,3.9752812
0.194578,3.9752812
0.19458,3.9752812
0.194582,3.9752812
0.194584,3.9752812
0.194586,3.9752812
0.194588,3.9752812
0.19459,3.9752812
0.194592,3.9752812
0.194594,3.9752812
0.194596,3.9752812
0.194598,3.9752812
0.1946,3.9752812
0.194602,3.9752812
0.194604,3.9752812
0.194606,3.9752812
0.194608,3.9752812
0.19461,3.9752812
0.194612,3.9752812
0.194614,3.9752812
0.194616,3.9752812
0.194618,3.9752812
0.19462,3.9752812
0.194622,3.9752812
0.194624,3.9752812
0.194626,3.9752812
0.194628,3.9752812
0.19463,3.9752812
0.194632,3.9752812
0.194634,3.9752812
0.194636,3.9752812
0.194638,3.9752812
0.19464,3.9752812
0.19464199,3.9752812
0.194644,3.9752812
0.194646,3.9752812
0.194648,3.9752812
0.19465,3.9752812
0.194652,3.9752812
0.194654,3.9752812
0.194656,3.9752812
0.194658,3.9752812
0.19466,3.9752812
0.194662,3.9752812
0.194664,3.9752812
0.194666,3.9752812
0.194668,3.9752812
0.19467,3.9752812
0.194672,3.9752812
0.194674,3.9752812
0.194676,3.9752812
0.194678,3.9752812
0.19468,3.9752812
0.194682,3.9752812
0.194684,3.9752812
0.194686,3.9752812
0.19468799,3.9752812
0.19469,3.9752812
0.194692,3.9752812
0.194694,3.9752812
0.194696,3.9752812
0.194698,3.9752812
0.1947,3.9752812
0.194702,3.9752812
0.194704,3.9752812
0.194706,3.9752812
0.194708,3.9752812
0.19471,3.9752812
0.194712,3.9752812
0.194714,3.9752812
0.194716,3.9752812
0.194718,3.9752812
0.19472,3.9752812
0.194722,3.9752812
0.194724,3.9752812
0.194726,3.9752812
0.194728,3.9752812
0.19473,3.9752812
0.194732,3.9752812
0.19473399,3.9752812
0.194736,3.9752812
0.194738,3.9752812
0.19474,3.9752812
0.194742,3.9752812
0.194744,3.9752812
0.194746,3.9752812
0.194748,3.9752812
0.19475,3.9752812
0.194752,3.9752812
0.194754,3.9752812
0.194756,3.9752812
0.194758,3.9752812
0.19476,3.9752812
0.194762,3.9752812
0.194764,3.9752812
0.194766,3.9752812
0.194768,3.9752812
0.19477,3.9752812
0.194772,3.9752812
0.194774,3.9752812
0.194776,3.9752812
0.194778,3.9752812
0.19477999,3.9752812
0.194782,3.9752812
0.194784,2.9119601
0.194786,2.727035
0.194788,2.727035
0.19479,2.727035
0.194792,2.727035
0.194794,2.727035
0.194796,2.727035
0.194798,2.727035
0.1948,2.727035
0.194802,2.727035
0.194804,2.6808028
0.194806,2.6808028
0.194808,2.6808028
0.19481,2.6808028
0.194812,2.6808028
0.194814,2.6808028
0.194816,2.6808028
0.194818,2.6808028
0.19482,2.6808028
0.194822,2.6808028
0.194824,2.6808028
0.194826,2.6808028
0.194828,2.6808028
0.19483,2.6808028
0.194832,2.6808028
0.194834,2.6808028
0.194836,2.6808028
0.194838,2.6808028
0.19484,2.6808028
0.194842,2.6808028
0.194844,2.6808028
0.194846,2.6808028
0.194848,2.6808028
0.19485,2.6808028
0.194852,2.6808028
0.194854,2.6808028
0.194856,2.6808028
0.194858,2.6808028
0.19486,2.6808028
0.194862,2.6808028
0.194864,2.6808028
0.194866,2.6808028
0.194868,2.6808028
0.19487,2.6808028
0.194872,2.6808028
0.194874,2.6808028
0.194876,2.6808028
0.194878,2.6808028
0.19488,2.6808028
0.194882,2.6808028
0.194884,2.6808028
0.194886,2.6808028
0.194888,2.6808028
0.19488999,2.6808028
0.194892,2.6808028
0.194894,2.6808028
0.194896,2.6808028
0.194898,2.6808028
0.1949,2.6808028
0.194902,2.6808028
0.194904,2.6808028
0.194906,2.6808028
0.194908,2.6808028
0.19491,2.6808028
0.194912,2.6808028
0.194914,2.6808028
0.194916,2.6808028
0.194918,2.6808028
0.19492,2.6808028
0.194922,2.6808028
0.194924,2.6808028
0.194926,2.6808028
0.194928,2.6808028
0.19493,2.6808028
0.194932,2.6808028
0.194934,2.6808028
0.19493599,2.6808028
0.194938,2.6808028
0.19494,2.6808028
0.194942,2.6808028
0.194944,2.6808028
0.194946,2.6808028
0.194948,2.6808028
0.19495,2.6808028
0.194952,2.6808028
0.194954,2.6808028
0.194956,2.6808028
0.194958,2.6808028
0.19496,2.6808028
0.194962,2.6808028
0.194964,2.6808028
0.194966,2.6808028
0.194968,2.6808028
0.19497,2.6808028
0.194972,2.6808028
0.194974,2.6808028
0.194976,2.6808028
0.194978,2.6808028
0.19498,2.6808028
0.19498199,2.6808028
0.194984,2.6808028
0.194986,2.6808028
0.194988,2.6808028
0.19499,2.6808028
0.194992,2.6808028
0.194994,2.6808028
0.194996,2.6808028
0.194998,2.6808028
0.195,2.6808028
0.195002,2.6808028
0.195004,2.6808028
0.195006,2.6808028
0.195008,2.6808028
0.19501,2.6808028
0.195012,2.6808028
0.195014,2.6808028
0.195016,2.6808028
0.195018,2.6808028
0.19502,2.6808028
0.195022,2.6808028
0.195024,2.6808028
0.195026,2.6808028
0.19502799,2.6808028
0.19503,2.6808028
0.195032,2.6808028
0.195034,2.6808028
0.195036,2.6808028
0.195038,2.6808028
0.19504,2.6808028
0.195042,2.6808028
0.195044,2.6808028
0.195046,2.6808028
0.195048,2.6808028
0.19505,2.6808028
0.195052,2.6808028
0.195054,2.6808028
0.195056,2.6808028
0.195058,2.6808028
0.19506,2.6808028
0.195062,2.6808028
0.195064,2.6808028
0.195066,2.6808028
0.195068,2.6808028
0.19507,2.6808028
0.195072,2.6808028
0.195074,2.6808028
0.195076,2.6808028
0.195078,2.6808028
0.19508,2.6808028
0.195082,2.6808028
0.195084,2.6808028
0.195086,2.6808028
0.195088,2.6808028
0.19509,2.6808028
0.195092,2.6808028
0.195094,2.6808028
0.195096,2.6808028
0.195098,2.6808028
0.1951,2.6808028
0.195102,2.6808028
0.195104,2.6808028
0.195106,2.6808028
0.195108,2.6808028
0.19511,2.172258
0.195112,1.4787879
0.195114,1.4325566
0.195116,1.4325566
0.195118,1.4325566
0.19512,1.4325566
0.195122,1.4325566
0.195124,1.4325566
0.195126,1.4325566
0.195128,1.4325566
0.19513,1.4325566
0.195132,1.4325566
0.195134,1.4325566
0.195136,1.4325566
0.19513799,1.4325566
0.19514,1.4325566
0.195142,1.4325566
0.195144,1.4325566
0.195146,1.4325566
0.195148,1.4325566
0.19515,1.4325566
0.195152,1.3863249
0.195154,1.4325566
0.195156,1.3863249
0.195158,1.3863249
0.19516,1.3863249
0.195162,1.3863249
0.195164,1.3863249
0.195166,1.3863249
0.195168,1.3863249
0.19517,1.3863249
0.195172,1.3863249
0.195174,1.3863249
0.195176,1.3863249
0.195178,1.3863249
0.19518,1.3863249
0.195182,1.3863249
0.19518399,1.3863249
0.195186,1.3863249
0.195188,1.3863249
0.19519,1.3863249
0.195192,1.3863249
0.195194,1.3863249
0.195196,1.3863249
0.195198,1.3863249
0.1952,1.3863249
0.195202,1.3863249
0.195204,1.3863249
0.195206,1.3863249
0.195208,1.3863249
0.19521,1.3863249
0.195212,1.3863249
0.195214,1.3863249
0.195216,1.3863249
0.195218,1.3863249
0.19522,1.3863249
0.195222,1.3863249
0.195224,1.3863249
0.195226,1.3863249
0.195228,1.3863249
0.19522999,1.3863249
0.195232,1.3863249
0.195234,1.3863249
0.195236,1.3863249
0.195238,1.3863249
0.19524,1.3863249
0.195242,1.3863249
0.195244,1.3863249
0.195246,1.3863249
0.195248,1.3863249
0.19525,1.3863249
0.195252,1.3863249
0.195254,1.3863249
0.195256,1.3863249
0.195258,1.3863249
0.19526,1.3863249
0.195262,1.3863249
0.195264,1.3863249
0.195266,1.3863249
0.195268,1.3863249
0.19527,1.3863249
0.195272,1.3863249
0.195274,1.3863249
0.19527599,1.3863249
0.195278,1.3863249
0.19528,1.3863249
0.195282,1.3863249
0.195284,1.3863249
0.195286,1.3863249
0.195288,1.3863249
0.19529,1.3863249
0.195292,1.3863249
0.195294,1.3863249
0.195296,1.3863249
0.195298,1.3863249
0.1953,1.3863249
0.195302,1.3863249
0.195304,1.3863249
0.195306,1.3863249
0.195308,1.3863249
0.19531,1.3863249
0.195312,1.3863249
0.195314,1.3863249
0.195316,1.3863249
0.195318,1.3863249
0.19532,1.3863249
0.195322,1.3863249
0.195324,1.3863249
0.195326,1.3863249
0.195328,1.3863249
0.19533,1.3863249
0.195332,1.3863249
0.195334,1.3863249
0.195336,1.3863249
0.195338,1.3863249
0.19534,1.3863249
0.195342,1.3863249
0.195344,1.3863249
0.195346,1.3863249
0.195348,1.3863249
0.19535,1.3863249
0.195352,1.3863249
0.195354,1.3863249
0.195356,1.3863249
0.195358,1.3863249
0.19536,1.3863249
0.195362,1.3863249
0.195364,1.3863249
0.195366,1.3863249
0.195368,1.3863249
0.19537,1.3863249
0.195372,1.3863249
0.195374,1.3863249
0.195376,1.3863249
0.195378,1.3863249
0.19538,1.3863249
0.195382,1.3863249
0.195384,1.3863249
0.19538599,1.3863249
0.195388,1.3863249
0.19539,1.3863249
0.195392,1.3863249
0.195394,1.3863249
0.195396,1.3863249
0.195398,1.3863249
0.1954,1.3863249
0.195402,1.3863249
0.195404,1.3863249
0.195406,1.3863249
0.195408,1.3863249
0.19541,1.3863249
0.195412,1.3863249
0.195414,1.3863249
0.195416,1.3863249
0.195418,1.3863249
0.19542,1.3863249
0.195422,1.3863249
0.195424,1.3863249
0.195426,1.3863249
0.195428,1.3863249
0.19543,1.3863249
0.19543199,1.3863249
0.195434,1.3863249
0.195436,1.3863249
0.195438,1.3863249
0.19544,1.3863249
0.195442,1.3863249
0.195444,1.3863249
0.195446,1.3863249
0.195448,1.3863249
0.19545,1.3863249
0.195452,1.3863249
0.195454,1.3863249
0.195456,1.3863249
0.195458,1.3863249
0.19546,1.3863249
0.195462,1.3863249
0.195464,1.3863249
0.195466,1.3863249
0.195468,1.3863249
0.19547,1.3863249
0.195472,1.3863249
0.195474,1.3863249
0.195476,1.3863249
0.19547799,1.3863249
0.19548,1.3863249
0.195482,1.3863249
0.195484,1.3863249
0.195486,1.3863249
0.195488,1.3863249
0.19549,1.3863249
0.195492,0.27677202
0.195494,0.13807821
0.195496,0.13807821
0.195498,0.13807821
0.1955,0.13807821
0.195502,0.13807821
0.195504,0.13807821
0.195506,0.13807821
0.195508,0.13807821
0.19551,0.13807821
0.195512,0.13807821
0.195514,0.13807821
0.195516,0.091846466
0.195518,0.091846466
0.19552,0.091846466
0.195522,0.091846466
0.19552399,0.091846466
0.195526,0.091846466
0.195528,0.091846466
0.19553,0.091846466
0.195532,0.091846466
0.195534,0.091846466
0.195536,0.091846466
0.195538,0.091846466
0.19554,0.091846466
0.195542,0.091846466
0.195544,0.091846466
0.195546,0.091846466
0.195548,0.091846466
0.19555,0.091846466
0.195552,0.091846466
0.195554,0.091846466
0.195556,0.091846466
0.195558,0.091846466
0.19556,0.091846466
0.195562,0.091846466
0.195564,0.091846466
0.195566,0.091846466
0.195568,0.091846466
0.19556999,0.091846466
0.195572,0.091846466
0.195574,0.091846466
0.195576,0.091846466
0.195578,0.091846466
0.19558,0.091846466
0.195582,0.091846466
0.195584,0.091846466
0.195586,0.091846466
0.195588,0.091846466
0.19559,0.091846466
0.195592,0.091846466
0.195594,0.091846466
0.195596,0.091846466
0.195598,0.091846466
0.1956,0.091846466
0.195602,0.091846466
0.195604,0.091846466
0.195606,0.091846466
0.195608,0.091846466
0.19561,0.091846466
0.195612,0.091846466
0.195614,0.091846466
0.195616,0.091846466
0.195618,0.091846466
0.19562,0.091846466
0.195622,0.091846466
0.195624,0.091846466
0.195626,0.091846466
0.195628,0.091846466
0.19563,0.091846466
0.195632,0.091846466
0.195634,0.091846466
0.195636,0.091846466
0.195638,0.091846466
0.19564,0.091846466
0.195642,0.091846466
0.195644,0.091846466
0.195646,0.091846466
0.195648,0.091846466
0.19565,0.091846466
0.195652,0.091846466
0.195654,0.091846466
0.195656,0.091846466
0.195658,0.091846466
0.19566,0.091846466
0.195662,0.091846466
0.195664,0.091846466
0.195666,0.091846466
0.195668,0.091846466
0.19567,0.091846466
0.195672,0.091846466
0.195674,0.091846466
0.195676,0.091846466
0.195678,0.091846466
0.19567999,0.091846466
0.195682,0.091846466
0.195684,0.091846466
0.195686,0.091846466
0.195688,0.091846466
0.19569,0.091846466
0.195692,0.091846466
0.195694,0.091846466
0.195696,0.091846466
0.195698,0.091846466
0.1957,0.091846466
0.195702,0.091846466
0.195704,0.091846466
0.195706,0.091846466
0.195708,0.091846466
0.19571,0.091846466
0.195712,0.091846466
0.195714,0.091846466
0.195716,0.091846466
0.195718,0.091846466
0.19572,0.091846466
0.195722,0.091846466
0.195724,0.091846466
0.19572599,0.091846466
0.195728,0.091846466
0.19573,0.091846466
0.195732,0.091846466
0.195734,0.091846466
0.195736,0.091846466
0.195738,0.091846466
0.19574,0.091846466
0.195742,0.091846466
0.195744,0.091846466
0.195746,0.091846466
0.195748,0.091846466
0.19575,0.091846466
0.195752,0.091846466
0.195754,0.091846466
0.195756,0.091846466
0.195758,0.091846466
0.19576,0.091846466
0.195762,0.091846466
0.195764,0.091846466
0.195766,0.091846466
0.195768,0.091846466
0.19577,0.091846466
0.19577199,0.091846466
0.195774,0.091846466
0.195776,0.091846466
0.195778,0.091846466
0.19578,0.091846466
0.195782,0.091846466
0.195784,0.091846466
0.195786,0.091846466
0.195788,0.091846466
0.19579,0.091846466
0.195792,0.091846466
0.195794,0.091846466
0.195796,0.091846466
0.195798,0.091846466
0.1958,0.091846466
0.195802,0.091846466
0.195804,0.091846466
0.195806,0.091846466
0.195808,0.091846466
0.19581,0.091846466
0.195812,0.091846466
0.195814,0.091846466
0.195816,0.091846466
0.19581799,0.091846466
0.19582,0.091846466
0.195822,0.091846466
0.195824,0.091846466
0.195826,0.091846466
0.195828,0.091846466
0.19583,0.091846466
0.195832,0.091846466
0.195834,0.091846466
0.195836,0.091846466
0.195838,0.091846466
0.19584,0.091846466
0.195842,0.091846466
0.195844,0.091846466
0.195846,0.091846466
0.195848,0.091846466
0.19585,0.091846466
0.195852,0.091846466
0.195854,0.091846466
0.195856,0.091846466
0.195858,0.091846466
0.19586,0.091846466
0.195862,0.091846466
0.195864,0.091846466
0.195866,0.091846466
0.195868,0.091846466
0.19587,0.091846466
0.195872,0.091846466
0.195874,0.091846466
0.195876,0.091846466
0.195878,0.091846466
0.19588,0.091846466
0.195882,0.091846466
0.195884,0.091846466
0.195886,0.091846466
0.195888,0.091846466
0.19589,0.091846466
0.195892,0.091846466
0.195894,0.091846466
0.195896,0.091846466
0.195898,0.091846466
0.1959,0.091846466
0.195902,0.091846466
0.195904,0.091846466
0.195906,0.091846466
0.195908,0.091846466
0.19591,0.091846466
0.195912,0.091846466
0.195914,0.091846466
0.195916,0.091846466
0.195918,0.091846466
0.19592,0.091846466
0.195922,0.091846466
0.195924,0.091846466
0.195926,0.091846466
0.19592799,0.091846466
0.19593,0.091846466
0.195932,0.091846466
0.195934,0.091846466
0.195936,0.091846466
0.195938,0.091846466
0.19594,0.091846466
0.195942,0.091846466
0.195944,0.091846466
0.195946,0.091846466
0.195948,0.091846466
0.19595,0.091846466
0.195952,0.091846466
0.195954,0.091846466
0.195956,0.091846466
0.195958,0.091846466
0.19596,0.091846466
0.195962,0.091846466
0.195964,0.091846466
0.195966,0.091846466
0.195968,0.091846466
0.19597,0.091846466
0.195972,0.091846466
0.19597399,0.091846466
0.195976,0.091846466
0.195978,0.091846466
0.19598,0.091846466
0.195982,0.091846466
0.195984,0.091846466
0.195986,0.091846466
0.195988,0.091846466
0.19599,0.091846466
0.195992,0.091846466
0.195994,0.091846466
0.195996,0.091846466
0.195998,0.091846466
0.196,0.091846466
0.196002,0.091846466
0.196004,0.091846466
0.196006,0.091846466
0.196008,0.091846466
0.19601,0.091846466
0.196012,0.091846466
0.196014,0.091846466
0.196016,0.091846466
0.196018,0.091846466
0.19601999,0.091846466
0.196022,0.091846466
0.196024,0.091846466
0.196026,0.091846466
0.196028,0.091846466
0.19603,0.091846466
0.196032,0.091846466
0.196034,0.091846466
0.196036,0.091846466
0.196038,0.091846466
0.19604,0.091846466
0.196042,0.091846466
0.196044,0.091846466
0.196046,0.091846466
0.196048,0.091846466
0.19605,0.091846466
0.196052,0.091846466
0.196054,0.091846466
0.196056,0.091846466
0.196058,0.091846466
0.19606,0.091846466
0.196062,0.091846466
0.196064,0.091846466
0.19606599,0.091846466
0.196068,0.091846466
0.19607,0.091846466
0.196072,0.091846466
0.196074,0.091846466
0.196076,0.091846466
0.196078,0.091846466
0.19608,0.091846466
0.196082,0.091846466
0.196084,0.091846466
0.196086,0.091846466
0.196088,0.091846466
0.19609,0.091846466
0.196092,0.091846466
0.196094,0.091846466
0.196096,0.091846466
0.196098,0.091846466
0.1961,0.091846466
0.196102,0.091846466
0.196104,0.091846466
0.196106,0.091846466
0.196108,0.091846466
0.19611,0.091846466
0.196112,0.091846466
0.196114,0.091846466
0.196116,0.091846466
0.196118,0.091846466
0.19612,0.091846466
0.196122,0.091846466
0.196124,0.091846466
0.196126,0.091846466
0.196128,0.091846466
0.19613,0.091846466
0.196132,0.091846466
0.196134,0.091846466
0.196136,0.091846466
0.196138,0.091846466
0.19614,0.091846466
0.196142,0.091846466
0.196144,0.091846466
0.196146,0.091846466
0.196148,0.091846466
0.19615,0.091846466
0.196152,0.091846466
0.196154,0.091846466
0.196156,0.091846466
0.196158,0.091846466
0.19616,0.091846466
0.196162,0.091846466
0.196164,0.091846466
0.196166,0.091846466
0.196168,0.091846466
0.19617,0.091846466
0.196172,0.091846466
0.196174,0.091846466
0.19617599,0.091846466
0.196178,0.091846466
0.19618,0.091846466
0.196182,0.091846466
0.196184,0.091846466
0.196186,0.091846466
0.196188,0.091846466
0.19619,0.091846466
0.196192,0.091846466
0.196194,0.091846466
0.196196,0.091846466
0.196198,0.091846466
0.1962,0.091846466
0.196202,0.091846466
0.196204,0.091846466
0.196206,0.091846466
0.196208,0.091846466
0.19621,0.091846466
0.196212,0.091846466
0.196214,0.091846466
0.196216,0.091846466
0.196218,0.091846466
0.19622,0.091846466
0.19622199,0.091846466
0.196224,0.091846466
0.196226,0.091846466
0.196228,0.091846466
0.19623,0.091846466
0.196232,0.091846466
0.196234,0.091846466
0.196236,0.091846466
0.196238,0.091846466
0.19624,0.091846466
0.196242,0.091846466
0.196244,0.091846466
0.196246,0.091846466
0.196248,0.091846466
0.19625,0.091846466
0.196252,0.091846466
0.196254,0.091846466
0.196256,0.091846466
0.196258,0.091846466
0.19626,0.091846466
0.196262,0.091846466
0.196264,0.091846466
0.196266,0.091846466
0.19626799,0.091846466
0.19627,0.091846466
0.196272,0.091846466
0.196274,0.091846466
0.196276,0.091846466
0.196278,0.091846466
0.19628,0.091846466
0.196282,0.091846466
0.196284,0.091846466
0.196286,0.091846466
0.196288,0.091846466
0.19629,0.091846466
0.196292,0.091846466
0.196294,0.091846466
0.196296,0.091846466
0.196298,0.091846466
0.1963,0.091846466
0.196302,0.091846466
0.196304,0.091846466
0.196306,0.091846466
0.196308,1.1089368
0.19631,1.3400936
0.196312,1.3400936
0.19631399,1.3400936
0.196316,1.3863249
0.196318,1.3863249
0.19632,1.3863249
0.196322,1.3863249
0.196324,1.3863249
0.196326,1.3863249
0.196328,1.3863249
0.19633,1.3863249
0.196332,1.3863249
0.196334,1.3863249
0.196336,1.3863249
0.196338,1.3863249
0.19634,1.3863249
0.196342,1.3863249
0.196344,1.3863249
0.196346,1.3863249
0.196348,1.3863249
0.19635,1.3863249
0.196352,1.3863249
0.196354,1.3863249
0.196356,1.3863249
0.196358,1.3863249
0.19636,1.3863249
0.196362,1.3863249
0.196364,1.3863249
0.196366,1.3863249
0.196368,1.3863249
0.19637,1.3863249
0.196372,1.3863249
0.196374,1.3863249
0.196376,1.3863249
0.196378,1.3863249
0.19638,1.3863249
0.196382,1.3863249
0.196384,1.3863249
0.196386,1.3863249
0.196388,1.3863249
0.19639,1.3863249
0.196392,1.3863249
0.196394,1.3863249
0.196396,1.3863249
0.196398,1.3863249
0.1964,1.3863249
0.196402,1.3863249
0.196404,1.3863249
0.196406,1.3863249
0.196408,1.3863249
0.19641,1.3863249
0.196412,1.3863249
0.196414,1.3863249
0.196416,1.3863249
0.196418,1.3863249
0.19642,1.3863249
0.196422,1.3863249
0.19642399,1.3863249
0.196426,1.3863249
0.196428,1.3863249
0.19643,1.3863249
0.196432,1.3863249
0.196434,1.3863249
0.196436,1.3863249
0.196438,1.3863249
0.19644,1.3863249
0.196442,1.3863249
0.196444,1.3863249
0.196446,1.3863249
0.196448,1.3863249
0.19645,1.3863249
0.196452,1.3863249
0.196454,1.3863249
0.196456,1.3863249
0.196458,1.3863249
0.19646,1.3863249
0.196462,1.3863249
0.196464,1.3863249
0.196466,1.3863249
0.196468,1.3863249
0.19646999,1.3863249
0.196472,1.3863249
0.196474,1.3863249
0.196476,1.3863249
0.196478,1.3863249
0.19648,1.3863249
0.196482,1.3863249
0.196484,1.3863249
0.196486,1.3863249
0.196488,1.3863249
0.19649,1.3863249
0.196492,1.3863249
0.196494,1.3863249
0.196496,1.3863249
0.196498,1.3863249
0.1965,1.3863249
0.196502,1.3863249
0.196504,1.3863249
0.196506,1.3863249
0.196508,1.3863249
0.19651,1.3863249
0.196512,1.3863249
0.196514,1.3863249
0.19651599,1.3863249
0.196518,1.3863249
0.19652,1.3863249
0.196522,1.3863249
0.196524,1.3863249
0.196526,1.3863249
0.196528,1.3863249
0.19653,1.3863249
0.196532,1.3863249
0.196534,1.3863249
0.196536,1.3863249
0.196538,1.3863249
0.19654,1.3863249
0.196542,1.3863249
0.196544,1.3863249
0.196546,1.3863249
0.196548,1.3863249
0.19655,1.3863249
0.196552,1.3863249
0.196554,1.3863249
0.196556,1.3863249
0.196558,1.3863249
0.19656,1.3863249
0.19656199,1.3863249
0.196564,1.3863249
0.196566,1.3863249
0.196568,1.3863249
0.19657,1.3863249
0.196572,1.3863249
0.196574,1.3863249
0.196576,1.3863249
0.196578,1.3863249
0.19658,1.3863249
0.196582,1.3863249
0.196584,1.3863249
0.196586,1.3863249
0.196588,1.3863249
0.19659,1.3863249
0.196592,1.3863249
0.196594,1.3863249
0.196596,1.3863249
0.196598,1.3863249
0.1966,1.3863249
0.196602,1.3863249
0.196604,1.3863249
0.196606,1.3863249
0.196608,1.3863249
0.19661,1.3863249
0.196612,1.3863249
0.196614,1.3863249
0.196616,1.3863249
0.196618,1.3863249
0.19662,1.3863249
0.196622,1.3863249
0.196624,1.3863249
0.196626,1.3863249
0.196628,1.3863249
0.19663,1.3863249
0.196632,1.3863249
0.196634,1.3863249
0.196636,1.3863249
0.196638,1.3863249
0.19664,1.3863249
0.196642,1.3863249
0.196644,1.3863249
0.196646,1.3863249
0.196648,1.3863249
0.19665,1.3863249
0.196652,1.3863249
0.196654,1.3863249
0.196656,1.3863249
0.196658,1.3863249
0.19666,1.3863249
0.196662,2.357184
0.196664,2.6345725
0.196666,2.6345725
0.196668,2.6345725
0.19667,2.6345725
0.19667199,2.6345725
0.196674,2.6345725
0.196676,2.6345725
0.196678,2.6345725
0.19668,2.6808028
0.196682,2.6808028
0.196684,2.6808028
0.196686,2.6808028
0.196688,2.6808028
0.19669,2.6808028
0.196692,2.6808028
0.196694,2.6808028
0.196696,2.6808028
0.196698,2.6808028
0.1967,2.6808028
0.196702,2.6808028
0.196704,2.6808028
0.196706,2.6808028
0.196708,2.6808028
0.19671,2.6808028
0.196712,2.6808028
0.196714,2.6808028
0.196716,2.6808028
0.19671799,2.6808028
0.19672,2.6808028
0.196722,2.6808028
0.196724,2.6808028
0.196726,2.6808028
0.196728,2.6808028
0.19673,2.6808028
0.196732,2.6808028
0.196734,2.6808028
0.196736,2.6808028
0.196738,2.6808028
0.19674,2.6808028
0.196742,2.6808028
0.196744,2.6808028
0.196746,2.6808028
0.196748,2.6808028
0.19675,2.6808028
0.196752,2.6808028
0.196754,2.6808028
0.196756,2.6808028
0.196758,2.6808028
0.19676,2.6808028
0.196762,2.6808028
0.19676399,2.6808028
0.196766,2.6808028
0.196768,2.6808028
0.19677,2.6808028
0.196772,2.6808028
0.196774,2.6808028
0.196776,2.6808028
0.196778,2.6808028
0.19678,2.6808028
0.196782,2.6808028
0.196784,2.6808028
0.196786,2.6808028
0.196788,2.6808028
0.19679,2.6808028
0.196792,2.6808028
0.196794,2.6808028
0.196796,2.6808028
0.196798,2.6808028
0.1968,2.6808028
0.196802,2.6808028
0.196804,2.6808028
0.196806,2.6808028
0.196808,2.6808028
0.19680999,2.6808028
0.196812,2.6808028
0.196814,2.6808028
0.196816,2.6808028
0.196818,2.6808028
0.19682,2.6808028
0.196822,2.6808028
0.196824,2.6808028
0.196826,2.6808028
0.196828,2.6808028
0.19683,2.6808028
0.196832,2.6808028
0.196834,2.6808028
0.196836,2.6808028
0.196838,2.6808028
0.19684,2.6808028
0.196842,2.6808028
0.196844,2.6808028
0.196846,2.6808028
0.196848,2.6808028
0.19685,2.6808028
0.196852,2.6808028
0.196854,2.6808028
0.19685599,2.6808028
0.196858,2.6808028
0.19686,2.6808028
0.196862,2.6808028
0.196864,2.6808028
0.196866,2.6808028
0.196868,2.6808028
0.19687,2.6808028
0.196872,2.6808028
0.196874,2.6808028
0.196876,2.6808028
0.196878,2.6808028
0.19688,2.6808028
0.196882,2.6808028
0.196884,2.6808028
0.196886,2.6808028
0.196888,2.6808028
0.19689,2.6808028
0.196892,2.6808028
0.196894,2.6808028
0.196896,2.6808028
0.196898,2.6808028
0.1969,2.6808028
0.196902,2.6808028
0.196904,2.6808028
0.196906,2.6808028
0.196908,2.6808028
0.19691,2.6808028
0.196912,2.6808028
0.196914,2.6808028
0.196916,2.6808028
0.196918,2.6808028
0.19692,2.6808028
0.196922,2.6808028
0.196924,2.6808028
0.196926,2.6808028
0.196928,2.6808028
0.19693,2.6808028
0.196932,2.6808028
0.196934,2.6808028
0.196936,2.6808028
0.196938,2.6808028
0.19694,2.6808028
0.196942,2.6808028
0.196944,2.6808028
0.196946,2.6808028
0.196948,2.6808028
0.19695,2.6808028
0.196952,2.6808028
0.196954,2.6808028
0.196956,2.6808028
0.196958,2.6808028
0.19696,2.6808028
0.196962,2.6808028
0.196964,2.6808028
0.19696599,2.6808028
0.196968,2.6808028
0.19697,2.6808028
0.196972,2.6808028
0.196974,2.6808028
0.196976,2.6808028
0.196978,2.6808028
0.19698,2.6808028
0.196982,2.6808028
0.196984,2.6808028
0.196986,2.6808028
0.196988,3.2818112
0.19699,3.92905
0.196992,3.92905
0.196994,3.92905
0.196996,3.92905
0.196998,3.9752812
0.197,3.9752812
0.197002,3.9752812
0.197004,3.9752812
0.197006,3.9752812
0.197008,3.9752812
0.19701,3.9752812
0.19701199,3.9752812
0.197014,3.9752812
0.197016,3.9752812
0.197018,3.9752812
0.19702,3.9752812
0.197022,3.9752812
0.197024,3.9752812
0.197026,3.9752812
0.197028,3.9752812
0.19703,3.9752812
0.197032,3.9752812
0.197034,3.9752812
0.197036,3.9752812
0.197038,3.9752812
0.19704,3.9752812
0.197042,3.9752812
0.197044,3.9752812
0.197046,3.9752812
0.197048,3.9752812
0.19705,3.9752812
0.197052,3.9752812
0.197054,3.9752812
0.197056,3.9752812
0.19705799,3.9752812
0.19706,3.9752812
0.197062,3.9752812
0.197064,3.9752812
0.197066,3.9752812
0.197068,3.9752812
0.19707,3.9752812
0.197072,3.9752812
0.197074,3.9752812
0.197076,3.9752812
0.197078,3.9752812
0.19708,3.9752812
0.197082,3.9752812
0.197084,3.9752812
0.197086,3.9752812
0.197088,3.9752812
0.19709,3.9752812
0.197092,3.9752812
0.197094,3.9752812
0.197096,3.9752812
0.197098,3.9752812
0.1971,3.9752812
0.197102,3.9752812
0.19710399,3.9752812
0.197106,3.9752812
0.197108,3.9752812
0.19711,3.9752812
0.197112,3.9752812
0.197114,3.9752812
0.197116,3.9752812
0.197118,3.9752812
0.19712,3.9752812
0.197122,3.9752812
0.197124,3.9752812
0.197126,3.9752812
0.197128,3.9752812
0.19713,3.9752812
0.197132,3.9752812
0.197134,3.9752812
0.197136,3.9752812
0.197138,3.9752812
0.19714,3.9752812
0.197142,3.9752812
0.197144,3.9752812
0.197146,3.9752812
0.197148,3.9752812
0.19715,3.9752812
0.197152,3.9752812
0.197154,3.9752812
0.197156,3.9752812
0.197158,3.9752812
0.19716,3.9752812
0.197162,3.9752812
0.197164,3.9752812
0.197166,3.9752812
0.197168,3.9752812
0.19717,3.9752812
0.197172,3.9752812
0.197174,3.9752812
0.197176,3.9752812
0.197178,3.9752812
0.19718,3.9752812
0.197182,3.9752812
0.197184,3.9752812
0.197186,3.9752812
0.197188,3.9752812
0.19719,3.9752812
0.197192,3.9752812
0.197194,3.9752812
0.197196,3.9752812
0.197198,3.9752812
0.1972,3.9752812
0.197202,3.9752812
0.197204,3.9752812
0.197206,3.9752812
0.197208,3.9752812
0.19721,3.9752812
0.197212,3.9752812
0.19721399,3.9752812
0.197216,3.9752812
0.197218,3.9752812
0.19722,3.9752812
0.197222,3.9752812
0.197224,3.9752812
0.197226,3.9752812
0.197228,3.9752812
0.19723,3.9752812
0.197232,3.9752812
0.197234,3.9752812
0.197236,3.9752812
0.197238,3.9752812
0.19724,3.9752812
0.197242,3.9752812
0.197244,3.9752812
0.197246,3.9752812
0.197248,3.9752812
0.19725,3.9752812
0.197252,3.9752812
0.197254,3.9752812
0.197256,3.9752812
0.197258,3.9752812
0.19725999,3.9752812
0.197262,3.9752812
0.197264,3.9752812
0.197266,3.9752812
0.197268,3.9752812
0.19727,3.9752812
0.197272,3.9752812
0.197274,3.9752812
0.197276,3.9752812
0.197278,3.9752812
0.19728,3.9752812
0.197282,3.9752812
0.197284,3.9752812
0.197286,3.9752812
0.197288,3.9752812
0.19729,3.9752812
0.197292,3.9752812
0.197294,3.9752812
0.197296,3.9752812
0.197298,3.9752812
0.1973,3.9752812
0.197302,3.9752812
0.197304,3.9752812
0.19730599,3.9752812
0.197308,3.9752812
0.19731,3.9752812
0.197312,3.9752812
0.197314,3.9752812
0.197316,3.9752812
0.197318,3.9752812
0.19732,3.9752812
0.197322,3.9752812
0.197324,3.9752812
0.197326,3.9752812
0.197328,3.9752812
0.19733,3.9752812
0.197332,3.9752812
0.197334,3.9752812
0.197336,3.9752812
0.197338,3.9752812
0.19734,3.9752812
0.197342,3.9752812
0.197344,3.9752812
0.197346,3.9752812
0.197348,3.9752812
0.19735,3.9752812
0.19735199,3.9752812
0.197354,3.9752812
0.197356,3.9752812
0.197358,3.9752812
0.19736,3.9752812
0.197362,3.9752812
0.197364,3.9752812
0.197366,3.9752812
0.197368,3.9752812
0.19737,3.9752812
0.197372,3.9752812
0.197374,3.9752812
0.197376,3.9752812
0.197378,3.9752812
0.19738,3.9752812
0.197382,3.9752812
0.197384,3.9752812
0.197386,3.9752812
0.197388,3.9752812
0.19739,3.9752812
0.197392,3.9752812
0.197394,3.9752812
0.197396,3.9752812
0.197398,3.9752812
0.1974,3.9752812
0.197402,3.9752812
0.197404,3.9752812
0.197406,3.9752812
0.197408,3.9752812
0.19741,3.9752812
0.197412,3.9752812
0.197414,3.9752812
0.197416,3.9752812
0.197418,3.9752812
0.19742,3.9752812
0.197422,3.9752812
0.197424,3.9752812
0.197426,3.9752812
0.197428,3.9752812
0.19743,3.9752812
0.197432,3.9752812
0.197434,3.9752812
0.197436,3.9752812
0.197438,3.9752812
0.19744,3.9752812
0.197442,3.9752812
0.197444,3.9752812
0.197446,3.9752812
0.197448,3.9752812
0.19745,3.9752812
0.197452,3.9752812
0.197454,3.9752812
0.197456,3.9752812
0.197458,3.9752812
0.19746,3.9752812
0.19746199,3.9752812
0.197464,3.9752812
0.197466,3.9752812
0.197468,3.9752812
0.19747,3.9752812
0.197472,3.9752812
0.197474,3.9752812
0.197476,3.9752812
0.197478,3.9752812
0.19748,3.9752812
0.197482,3.9752812
0.197484,3.9752812
0.197486,3.9752812
0.197488,3.9752812
0.19749,3.9752812
0.197492,3.9752812
0.197494,3.9752812
0.197496,3.9752812
0.197498,3.9752812
0.1975,3.9752812
0.197502,3.9752812
0.197504,3.9752812
0.197506,3.9752812
0.19750799,3.9752812
0.19751,3.9752812
0.197512,3.9752812
0.197514,3.9752812
0.197516,3.9752812
0.197518,3.9752812
0.19752,3.9752812
0.197522,3.9752812
0.197524,3.9752812
0.197526,3.9752812
0.197528,3.9752812
0.19753,3.9752812
0.197532,3.9752812
0.197534,3.9752812
0.197536,3.9752812
0.197538,3.9752812
0.19754,3.9752812
0.197542,3.9752812
0.197544,3.9752812
0.197546,3.9752812
0.197548,3.9752812
0.19755,3.9752812
0.197552,3.9752812
0.19755399,3.9752812
0.197556,3.9752812
0.197558,3.9752812
0.19756,3.9752812
0.197562,3.9752812
0.197564,3.9752812
0.197566,3.9752812
0.197568,3.9752812
0.19757,3.9752812
0.197572,3.9752812
0.197574,3.9752812
0.197576,3.9752812
0.197578,3.9752812
0.19758,3.9752812
0.197582,3.9752812
0.197584,3.9752812
0.197586,3.9752812
0.197588,3.9752812
0.19759,3.9752812
0.197592,3.9752812
0.197594,3.9752812
0.197596,3.9752812
0.197598,3.9752812
0.19759999,3.9752812
0.197602,3.9752812
0.197604,3.9752812
0.197606,3.9752812
0.197608,3.9752812
0.19761,3.9752812
0.197612,3.9752812
0.197614,3.9752812
0.197616,3.9752812
0.197618,3.9752812
0.19762,3.9752812
0.197622,3.9752812
0.197624,3.9752812
0.197626,3.9752812
0.197628,3.9752812
0.19763,3.9752812
0.197632,3.9752812
0.197634,3.9752812
0.197636,3.9752812
0.197638,3.9752812
0.19764,3.9752812
0.197642,3.9752812
0.197644,3.9752812
0.197646,3.9752812
0.197648,3.9752812
0.19765,3.9752812
0.197652,3.9752812
0.197654,3.9752812
0.197656,3.9752812
0.197658,3.9752812
0.19766,3.9752812
0.197662,3.9752812
0.197664,3.9752812
0.197666,3.9752812
0.197668,3.9752812
0.19767,3.9752812
0.197672,3.9752812
0.197674,3.9752812
0.197676,3.9752812
0.197678,3.9752812
0.19768,3.9752812
0.197682,3.9752812
0.197684,3.9752812
0.197686,3.9752812
0.197688,3.9752812
0.19769,3.9752812
0.197692,3.9752812
0.197694,3.9752812
0.197696,3.9752812
0.197698,3.9752812
0.1977,3.9752812
0.197702,3.9752812
0.197704,3.9752812
0.197706,3.9752812
0.197708,3.9752812
0.19770999,3.9752812
0.197712,3.9752812
0.197714,3.9752812
0.197716,3.9752812
0.197718,3.9752812
0.19772,3.9752812
0.197722,3.9752812
0.197724,3.9752812
0.197726,3.9752812
0.197728,3.9752812
0.19773,3.9752812
0.197732,3.9752812
0.197734,3.9752812
0.197736,3.9752812
0.197738,3.9752812
0.19774,3.9752812
0.197742,3.9752812
0.197744,3.9752812
0.197746,3.9752812
0.197748,3.9752812
0.19775,3.9752812
0.197752,3.9752812
0.197754,3.9752812
0.19775599,3.9752812
0.197758,3.9752812
0.19776,3.9752812
0.197762,3.9752812
0.197764,3.9752812
0.197766,3.9752812
0.197768,3.9752812
0.19777,3.9752812
0.197772,3.9752812
0.197774,3.9752812
0.197776,3.9752812
0.197778,3.9752812
0.19778,3.9752812
0.197782,3.9752812
0.197784,3.9752812
0.197786,3.9752812
0.197788,3.9752812
0.19779,3.9752812
0.197792,3.9752812
0.197794,3.9752812
0.197796,3.9752812
0.197798,3.9752812
0.1978,3.9752812
0.19780199,3.9752812
0.197804,3.9752812
0.197806,3.9752812
0.197808,3.9752812
0.19781,3.9752812
0.197812,3.9752812
0.197814,3.9752812
0.197816,3.9752812
0.197818,3.9752812
0.19782,3.9752812
0.197822,3.9752812
0.197824,3.9752812
0.197826,3.9752812
0.197828,3.9752812
0.19783,3.9752812
0.197832,3.9752812
0.197834,3.9752812
0.197836,3.9752812
0.197838,3.9752812
0.19784,3.9752812
0.197842,3.9752812
0.197844,3.9752812
0.197846,3.9752812
0.19784799,3.9752812
0.19785,3.9752812
0.197852,3.9752812
0.197854,3.9752812
0.197856,3.9752812
0.197858,3.9752812
0.19786,3.9752812
0.197862,3.9752812
0.197864,3.9752812
0.197866,3.9752812
0.197868,3.9752812
0.19787,3.9752812
0.197872,3.9752812
0.197874,3.9752812
0.197876,3.9752812
0.197878,3.9752812
0.19788,3.9752812
0.197882,3.9752812
0.197884,3.9752812
0.197886,3.9752812
0.197888,3.9752812
0.19789,3.9752812
0.197892,3.9752812
0.19789399,3.9752812
0.197896,3.9752812
0.197898,3.9752812
0.1979,3.9752812
0.197902,3.9752812
0.197904,3.9752812
0.197906,3.9752812
0.197908,3.9752812
0.19791,3.9752812
0.197912,3.9752812
0.197914,3.9752812
0.197916,3.9752812
0.197918,3.9752812
0.19792,3.9752812
0.197922,3.9752812
0.197924,3.9752812
0.197926,3.9752812
0.197928,3.9752812
0.19793,3.9752812
0.197932,3.9752812
0.197934,3.9752812
0.197936,3.9752812
0.197938,3.9752812
0.19794,3.9752812
0.197942,3.9752812
0.197944,3.9752812
0.197946,3.9752812
0.197948,3.9752812
0.19795,3.9752812
0.197952,3.9752812
0.197954,3.9752812
0.197956,3.9752812
0.197958,3.9752812
0.19796,3.9752812
0.197962,3.9752812
0.197964,3.9752812
0.197966,3.9752812
0.197968,3.9752812
0.19797,3.9752812
0.197972,3.9752812
0.197974,3.9752812
0.197976,3.9752812
0.197978,3.9752812
0.19798,3.9752812
0.197982,3.9752812
0.197984,3.9752812
0.197986,3.9752812
0.197988,3.9752812
0.19799,3.9752812
0.197992,3.9752812
0.197994,3.9752812
0.197996,3.9752812
0.197998,3.9752812
0.198,3.9752812
0.198002,3.9752812
0.19800399,3.9752812
0.198006,3.9752812
0.198008,3.9752812
0.19801,3.9752812
0.198012,3.9752812
0.198014,3.9752812
0.198016,3.9752812
0.198018,3.9752812
0.19802,3.9752812
0.198022,3.9752812
0.198024,3.9752812
0.198026,3.9752812
0.198028,3.9752812
0.19803,3.9752812
0.198032,3.9752812
0.198034,3.9752812
0.198036,3.9752812
0.198038,3.9752812
0.19804,3.9752812
0.198042,3.9752812
0.198044,3.9752812
0.198046,3.9752812
0.198048,3.9752812
0.19804999,3.9752812
0.198052,3.9752812
0.198054,3.9752812
0.198056,3.9752812
0.198058,3.9752812
0.19806,3.9752812
0.198062,3.9752812
0.198064,3.9752812
0.198066,3.9752812
0.198068,3.9752812
0.19807,3.9752812
0.198072,3.9752812
0.198074,3.9752812
0.198076,3.9752812
0.198078,3.9752812
0.19808,3.9752812
0.198082,3.9752812
0.198084,3.9752812
0.198086,3.9752812
0.198088,3.9752812
0.19809,3.9752812
0.198092,3.9752812
0.198094,3.9752812
0.19809599,3.9752812
0.198098,3.9752812
0.1981,3.9752812
0.198102,3.9752812
0.198104,3.9752812
0.198106,3.9752812
0.198108,3.9752812
0.19811,3.9752812
0.198112,3.9752812
0.198114,3.9752812
0.198116,3.9752812
0.198118,3.9752812
0.19812,3.9752812
0.198122,3.9752812
0.198124,3.9752812
0.198126,3.9752812
0.198128,3.9752812
0.19813,3.9752812
0.198132,2.8194976
0.198134,2.727035
0.198136,2.727035
0.198138,2.727035
0.19814,2.727035
0.19814199,2.727035
0.198144,2.727035
0.198146,2.727035
0.198148,2.727035
0.19815,2.727035
0.198152,2.6808028
0.198154,2.6808028
0.198156,2.6808028
0.198158,2.6808028
0.19816,2.6808028
0.198162,2.6808028
0.198164,2.6808028
0.198166,2.6808028
0.198168,2.6808028
0.19817,2.6808028
0.198172,2.6808028
0.198174,2.6808028
0.198176,2.6808028
0.198178,2.6808028
0.19818,2.6808028
0.198182,2.6808028
0.198184,2.6808028
0.198186,2.6808028
0.198188,2.6808028
0.19819,2.6808028
0.198192,2.6808028
0.198194,2.6808028
0.198196,2.6808028
0.198198,2.6808028
0.1982,2.6808028
0.198202,2.6808028
0.198204,2.6808028
0.198206,2.6808028
0.198208,2.6808028
0.19821,2.6808028
0.198212,2.6808028
0.198214,2.6808028
0.198216,2.6808028
0.198218,2.6808028
0.19822,2.6808028
0.198222,2.6808028
0.198224,2.6808028
0.198226,2.6808028
0.198228,2.6808028
0.19823,2.6808028
0.198232,2.6808028
0.198234,2.6808028
0.198236,2.6808028
0.198238,2.6808028
0.19824,2.6808028
0.198242,2.6808028
0.198244,2.6808028
0.198246,2.6808028
0.198248,2.6808028
0.19825,2.6808028
0.19825199,2.6808028
0.198254,2.6808028
0.198256,2.6808028
0.198258,2.6808028
0.19826,2.6808028
0.198262,2.6808028
0.198264,2.6808028
0.198266,2.6808028
0.198268,2.6808028
0.19827,2.6808028
0.198272,2.6808028
0.198274,2.6808028
0.198276,2.6808028
0.198278,2.6808028
0.19828,2.6808028
0.198282,2.6808028
0.198284,2.6808028
0.198286,2.6808028
0.198288,2.6808028
0.19829,2.6808028
0.198292,2.6808028
0.198294,2.6808028
0.198296,2.6808028
0.19829799,2.6808028
0.1983,2.6808028
0.198302,2.6808028
0.198304,2.6808028
0.198306,2.6808028
0.198308,2.6808028
0.19831,2.6808028
0.198312,2.6808028
0.198314,2.6808028
0.198316,2.6808028
0.198318,2.6808028
0.19832,2.6808028
0.198322,2.6808028
0.198324,2.6808028
0.198326,2.6808028
0.198328,2.6808028
0.19833,2.6808028
0.198332,2.6808028
0.198334,2.6808028
0.198336,2.6808028
0.198338,2.6808028
0.19834,2.6808028
0.198342,2.6808028
0.19834399,2.6808028
0.198346,2.6808028
0.198348,2.6808028
0.19835,2.6808028
0.198352,2.6808028
0.198354,2.6808028
0.198356,2.6808028
0.198358,2.6808028
0.19836,2.6808028
0.198362,2.6808028
0.198364,2.6808028
0.198366,2.6808028
0.198368,2.6808028
0.19837,2.6808028
0.198372,2.6808028
0.198374,2.6808028
0.198376,2.6808028
0.198378,2.6808028
0.19838,2.6808028
0.198382,2.6808028
0.198384,2.6808028
0.198386,2.6808028
0.198388,2.6808028
0.19838999,2.6808028
0.198392,2.6808028
0.198394,2.6808028
0.198396,2.6808028
0.198398,2.6808028
0.1984,2.6808028
0.198402,2.6808028
0.198404,2.6808028
0.198406,2.6808028
0.198408,2.6808028
0.19841,2.6808028
0.198412,2.6808028
0.198414,2.6808028
0.198416,2.6808028
0.198418,2.6808028
0.19842,2.6808028
0.198422,2.6808028
0.198424,2.6808028
0.198426,2.6808028
0.198428,2.6808028
0.19843,2.6808028
0.198432,2.6808028
0.198434,2.6808028
0.198436,2.6808028
0.198438,2.6808028
0.19844,2.6808028
0.198442,2.6808028
0.198444,2.6808028
0.198446,2.6808028
0.198448,2.6808028
0.19845,2.6808028
0.198452,2.6808028
0.198454,2.6808028
0.198456,2.6808028
0.198458,1.7099442
0.19846,1.4325566
0.198462,1.4325566
0.198464,1.4325566
0.198466,1.4325566
0.198468,1.4325566
0.19847,1.4325566
0.198472,1.4325566
0.198474,1.4325566
0.198476,1.4325566
0.198478,1.4325566
0.19848,1.4325566
0.198482,1.4325566
0.198484,1.4325566
0.198486,1.4325566
0.198488,1.4325566
0.19849,1.4325566
0.198492,1.4325566
0.198494,1.4325566
0.198496,1.4325566
0.198498,1.3863249
0.19849999,1.3863249
0.198502,1.3863249
0.198504,1.3863249
0.198506,1.3863249
0.198508,1.3863249
0.19851,1.3863249
0.198512,1.3863249
0.198514,1.3863249
0.198516,1.3863249
0.198518,1.3863249
0.19852,1.3863249
0.198522,1.3863249
0.198524,1.3863249
0.198526,1.3863249
0.198528,1.3863249
0.19853,1.3863249
0.198532,1.3863249
0.198534,1.3863249
0.198536,1.3863249
0.198538,1.3863249
0.19854,1.3863249
0.198542,1.3863249
0.198544,1.3863249
0.19854599,1.3863249
0.198548,1.3863249
0.19855,1.3863249
0.198552,1.3863249
0.198554,1.3863249
0.198556,1.3863249
0.198558,1.3863249
0.19856,1.3863249
0.198562,1.3863249
0.198564,1.3863249
0.198566,1.3863249
0.198568,1.3863249
0.19857,1.3863249
0.198572,1.3863249
0.198574,1.3863249
0.198576,1.3863249
0.198578,1.3863249
0.19858,1.3863249
0.198582,1.3863249
0.198584,1.3863249
0.198586,1.3863249
0.198588,1.3863249
0.19859,1.3863249
0.19859199,1.3863249
0.198594,1.3863249
0.198596,1.3863249
0.198598,1.3863249
0.1986,1.3863249
0.198602,1.3863249
0.198604,1.3863249
0.198606,1.3863249
0.198608,1.3863249
0.19861,1.3863249
0.198612,1.3863249
0.198614,1.3863249
0.198616,1.3863249
0.198618,1.3863249
0.19862,1.3863249
0.198622,1.3863249
0.198624,1.3863249
0.198626,1.3863249
0.198628,1.3863249
0.19863,1.3863249
0.198632,1.3863249
0.198634,1.3863249
0.198636,1.3863249
0.19863799,1.3863249
0.19864,1.3863249
0.198642,1.3863249
0.198644,1.3863249
0.198646,1.3863249
0.198648,1.3863249
0.19865,1.3863249
0.198652,1.3863249
0.198654,1.3863249
0.198656,1.3863249
0.198658,1.3863249
0.19866,1.3863249
0.198662,1.3863249
0.198664,1.3863249
0.198666,1.3863249
0.198668,1.3863249
0.19867,1.3863249
0.198672,1.3863249
0.198674,1.3863249
0.198676,1.3863249
0.198678,1.3863249
0.19868,1.3863249
0.198682,1.3863249
0.198684,1.3863249
0.198686,1.3863249
0.198688,1.3863249
0.19869,1.3863249
0.198692,1.3863249
0.198694,1.3863249
0.198696,1.3863249
0.198698,1.3863249
0.1987,1.3863249
0.198702,1.3863249
0.198704,1.3863249
0.198706,1.3863249
0.198708,1.3863249
0.19871,1.3863249
0.198712,1.3863249
0.198714,1.3863249
0.198716,1.3863249
0.198718,1.3863249
0.19872,1.3863249
0.198722,1.3863249
0.198724,1.3863249
0.198726,1.3863249
0.198728,1.3863249
0.19873,1.3863249
0.198732,1.3863249
0.198734,1.3863249
0.198736,1.3863249
0.198738,1.3863249
0.19874,1.3863249
0.198742,1.3863249
0.198744,1.3863249
0.198746,1.3863249
0.19874799,1.3863249
0.19875,1.3863249
0.198752,1.3863249
0.198754,1.3863249
0.198756,1.3863249
0.198758,1.3863249
0.19876,1.3863249
0.198762,1.3863249
0.198764,1.3863249
0.198766,1.3863249
0.198768,1.3863249
0.19877,1.3863249
0.198772,1.3863249
0.198774,1.3863249
0.198776,1.3863249
0.198778,1.3863249
0.19878,1.3863249
0.198782,1.3863249
0.198784,1.3863249
0.198786,1.3863249
0.198788,1.3863249
0.19879,1.3863249
0.198792,1.3863249
0.19879399,1.3863249
0.198796,1.3863249
0.198798,1.3863249
0.1988,1.3863249
0.198802,1.3863249
0.198804,1.3863249
0.198806,1.3863249
0.198808,1.3863249
0.19881,1.3863249
0.198812,0.27677202
0.198814,0.13807821
0.198816,0.13807821
0.198818,0.13807821
0.19882,0.13807821
0.198822,0.13807821
0.198824,0.13807821
0.198826,0.13807821
0.198828,0.13807821
0.19883,0.13807821
0.198832,0.13807821
0.198834,0.13807821
0.198836,0.091846466
0.198838,0.13807821
0.19883999,0.091846466
0.198842,0.091846466
0.198844,0.091846466
0.198846,0.091846466
0.198848,0.091846466
0.19885,0.091846466
0.198852,0.091846466
0.198854,0.091846466
0.198856,0.091846466
0.198858,0.091846466
0.19886,0.091846466
0.198862,0.091846466
0.198864,0.091846466
0.198866,0.091846466
0.198868,0.091846466
0.19887,0.091846466
0.198872,0.091846466
0.198874,0.091846466
0.198876,0.091846466
0.198878,0.091846466
0.19888,0.091846466
0.198882,0.091846466
0.198884,0.091846466
0.19888599,0.091846466
0.198888,0.091846466
0.19889,0.091846466
0.198892,0.091846466
0.198894,0.091846466
0.198896,0.091846466
0.198898,0.091846466
0.1989,0.091846466
0.198902,0.091846466
0.198904,0.091846466
0.198906,0.091846466
0.198908,0.091846466
0.19891,0.091846466
0.198912,0.091846466
0.198914,0.091846466
0.198916,0.091846466
0.198918,0.091846466
0.19892,0.091846466
0.198922,0.091846466
0.198924,0.091846466
0.198926,0.091846466
0.198928,0.091846466
0.19893,0.091846466
0.19893199,0.091846466
0.198934,0.091846466
0.198936,0.091846466
0.198938,0.091846466
0.19894,0.091846466
0.198942,0.091846466
0.198944,0.091846466
0.198946,0.091846466
0.198948,0.091846466
0.19895,0.091846466
0.198952,0.091846466
0.198954,0.091846466
0.198956,0.091846466
0.198958,0.091846466
0.19896,0.091846466
0.198962,0.091846466
0.198964,0.091846466
0.198966,0.091846466
0.198968,0.091846466
0.19897,0.091846466
0.198972,0.091846466
0.198974,0.091846466
0.198976,0.091846466
0.198978,0.091846466
0.19898,0.091846466
0.198982,0.091846466
0.198984,0.091846466
0.198986,0.091846466
0.198988,0.091846466
0.19899,0.091846466
0.198992,0.091846466
0.198994,0.091846466
0.19899599,0.091846466
0.198998,0.091846466
0.199,0.091846466
0.199002,0.091846466
0.199004,0.091846466
0.199006,0.091846466
0.199008,0.091846466
0.19901,0.091846466
0.199012,0.091846466
0.199014,0.091846466
0.199016,0.091846466
0.199018,0.091846466
0.19902,0.091846466
0.199022,0.091846466
0.199024,0.091846466
0.199026,0.091846466
0.199028,0.091846466
0.19903,0.091846466
0.199032,0.091846466
0.199034,0.091846466
0.199036,0.091846466
0.199038,0.091846466
0.19904,0.091846466
0.19904199,0.091846466
0.199044,0.091846466
0.199046,0.091846466
0.199048,0.091846466
0.19905,0.091846466
0.199052,0.091846466
0.199054,0.091846466
0.199056,0.091846466
0.199058,0.091846466
0.19906,0.091846466
0.199062,0.091846466
0.199064,0.091846466
0.199066,0.091846466
0.199068,0.091846466
0.19907,0.091846466
0.199072,0.091846466
0.199074,0.091846466
0.199076,0.091846466
0.199078,0.091846466
0.19908,0.091846466
0.199082,0.091846466
0.199084,0.091846466
0.199086,0.091846466
0.19908799,0.091846466
0.19909,0.091846466
0.199092,0.091846466
0.199094,0.091846466
0.199096,0.091846466
0.199098,0.091846466
0.1991,0.091846466
0.199102,0.091846466
0.199104,0.091846466
0.199106,0.091846466
0.199108,0.091846466
0.19911,0.091846466
0.199112,0.091846466
0.199114,0.091846466
0.199116,0.091846466
0.199118,0.091846466
0.19912,0.091846466
0.199122,0.091846466
0.199124,0.091846466
0.199126,0.091846466
0.199128,0.091846466
0.19913,0.091846466
0.199132,0.091846466
0.19913399,0.091846466
0.199136,0.091846466
0.199138,0.091846466
0.19914,0.091846466
0.199142,0.091846466
0.199144,0.091846466
0.199146,0.091846466
0.199148,0.091846466
0.19915,0.091846466
0.199152,0.091846466
0.199154,0.091846466
0.199156,0.091846466
0.199158,0.091846466
0.19916,0.091846466
0.199162,0.091846466
0.199164,0.091846466
0.199166,0.091846466
0.199168,0.091846466
0.19917,0.091846466
0.199172,0.091846466
0.199174,0.091846466
0.199176,0.091846466
0.199178,0.091846466
0.19917999,0.091846466
0.199182,0.091846466
0.199184,0.091846466
0.199186,0.091846466
0.199188,0.091846466
0.19919,0.091846466
0.199192,0.091846466
0.199194,0.091846466
0.199196,0.091846466
0.199198,0.091846466
0.1992,0.091846466
0.199202,0.091846466
0.199204,0.091846466
0.199206,0.091846466
0.199208,0.091846466
0.19921,0.091846466
0.199212,0.091846466
0.199214,0.091846466
0.199216,0.091846466
0.199218,0.091846466
0.19922,0.091846466
0.199222,0.091846466
0.199224,0.091846466
0.199226,0.091846466
0.199228,0.091846466
0.19923,0.091846466
0.199232,0.091846466
0.199234,0.091846466
0.199236,0.091846466
0.199238,0.091846466
0.19924,0.091846466
0.199242,0.091846466
0.199244,0.091846466
0.199246,0.091846466
0.199248,0.091846466
0.19925,0.091846466
0.199252,0.091846466
0.199254,0.091846466
0.199256,0.091846466
0.199258,0.091846466
0.19926,0.091846466
0.199262,0.091846466
0.199264,0.091846466
0.199266,0.091846466
0.199268,0.091846466
0.19927,0.091846466
0.199272,0.091846466
0.199274,0.091846466
0.199276,0.091846466
0.199278,0.091846466
0.19928,0.091846466
0.199282,0.091846466
0.199284,0.091846466
0.199286,0.091846466
0.199288,0.091846466
0.19928999,0.091846466
0.199292,0.091846466
0.199294,0.091846466
0.199296,0.091846466
0.199298,0.091846466
0.1993,0.091846466
0.199302,0.091846466
0.199304,0.091846466
0.199306,0.091846466
0.199308,0.091846466
0.19931,0.091846466
0.199312,0.091846466
0.199314,0.091846466
0.199316,0.091846466
0.199318,0.091846466
0.19932,0.091846466
0.199322,0.091846466
0.199324,0.091846466
0.199326,0.091846466
0.199328,0.091846466
0.19933,0.091846466
0.199332,0.091846466
0.199334,0.091846466
0.19933599,0.091846466
0.199338,0.091846466
0.19934,0.091846466
0.199342,0.091846466
0.199344,0.091846466
0.199346,0.091846466
0.199348,0.091846466
0.19935,0.091846466
0.199352,0.091846466
0.199354,0.091846466
0.199356,0.091846466
0.199358,0.091846466
0.19936,0.091846466
0.199362,0.091846466
0.199364,0.091846466
0.199366,0.091846466
0.199368,0.091846466
0.19937,0.091846466
0.199372,0.091846466
0.199374,0.091846466
0.199376,0.091846466
0.199378,0.091846466
0.19938,0.091846466
0.19938199,0.091846466
0.199384,0.091846466
0.199386,0.091846466
0.199388,0.091846466
0.19939,0.091846466
0.199392,0.091846466
0.199394,0.091846466
0.199396,0.091846466
0.199398,0.091846466
0.1994,0.091846466
0.199402,0.091846466
0.199404,0.091846466
0.199406,0.091846466
0.199408,0.091846466
0.19941,0.091846466
0.199412,0.091846466
0.199414,0.091846466
0.199416,0.091846466
0.199418,0.091846466
0.19942,0.091846466
0.199422,0.091846466
0.199424,0.091846466
0.199426,0.091846466
0.19942799,0.091846466
0.19943,0.091846466
0.199432,0.091846466
0.199434,0.091846466
0.199436,0.091846466
0.199438,0.091846466
0.19944,0.091846466
0.199442,0.091846466
0.199444,0.091846466
0.199446,0.091846466
0.199448,0.091846466
0.19945,0.091846466
0.199452,0.091846466
0.199454,0.091846466
0.199456,0.091846466
0.199458,0.091846466
0.19946,0.091846466
0.199462,0.091846466
0.199464,0.091846466
0.199466,0.091846466
0.199468,0.091846466
0.19947,0.091846466
0.199472,0.091846466
0.199474,0.091846466
0.199476,0.091846466
0.199478,0.091846466
0.19948,0.091846466
0.199482,0.091846466
0.199484,0.091846466
0.199486,0.091846466
0.199488,0.091846466
0.19949,0.091846466
0.199492,0.091846466
0.199494,0.091846466
0.199496,0.091846466
0.199498,0.091846466
0.1995,0.091846466
0.199502,0.091846466
0.199504,0.091846466
0.199506,0.091846466
0.199508,0.091846466
0.19951,0.091846466
0.199512,0.091846466
0.199514,0.091846466
0.199516,0.091846466
0.199518,0.091846466
0.19952,0.091846466
0.199522,0.091846466
0.199524,0.091846466
0.199526,0.091846466
0.199528,0.091846466
0.19953,0.091846466
0.199532,0.091846466
0.199534,0.091846466
0.199536,0.091846466
0.19953799,0.091846466
0.19954,0.091846466
0.199542,0.091846466
0.199544,0.091846466
0.199546,0.091846466
0.199548,0.091846466
0.19955,0.091846466
0.199552,0.091846466
0.199554,0.091846466
0.199556,0.091846466
0.199558,0.091846466
0.19956,0.091846466
0.199562,0.091846466
0.199564,0.091846466
0.199566,0.091846466
0.199568,0.091846466
0.19957,0.091846466
0.199572,0.091846466
0.199574,0.091846466
0.199576,0.091846466
0.199578,0.091846466
0.19958,0.091846466
0.199582,0.091846466
0.19958399,0.091846466
0.199586,0.091846466
0.199588,0.091846466
0.19959,0.091846466
0.199592,0.091846466
0.199594,0.091846466
0.199596,0.091846466
0.199598,0.091846466
0.1996,0.091846466
0.199602,0.091846466
0.199604,0.091846466
0.199606,0.091846466
0.199608,0.091846466
0.19961,0.091846466
0.199612,0.091846466
0.199614,0.091846466
0.199616,0.091846466
0.199618,0.091846466
0.19962,0.091846466
0.199622,0.091846466
0.199624,0.091846466
0.199626,0.091846466
0.199628,1.1089368
0.19962999,1.3400936
0.199632,1.3863249
0.199634,1.3863249
0.199636,1.3863249
0.199638,1.3863249
0.19964,1.3863249
0.199642,1.3863249
0.199644,1.3863249
0.199646,1.3863249
0.199648,1.3863249
0.19965,1.3863249
0.199652,1.3863249
0.199654,1.3863249
0.199656,1.3863249
0.199658,1.3863249
0.19966,1.3863249
0.199662,1.3863249
0.199664,1.3863249
0.199666,1.3863249
0.199668,1.3863249
0.19967,1.3863249
0.199672,1.3863249
0.199674,1.3863249
0.19967599,1.3863249
0.199678,1.3863249
0.19968,1.3863249
0.199682,1.3863249
0.199684,1.3863249
0.199686,1.3863249
0.199688,1.3863249
0.19969,1.3863249
0.199692,1.3863249
0.199694,1.3863249
0.199696,1.3863249
0.199698,1.3863249
0.1997,1.3863249
0.199702,1.3863249
0.199704,1.3863249
0.199706,1.3863249
0.199708,1.3863249
0.19971,1.3863249
0.199712,1.3863249
0.199714,1.3863249
0.199716,1.3863249
0.199718,1.3863249
0.19972,1.3863249
0.199722,1.3863249
0.199724,1.3863249
0.199726,1.3863249
0.199728,1.3863249
0.19973,1.3863249
0.199732,1.3863249
0.199734,1.3863249
0.199736,1.3863249
0.199738,1.3863249
0.19974,1.3863249
0.199742,1.3863249
0.199744,1.3863249
0.199746,1.3863249
0.199748,1.3863249
0.19975,1.3863249
0.199752,1.3863249
0.199754,1.3863249
0.199756,1.3863249
0.199758,1.3863249
0.19976,1.3863249
0.199762,1.3863249
0.199764,1.3863249
0.199766,1.3863249
0.199768,1.3863249
0.19977,1.3863249
0.199772,1.3863249
0.199774,1.3863249
0.199776,1.3863249
0.199778,1.3863249
0.19978,1.3863249
0.199782,1.3863249
0.199784,1.3863249
0.19978599,1.3863249
0.199788,1.3863249
0.19979,1.3863249
0.199792,1.3863249
0.199794,1.3863249
0.199796,1.3863249
0.199798,1.3863249
0.1998,1.3863249
0.199802,1.3863249
0.199804,1.3863249
0.199806,1.3863249
0.199808,1.3863249
0.19981,1.3863249
0.199812,1.3863249
0.199814,1.3863249
0.199816,1.3863249
0.199818,1.3863249
0.19982,1.3863249
0.199822,1.3863249
0.199824,1.3863249
0.199826,1.3863249
0.199828,1.3863249
0.19983,1.3863249
0.19983199,1.3863249
0.199834,1.3863249
0.199836,1.3863249
0.199838,1.3863249
0.19984,1.3863249
0.199842,1.3863249
0.199844,1.3863249
0.199846,1.3863249
0.199848,1.3863249
0.19985,1.3863249
0.199852,1.3863249
0.199854,1.3863249
0.199856,1.3863249
0.199858,1.3863249
0.19986,1.3863249
0.199862,1.3863249
0.199864,1.3863249
0.199866,1.3863249
0.199868,1.3863249
0.19987,1.3863249
0.199872,1.3863249
0.199874,1.3863249
0.199876,1.3863249
0.19987799,1.3863249
0.19988,1.3863249
0.199882,1.3863249
0.199884,1.3863249
0.199886,1.3863249
0.199888,1.3863249
0.19989,1.3863249
0.199892,1.3863249
0.199894,1.3863249
0.199896,1.3863249
0.199898,1.3863249
0.1999,1.3863249
0.199902,1.3863249
0.199904,1.3863249
0.199906,1.3863249
0.199908,1.3863249
0.19991,1.3863249
0.199912,1.3863249
0.199914,1.3863249
0.199916,1.3863249
0.199918,1.3863249
0.19992,1.3863249
0.199922,1.3863249
0.19992399,1.3863249
0.199926,1.3863249
0.199928,1.3863249
0.19993,1.3863249
0.199932,1.3863249
0.199934,1.3863249
0.199936,1.3863249
0.199938,1.3863249
0.19994,1.3863249
0.199942,1.3863249
0.199944,1.3863249
0.199946,1.3863249
0.199948,1.3863249
0.19995,1.3863249
0.199952,1.3863249
0.199954,1.3863249
0.199956,1.3863249
0.199958,1.3863249
0.19996,1.3863249
0.199962,1.3863249
0.199964,1.3863249
0.199966,1.3863249
0.199968,1.3863249
0.19997,1.3863249
0.199972,1.3863249
0.199974,1.3863249
0.199976,1.3863249
0.199978,1.3863249
0.19998,1.3863249
0.199982,2.357184
0.199984,2.6345725
0.199986,2.6345725
0.199988,2.6345725
0.19999,2.6345725
0.199992,2.6345725
0.199994,2.6345725
0.199996,2.6345725
0.199998,2.6345725
